Velocities
0	0	0	0	0	0	0	0	0	0	0	0	0	0	0	0	0	0	
1	0	0	1	0	0	1	0	0	1	0	0	1	0	0	1	0	0	
2	0	0	2	0	0	2	0	0	2	0	0	2	0	0	2	0	0	
3	-0.00256495	0	3	0.00318971	0	3	0.00415272	0	3	-0	0	3	0.00728576	0	3	0.0386036	0	
4	-0.00254645	0	4	0.00311902	0	4	0.00397432	0	4	-0	0	4	0.00693336	0	4	0.0376683	0	
5	-0.00259373	0	5	0.00286679	0	5	0.00362416	0	5	-0	0	5	0.00761844	0	5	0.0359462	0	
6	-0.002541	0	6	0.00247039	0	6	0.00328787	0	6	-0	0	6	0.00826005	0	6	0.0340041	0	
7	-0.00257207	0	7	0.00269623	0	7	0.00252727	0	7	-0	0	7	0.0101844	0	7	0.0343312	0	
8	-0.00246384	0	8	0.00307524	0	8	0.0021783	0	8	-0	0	8	0.00953599	0	8	0.0341829	0	
9	-0.00223531	0	9	0.00301589	0	9	0.00232503	0	9	-0	0	9	0.00779879	0	9	0.0319191	0	
10	-0.00198356	0	10	0.00286433	0	10	0.0023782	0	10	-0	0	10	0.00573687	0	10	0.0300692	0	
11	-0.00209545	0	11	0.00284601	0	11	0.00229515	0	11	-0	0	11	0.00660771	0	11	0.0306783	0	
12	-0.00194631	0	12	0.00314941	0	12	0.00196647	0	12	-0	0	12	0.00625263	0	12	0.0303468	0	
13	-0.00190061	0	13	0.0032947	0	13	0.0017767	0	13	-0	0	13	0.00637205	0	13	0.0302866	0	
14	-0.0018372	0	14	0.00321468	0	14	0.0015978	0	14	-0	0	14	0.00686439	0	14	0.0295971	0	
15	-0.00183898	0	15	0.00321518	0	15	0.00133305	0	15	-0	0	15	0.00700648	0	15	0.0285872	0	
16	-0.00169585	0	16	0.00317507	0	16	0.00113399	0	16	-0	0	16	0.00704569	0	16	0.0271919	0	
17	-0.00160232	0	17	0.00307981	0	17	0.000892949	0	17	-0	0	17	0.00672224	0	17	0.027389	0	
18	-0.00167522	0	18	0.00317676	0	18	0.000302492	0	18	-0	0	18	0.00869786	0	18	0.0285585	0	
19	-0.00154235	0	19	0.00316566	0	19	-4.73548e-06	0	19	-0	0	19	0.00930989	0	19	0.0264822	0	
20	-0.00139085	0	20	0.00285831	0	20	5.29661e-05	0	20	-0	0	20	0.00827253	0	20	0.0242755	0	
21	-0.00127963	0	21	0.00256885	0	21	0.000225852	0	21	-0	0	21	0.00721595	0	21	0.0228274	0	
22	-0.00119058	0	22	0.00215285	0	22	0.000236551	0	22	-0	0	22	0.00696785	0	22	0.0207042	0	
23	-0.00119734	0	23	0.00192689	0	23	0.000221041	0	23	-0	0	23	0.00706677	0	23	0.0194096	0	
24	-0.0014322	0	24	0.00305987	0	24	-0.000306669	0	24	-0	0	24	0.00844803	0	24	0.0244542	0	
25	-0.00139218	0	25	0.00369824	0	25	-0.000912113	0	25	-0	0	25	0.0109512	0	25	0.0254021	0	
26	-0.00123187	0	26	0.00380376	0	26	-0.00112715	0	26	-0	0	26	0.0113403	0	26	0.0239873	0	
27	-0.000956321	0	27	0.00282288	0	27	-0.000787601	0	27	-0	0	27	0.00965603	0	27	0.0191576	0	
28	-0.000701523	0	28	0.00232662	0	28	-7.76619e-05	0	28	-0	0	28	0.00459187	0	28	0.0175654	0	
29	-0.000979406	0	29	0.00200577	0	29	0.000276904	0	29	-0	0	29	0.00436546	0	29	0.0172984	0	
30	-0.000999655	0	30	0.00201787	0	30	0.000336707	0	30	-0	0	30	0.00434396	0	30	0.0172448	0	
31	-0.000793304	0	31	0.00198709	0	31	0.000304109	0	31	-0	0	31	0.00281618	0	31	0.0158697	0	
32	-0.000879277	0	32	0.00199812	0	32	0.000160822	0	32	-0	0	32	0.00410377	0	32	0.0160349	0	
33	-0.000828347	0	33	0.00206464	0	33	5.85743e-05	0	33	-0	0	33	0.0045631	0	33	0.0157983	0	
34	-0.000809348	0	34	0.00184681	0	34	0.000104678	0	34	-0	0	34	0.00447214	0	34	0.0147318	0	
35	-0.000771145	0	35	0.00179063	0	35	-0.000106425	0	35	-0	0	35	0.00428663	0	35	0.0133586	0	
36	-0.00070357	0	36	0.00183203	0	36	-0.000648622	0	36	-0	0	36	0.00589753	0	36	0.0136115	0	
37	-0.000576956	0	37	0.0018712	0	37	-0.000630722	0	37	-0	0	37	0.00482388	0	37	0.0128314	0	
38	-0.000594158	0	38	0.00174715	0	38	0.000223843	0	38	-0	0	38	0.0027851	0	38	0.0125069	0	
39	-0.000464669	0	39	0.00176705	0	39	0.00045926	0	39	-0	0	39	0.000718016	0	39	0.0120293	0	
40	-0.000652132	0	40	0.0014719	0	40	0.000148905	0	40	-0	0	40	0.00286437	0	40	0.0113135	0	
41	-0.000536409	0	41	0.00184594	0	41	-0.00045428	0	41	-0	0	41	0.00322278	0	41	0.0126258	0	
42	-0.00041588	0	42	0.00169824	0	42	-0.000470388	0	42	-0	0	42	0.00296522	0	42	0.0109718	0	
43	-0.000358224	0	43	0.00165453	0	43	-0.000456973	0	43	-0	0	43	0.00262907	0	43	0.010427	0	
44	-0.000385555	0	44	0.00159863	0	44	-0.000392192	0	44	-0	0	44	0.00268155	0	44	0.0102683	0	
45	-0.00034042	0	45	0.00144836	0	45	-0.000294262	0	45	-0	0	45	0.00224797	0	45	0.00949771	0	
46	-0.000377633	0	46	0.00139222	0	46	-0.000269208	0	46	-0	0	46	0.00218822	0	46	0.00945409	0	
47	-0.000382385	0	47	0.00127274	0	47	-0.000262124	0	47	-0	0	47	0.00234542	0	47	0.00878383	0	
48	-0.000475792	0	48	0.00113434	0	48	-0.000130497	0	48	-0	0	48	0.00248593	0	48	0.00819232	0	
49	0	0	49	0	0	49	0	0	49	0	0	49	0	0	49	0	0	
50	0	0	50	0	0	50	0	0	50	0	0	50	0	0	50	0	0	
51	0	0	51	0	0	51	0	0	51	0	0	51	0	0	51	0	0	
52	0	0	52	0	0	52	0	0	52	0	0	52	0	0	52	0	0	
53	0	0	53	0	0	53	0	0	53	0	0	53	0	0	53	0	0	
54	-0.000354087	0	54	0.00143967	0	54	-0.000386409	0	54	-0	0	54	0.00248383	0	54	0.00906127	0	
55	-0.000337315	0	55	0.00146269	0	55	-0.000395944	0	55	-0	0	55	0.00257604	0	55	0.00884116	0	
56	-0.000332049	0	56	0.00121681	0	56	-0.000176213	0	56	-0	0	56	0.00218064	0	56	0.00760571	0	
57	-0.000340223	0	57	0.00124241	0	57	-0.000249038	0	57	-0	0	57	0.0021795	0	57	0.00811026	0	
58	-0.000257045	0	58	0.00110726	0	58	-0.000340304	0	58	-0	0	58	0.00193863	0	58	0.00715115	0	
59	-0.000335306	0	59	0.000958125	0	59	-0.000391729	0	59	-0	0	59	0.0030713	0	59	0.00617176	0	
60	0	0	60	0	0	60	0	0	60	0	0	60	0	0	60	0	0	
61	-0.000309068	0	61	0.000812735	0	61	-0.000330392	0	61	-0	0	61	0.00255846	0	61	0.00579382	0	
62	-0.000254662	0	62	0.000888477	0	62	-0.000343418	0	62	-0	0	62	0.00190772	0	62	0.00613962	0	
63	-0.000208353	0	63	0.00082797	0	63	-0.000345295	0	63	-0	0	63	0.00163592	0	63	0.00551469	0	
64	-0.000243749	0	64	0.000781448	0	64	-0.000382138	0	64	-0	0	64	0.00228684	0	64	0.00513802	0	
65	-0.000197419	0	65	0.000757111	0	65	-0.000378721	0	65	-0	0	65	0.00169603	0	65	0.0050681	0	
66	-0.000198055	0	66	0.000714044	0	66	-0.000338797	0	66	-0	0	66	0.00175763	0	66	0.00503492	0	
67	-0.000283529	0	67	0.000458357	0	67	-0.000307673	0	67	-0	0	67	0.0028184	0	67	0.00409046	0	
68	0	0	68	0	0	68	0	0	68	0	0	68	0	0	68	0	0	
69	0	0	69	0	0	69	0	0	69	0	0	69	0	0	69	0	0	
70	0	0	70	0	0	70	0	0	70	0	0	70	0	0	70	0	0	
71	0	0	71	0	0	71	0	0	71	0	0	71	0	0	71	0	0	
72	0	0	72	0	0	72	0	0	72	0	0	72	0	0	72	0	0	
73	0	0	73	0	0	73	0	0	73	0	0	73	0	0	73	0	0	
74	0	0	74	0	0	74	0	0	74	0	0	74	0	0	74	0	0	
75	0	0	75	0	0	75	0	0	75	0	0	75	0	0	75	0	0	
76	0	0	76	0	0	76	0	0	76	0	0	76	0	0	76	0	0	
77	0	0	77	0	0	77	0	0	77	0	0	77	0	0	77	0	0	
78	0	0	78	0	0	78	0	0	78	0	0	78	0	0	78	0	0	
79	0	0	79	0	0	79	0	0	79	0	0	79	0	0	79	0	0	
80	0	0	80	0	0	80	0	0	80	0	0	80	0	0	80	0	0	
81	0	0	81	0	0	81	0	0	81	0	0	81	0	0	81	0	0	
82	0	0	82	0	0	82	0	0	82	0	0	82	0	0	82	0	0	
83	0	0	83	0	0	83	0	0	83	0	0	83	0	0	83	0	0	
84	0	0	84	0	0	84	0	0	84	0	0	84	0	0	84	0	0	
85	0	0	85	0	0	85	0	0	85	0	0	85	0	0	85	0	0	
86	0	0	86	0	0	86	0	0	86	0	0	86	0	0	86	0	0	
87	0	0	87	0	0	87	0	0	87	0	0	87	0	0	87	0	0	
88	0	0	88	0	0	88	0	0	88	0	0	88	0	0	88	0	0	
89	0	0	89	0	0	89	0	0	89	0	0	89	0	0	89	0	0	
90	0	0	90	0	0	90	0	0	90	0	0	90	0	0	90	0	0	
91	0	0	91	0	0	91	0	0	91	0	0	91	0	0	91	0	0	
92	0	0	92	0	0	92	0	0	92	0	0	92	0	0	92	0	0	
93	0	0	93	0	0	93	0	0	93	0	0	93	0	0	93	0	0	
94	0	0	94	0	0	94	0	0	94	0	0	94	0	0	94	0	0	
95	0	0	95	0	0	95	0	0	95	0	0	95	0	0	95	0	0	
96	0	0	96	0	0	96	0	0	96	0	0	96	0	0	96	0	0	
97	0	0	97	0	0	97	0	0	97	0	0	97	0	0	97	0	0	
98	0	0	98	0	0	98	0	0	98	0	0	98	0	0	98	0	0	
99	0	0	99	0	0	99	0	0	99	0	0	99	0	0	99	0	0	
100	0	0	100	0	0	100	0	0	100	0	0	100	0	0	100	0	0	
101	0	0	101	0	0	101	0	0	101	0	0	101	0	0	101	0	0	
102	0	0	102	0	0	102	0	0	102	0	0	102	0	0	102	0	0	
103	0	0	103	0	0	103	0	0	103	0	0	103	0	0	103	0	0	
104	0	0	104	0	0	104	0	0	104	0	0	104	0	0	104	0	0	
105	0	0	105	0	0	105	0	0	105	0	0	105	0	0	105	0	0	
106	0	0	106	0	0	106	0	0	106	0	0	106	0	0	106	0	0	
107	0	0	107	0	0	107	0	0	107	0	0	107	0	0	107	0	0	
108	0	0	108	0	0	108	0	0	108	0	0	108	0	0	108	0	0	
109	0	0	109	0	0	109	0	0	109	0	0	109	0	0	109	0	0	
110	0	0	110	0	0	110	0	0	110	0	0	110	0	0	110	0	0	
111	0	0	111	0	0	111	0	0	111	0	0	111	0	0	111	0	0	
112	0	0	112	0	0	112	0	0	112	0	0	112	0	0	112	0	0	
113	0	0	113	0	0	113	0	0	113	0	0	113	0	0	113	0	0	
114	0	0	114	0	0	114	0	0	114	0	0	114	0	0	114	0	0	
115	0	0	115	0	0	115	0	0	115	0	0	115	0	0	115	0	0	
116	0	0	116	0	0	116	0	0	116	0	0	116	0	0	116	0	0	
117	0	0	117	0	0	117	0	0	117	0	0	117	0	0	117	0	0	
118	0	0	118	0	0	118	0	0	118	0	0	118	0	0	118	0	0	
119	0	0	119	0	0	119	0	0	119	0	0	119	0	0	119	0	0	
120	0	0	120	0	0	120	0	0	120	0	0	120	0	0	120	0	0	
121	0	0	121	0	0	121	0	0	121	0	0	121	0	0	121	0	0	
122	0	0	122	0	0	122	0	0	122	0	0	122	0	0	122	0	0	
123	0	0	123	0	0	123	0	0	123	0	0	123	0	0	123	0	0	
124	0.000526607	0	124	-0.00812878	0	124	0.000683924	0	124	-0	0	124	-0.000112049	0	124	-0.0357657	0	
125	0.000739427	0	125	-0.010002	0	125	-6.03711e-05	0	125	-0	0	125	0.00409951	0	125	-0.0463325	0	
126	0.000643988	0	126	-0.0116484	0	126	0.00014831	0	126	-0	0	126	0.00296552	0	126	-0.0523343	0	
127	0.000757126	0	127	-0.0126065	0	127	0.000332074	0	127	-0	0	127	0.000583083	0	127	-0.0579048	0	
128	0.000502695	0	128	-0.0130799	0	128	0.000900135	0	128	-0	0	128	-0.00116258	0	128	-0.0579381	0	
129	0.000655228	0	129	-0.0123949	0	129	0.00081148	0	129	-0	0	129	-0.000609545	0	129	-0.0551519	0	
130	0.00112784	0	130	-0.0124066	0	130	0.000411949	0	130	-0	0	130	-1.6843e-05	0	130	-0.0583736	0	
131	0.00116832	0	131	-0.0133617	0	131	0.000683799	0	131	-0	0	131	-0.000475601	0	131	-0.0627695	0	
132	0.00125434	0	132	-0.0134897	0	132	0.000274378	0	132	-0	0	132	0.00130107	0	132	-0.0635364	0	
133	0.00127972	0	133	-0.0137382	0	133	9.82303e-05	0	133	-0	0	133	0.00145455	0	133	-0.0647907	0	
134	0.00126564	0	134	-0.0137952	0	134	-0.000233387	0	134	-0	0	134	0.00310403	0	134	-0.0646503	0	
135	0.00140244	0	135	-0.013939	0	135	-0.000662779	0	135	-0	0	135	0.00619994	0	135	-0.0666786	0	
136	0.00169196	0	136	-0.0149557	0	136	-0.000790635	0	136	-0	0	136	0.00447536	0	136	-0.0719558	0	
137	0.00171981	0	137	-0.0163705	0	137	-0.000731171	0	137	-0	0	137	0.00541898	0	137	-0.0783539	0	
138	0.001466	0	138	-0.0168516	0	138	-0.000855402	0	138	-0	0	138	0.00814047	0	138	-0.0795767	0	
139	0.00172198	0	139	-0.0161554	0	139	-0.00102195	0	139	-0	0	139	0.00682037	0	139	-0.0762448	0	
140	0.0017522	0	140	-0.0157208	0	140	-0.0012177	0	140	-0	0	140	0.00889672	0	140	-0.0757256	0	
141	0.0017003	0	141	-0.0149007	0	141	-0.00102272	0	141	-0	0	141	0.0086197	0	141	-0.0719265	0	
142	0.00175001	0	142	-0.0138649	0	142	-0.00103482	0	142	-0	0	142	0.00967515	0	142	-0.0672838	0	
143	0.00183134	0	143	-0.0131194	0	143	-0.00086251	0	143	-0	0	143	0.00797404	0	143	-0.063404	0	
144	0.00200968	0	144	-0.0122581	0	144	-0.000918615	0	144	-0	0	144	0.00641576	0	144	-0.0590569	0	
145	0.00158913	0	145	-0.010564	0	145	-9.8423e-05	0	145	-0	0	145	0.00646403	0	145	-0.0496639	0	
146	0.00114482	0	146	-0.00630371	0	146	3.84743e-05	0	146	-0	0	146	0.00416408	0	146	-0.0266285	0	
147	0.000801917	0	147	-0.0020656	0	147	-0.00036404	0	147	-0	0	147	0.00364626	0	147	-0.00548653	0	
148	0.000185336	0	148	0.00236637	0	148	-0.00153683	0	148	-0	0	148	0.00927362	0	148	0.0180287	0	
149	-0.000795574	0	149	0.00479468	0	149	-0.00129741	0	149	-0	0	149	0.00760058	0	149	0.0342425	0	
150	-0.00115532	0	150	0.00688786	0	150	-0.00136949	0	150	-0	0	150	0.00603857	0	150	0.0443847	0	
151	-0.00186825	0	151	0.0100268	0	151	-0.00198716	0	151	-0	0	151	0.00688238	0	151	0.0601183	0	
152	-0.00256431	0	152	0.0133708	0	152	-0.00298731	0	152	-0	0	152	0.0093996	0	152	0.0751268	0	
153	-0.00275602	0	153	0.0152029	0	153	-0.00335386	0	153	-0	0	153	0.00948476	0	153	0.0816795	0	
154	-0.00282958	0	154	0.0161085	0	154	-0.00361971	0	154	-0	0	154	0.0091476	0	154	0.0853665	0	
155	-0.00323575	0	155	0.0169373	0	155	-0.00375844	0	155	-0	0	155	0.0110403	0	155	0.0906314	0	
156	-0.00350663	0	156	0.018407	0	156	-0.00421104	0	156	-0	0	156	0.0115686	0	156	0.0971967	0	
157	-0.00344613	0	157	0.0185145	0	157	-0.0040548	0	157	-0	0	157	0.0113776	0	157	0.0974626	0	
158	-0.0035228	0	158	0.0187272	0	158	-0.00401081	0	158	-0	0	158	0.0111353	0	158	0.0983365	0	
159	-0.00332403	0	159	0.0184171	0	159	-0.00378041	0	159	-0	0	159	0.0109785	0	159	0.096406	0	
160	-0.00286828	0	160	0.0179318	0	160	-0.00342197	0	160	-0	0	160	0.00830305	0	160	0.0925698	0	
161	-0.00310354	0	161	0.0179293	0	161	-0.00321216	0	161	-0	0	161	0.00798566	0	161	0.0943142	0	
162	-0.0031229	0	162	0.0182667	0	162	-0.00336065	0	162	-0	0	162	0.00893369	0	162	0.0950107	0	
163	-0.00282875	0	163	0.0180943	0	163	-0.00308536	0	163	-0	0	163	0.00687362	0	163	0.0936358	0	
164	-0.00282586	0	164	0.0185719	0	164	-0.00317682	0	164	-0	0	164	0.00757365	0	164	0.0953461	0	
165	-0.00260996	0	165	0.0179916	0	165	-0.00282632	0	165	-0	0	165	0.00651132	0	165	0.092776	0	
166	-0.00260404	0	166	0.0181956	0	166	-0.00274309	0	166	-0	0	166	0.00617732	0	166	0.0946026	0	
167	-0.00304705	0	167	0.0191888	0	167	-0.0034461	0	167	-0	0	167	0.010152	0	167	0.1	0	
168	-0.00286263	0	168	0.0198171	0	168	-0.0036648	0	168	-0	0	168	0.0101358	0	168	0.1	0	
169	-0.00228217	0	169	0.0188392	0	169	-0.00314554	0	169	-0	0	169	0.00751491	0	169	0.096263	0	
170	-0.00213609	0	170	0.0178165	0	170	-0.00263128	0	170	-0	0	170	0.00707141	0	170	0.0916201	0	
171	0	0	171	0	0	171	0	0	171	0	0	171	0	0	171	0	0	
172	0	0	172	0	0	172	0	0	172	0	0	172	0	0	172	0	0	
173	0	0	173	0	0	173	0	0	173	0	0	173	0	0	173	0	0	
174	0	0	174	0	0	174	0	0	174	0	0	174	0	0	174	0	0	
175	0	0	175	0	0	175	0	0	175	0	0	175	0	0	175	0	0	
176	0.00137237	0	176	-0.00585008	0	176	0.0018932	0	176	-0	0	176	-0.0123244	0	176	-0.021446	0	
177	0.00136074	0	177	-0.00574226	0	177	0.000862294	0	177	-0	0	177	-0.00696782	0	177	-0.0216746	0	
178	0.000907249	0	178	-0.00611749	0	178	0.000434125	0	178	-0	0	178	-0.00330104	0	178	-0.0224712	0	
179	0.00128258	0	179	-0.00682505	0	179	0.000338043	0	179	-0	0	179	-0.00480932	0	179	-0.0275134	0	
180	0.00122454	0	180	-0.00835478	0	180	0.000859638	0	180	-0	0	180	-0.00545764	0	180	-0.0338489	0	
181	0.00137485	0	181	-0.00932174	0	181	0.00137487	0	181	-0	0	181	-0.00819658	0	181	-0.037828	0	
182	0.00123736	0	182	-0.00906445	0	182	0.00143466	0	182	-0	0	182	-0.00686548	0	182	-0.0353338	0	
183	0.00127362	0	183	-0.00808428	0	183	0.00103876	0	183	-0	0	183	-0.00641759	0	183	-0.0327167	0	
184	0.0012058	0	184	-0.00767682	0	184	0.000883143	0	184	-0	0	184	-0.00521427	0	184	-0.0314566	0	
185	0.00120621	0	185	-0.00705279	0	185	0.000581745	0	185	-0	0	185	-0.00374528	0	185	-0.0289833	0	
186	0.00123123	0	186	-0.00677262	0	186	0.000530858	0	186	-0	0	186	-0.00356935	0	186	-0.027853	0	
187	0.00107696	0	187	-0.00644058	0	187	0.000572532	0	187	-0	0	187	-0.00245871	0	187	-0.0254698	0	
188	0.00106805	0	188	-0.006323	0	188	0.000516247	0	188	-0	0	188	-0.00201397	0	188	-0.0251429	0	
189	0.00114019	0	189	-0.00529406	0	189	0.000466686	0	189	-0	0	189	-0.0030115	0	189	-0.0205021	0	
190	0.00123272	0	190	-0.00476215	0	190	0.000527398	0	190	-0	0	190	-0.00364957	0	190	-0.0194819	0	
191	0.0014481	0	191	-0.00466387	0	191	0.0013983	0	191	-0	0	191	-0.00740409	0	191	-0.0182086	0	
192	0.00120749	0	192	-0.00455198	0	192	0.00150547	0	192	-0	0	192	-0.00787847	0	192	-0.0154258	0	
193	0.000742668	0	193	-0.00285149	0	193	0.000884865	0	193	-0	0	193	-0.00597435	0	193	-0.00777277	0	
194	0.000959903	0	194	-0.0020681	0	194	0.000458229	0	194	-0	0	194	-0.00562346	0	194	-0.00557018	0	
195	0.00108877	0	195	-0.00117048	0	195	0.000203176	0	195	-0	0	195	-0.00567687	0	195	0.000663712	0	
196	0.00112659	0	196	-0.00161538	0	196	0.000202346	0	196	-0	0	196	-0.00487593	0	196	-0.0040802	0	
197	0.00118607	0	197	-0.00256589	0	197	0.000777216	0	197	-0	0	197	-0.00732098	0	197	-0.00740642	0	
198	0.000877997	0	198	-0.00260542	0	198	0.000557745	0	198	-0	0	198	-0.00551798	0	198	-0.00627089	0	
199	0.000617913	0	199	-0.00234405	0	199	8.23726e-05	0	199	-0	0	199	-0.00361532	0	199	-0.005185	0	
200	0.00065276	0	200	-0.0018628	0	200	3.02925e-05	0	200	-0	0	200	-0.00280164	0	200	-0.00343408	0	
201	0.00100142	0	201	-0.00234192	0	201	0.000831778	0	201	-0	0	201	-0.00658953	0	201	-0.00697694	0	
202	0.000718429	0	202	-0.00172127	0	202	0.000836256	0	202	-0	0	202	-0.00748966	0	202	-0.00311868	0	
203	0.000739703	0	203	-0.00156139	0	203	0.000758274	0	203	-0	0	203	-0.00677289	0	203	-0.00322464	0	
204	0.000787192	0	204	-0.00100216	0	204	0.000818881	0	204	-0	0	204	-0.00705462	0	204	-0.00082023	0	
205	0.000642211	0	205	-0.000961802	0	205	0.000761048	0	205	-0	0	205	-0.0065127	0	205	-0.00136476	0	
206	0.000566949	0	206	-0.00104675	0	206	0.00055232	0	206	-0	0	206	-0.00522792	0	206	-0.00188337	0	
207	0.000589715	0	207	-0.0010682	0	207	0.000594158	0	207	-0	0	207	-0.00515335	0	207	-0.00219138	0	
208	0.000812992	0	208	-0.00170871	0	208	0.00061971	0	208	-0	0	208	-0.00664887	0	208	-0.00494343	0	
209	0.000422162	0	209	-0.00118813	0	209	0.000551505	0	209	-0	0	209	-0.00420802	0	209	-1.90497e-05	0	
210	0.00041925	0	210	-0.000886592	0	210	0.000369809	0	210	-0	0	210	-0.00349413	0	210	-0.000473247	0	
211	0.000474023	0	211	-0.000590381	0	211	0.000414028	0	211	-0	0	211	-0.0042294	0	211	0.000744017	0	
212	0.000425199	0	212	-0.000155963	0	212	0.0004424	0	212	-0	0	212	-0.00467537	0	212	0.00242657	0	
213	0.000373762	0	213	0.000836839	0	213	0.00053937	0	213	-0	0	213	-0.0053114	0	213	0.00685295	0	
214	-0.000153283	0	214	0.00357278	0	214	0.000369508	0	214	-0	0	214	-0.00371536	0	214	0.0215217	0	
215	-0.000786873	0	215	0.00824915	0	215	-0.00144867	0	215	-0	0	215	0.00394586	0	215	0.0411901	0	
216	-0.00157628	0	216	0.0125135	0	216	-0.00269419	0	216	-0	0	216	0.00787488	0	216	0.0619142	0	
217	-0.00230917	0	217	0.0160958	0	217	-0.00372882	0	217	-0	0	217	0.0111037	0	217	0.0796441	0	
218	-0.00256829	0	218	0.0175421	0	218	-0.00386369	0	218	-0	0	218	0.011481	0	218	0.086496	0	
219	-0.00293738	0	219	0.0187653	0	219	-0.00434033	0	219	-0	0	219	0.0145756	0	219	0.093498	0	
220	-0.00289243	0	220	0.0194803	0	220	-0.00463784	0	220	-0	0	220	0.0147739	0	220	0.0964524	0	
221	-0.00325543	0	221	0.0205936	0	221	-0.00474564	0	221	-0	0	221	0.0155174	0	221	0.1	0	
222	-0.00351843	0	222	0.0217576	0	222	-0.00533902	0	222	-0	0	222	0.0183674	0	222	0.1	0	
223	0	0	223	0	0	223	0	0	223	0	0	223	0	0	223	0	0	
224	0	0	224	0	0	224	0	0	224	0	0	224	0	0	224	0	0	
225	0	0	225	0	0	225	0	0	225	0	0	225	0	0	225	0	0	
226	0	0	226	0	0	226	0	0	226	0	0	226	0	0	226	0	0	
227	0	0	227	0	0	227	0	0	227	0	0	227	0	0	227	0	0	
228	0	0	228	0	0	228	0	0	228	0	0	228	0	0	228	0	0	
229	0	0	229	0	0	229	0	0	229	0	0	229	0	0	229	0	0	
230	0	0	230	0	0	230	0	0	230	0	0	230	0	0	230	0	0	
231	0	0	231	0	0	231	0	0	231	0	0	231	0	0	231	0	0	
232	0	0	232	0	0	232	0	0	232	0	0	232	0	0	232	0	0	
233	0	0	233	0	0	233	0	0	233	0	0	233	0	0	233	0	0	
234	0	0	234	0	0	234	0	0	234	0	0	234	0	0	234	0	0	
235	0	0	235	0	0	235	0	0	235	0	0	235	0	0	235	0	0	
236	0	0	236	0	0	236	0	0	236	0	0	236	0	0	236	0	0	
237	0	0	237	0	0	237	0	0	237	0	0	237	0	0	237	0	0	
238	0	0	238	0	0	238	0	0	238	0	0	238	0	0	238	0	0	
239	0	0	239	0	0	239	0	0	239	0	0	239	0	0	239	0	0	
240	0	0	240	0	0	240	0	0	240	0	0	240	0	0	240	0	0	
241	0	0	241	0	0	241	0	0	241	0	0	241	0	0	241	0	0	
242	0	0	242	0	0	242	0	0	242	0	0	242	0	0	242	0	0	
243	0	0	243	0	0	243	0	0	243	0	0	243	0	0	243	0	0	
244	0	0	244	0	0	244	0	0	244	0	0	244	0	0	244	0	0	
245	0	0	245	0	0	245	0	0	245	0	0	245	0	0	245	0	0	
246	0	0	246	0	0	246	0	0	246	0	0	246	0	0	246	0	0	
247	0	0	247	0	0	247	0	0	247	0	0	247	0	0	247	0	0	
248	0	0	248	0	0	248	0	0	248	0	0	248	0	0	248	0	0	
249	0	0	249	0	0	249	0	0	249	0	0	249	0	0	249	0	0	
250	0.00126741	0	250	-0.00491886	0	250	0.00178015	0	250	-0	0	250	-0.0142169	0	250	-0.019281	0	
251	0.00148577	0	251	-0.00775223	0	251	0.00174468	0	251	-0	0	251	-0.0138659	0	251	-0.0326717	0	
252	0.00127169	0	252	-0.00879711	0	252	0.00168422	0	252	-0	0	252	-0.0123207	0	252	-0.036426	0	
253	0.00122491	0	253	-0.00877928	0	253	0.00172422	0	253	-0	0	253	-0.0115704	0	253	-0.0365299	0	
254	0.00123718	0	254	-0.00953225	0	254	0.00195378	0	254	-0	0	254	-0.0128695	0	254	-0.0445424	0	
255	0.00127245	0	255	-0.00967119	0	255	0.0025576	0	255	-0	0	255	-0.0142177	0	255	-0.0417879	0	
256	0.00109688	0	256	-0.00933195	0	256	0.00192524	0	256	-0	0	256	-0.00946681	0	256	-0.0386064	0	
257	0.00106318	0	257	-0.0087343	0	257	0.00146315	0	257	-0	0	257	-0.00699945	0	257	-0.0365281	0	
258	0.0012935	0	258	-0.00789167	0	258	0.00182242	0	258	-0	0	258	-0.00974235	0	258	-0.0346491	0	
259	0.00130817	0	259	-0.00746353	0	259	0.00200629	0	259	-0	0	259	-0.0109802	0	259	-0.0331336	0	
260	0.00084681	0	260	-0.00681751	0	260	0.000788527	0	260	-0	0	260	-0.00383328	0	260	-0.0284821	0	
261	0.000908077	0	261	-0.00633731	0	261	9.66587e-05	0	261	-0	0	261	-0.000794748	0	261	-0.0270635	0	
262	0.00115094	0	262	-0.00595731	0	262	0.000910096	0	262	-0	0	262	-0.00439088	0	262	-0.0260183	0	
263	0.00126023	0	263	-0.00614178	0	263	0.00136225	0	263	-0	0	263	-0.00701103	0	263	-0.0287975	0	
264	0.00097728	0	264	-0.00569819	0	264	0.000558484	0	264	-0	0	264	-0.00293715	0	264	-0.0241731	0	
265	0.000753137	0	265	-0.00546244	0	265	-0.000184837	0	265	-0	0	265	0.000416262	0	265	-0.0229981	0	
266	0.000985293	0	266	-0.00483738	0	266	0.00111399	0	266	-0	0	266	-0.00463995	0	266	-0.0208293	0	
267	0.00107763	0	267	-0.00450752	0	267	0.0018811	0	267	-0	0	267	-0.00856346	0	267	-0.0196669	0	
268	0.000717054	0	268	-0.00456251	0	268	0.000737817	0	268	-0	0	268	-0.00281689	0	268	-0.0190284	0	
269	0.000721702	0	269	-0.00394063	0	269	0.00045657	0	269	-0	0	269	-0.0019929	0	269	-0.0162681	0	
270	0.00105505	0	270	-0.00369305	0	270	0.00145899	0	270	-0	0	270	-0.00652236	0	270	-0.0163164	0	
271	0.000940959	0	271	-0.00383746	0	271	0.00141928	0	271	-0	0	271	-0.00692675	0	271	-0.0159578	0	
272	0.000651097	0	272	-0.00344237	0	272	0.000960445	0	272	-0	0	272	-0.00476681	0	272	-0.0140849	0	
273	0.000928519	0	273	-0.00329173	0	273	0.0014503	0	273	-0	0	273	-0.0069964	0	273	-0.0141451	0	
274	0.00102938	0	274	-0.00384606	0	274	0.00196243	0	274	-0	0	274	-0.0100575	0	274	-0.0159059	0	
275	0.00102358	0	275	-0.00553526	0	275	0.00120994	0	275	-0	0	275	-0.00698593	0	275	-0.020928	0	
276	0.00185716	0	276	-0.00823376	0	276	0.000658741	0	276	-0	0	276	-0.0100862	0	276	-0.0257896	0	
277	0.00197848	0	277	-0.0105768	0	277	-0.000261569	0	277	-0	0	277	-0.00923935	0	277	-0.028011	0	
278	0.00192823	0	278	-0.0115807	0	278	-0.00233256	0	278	-0	0	278	-0.00473061	0	278	-0.0263694	0	
279	0.0021688	0	279	-0.0127071	0	279	-0.00358371	0	279	-0	0	279	-0.00194286	0	279	-0.0273635	0	
280	0.0020587	0	280	-0.0146126	0	280	-0.00354146	0	280	-0	0	280	-0.00165715	0	280	-0.0315627	0	
281	0.0027346	0	281	-0.0166542	0	281	-0.00334397	0	281	-0	0	281	-0.00598891	0	281	-0.0419614	0	
282	0.00321112	0	282	-0.0198255	0	282	-0.00250894	0	282	-0	0	282	-0.0089234	0	282	-0.0551571	0	
283	0.00312751	0	283	-0.0219384	0	283	-0.0015217	0	283	-0	0	283	-0.0106083	0	283	-0.0624342	0	
284	0.00297889	0	284	-0.0222676	0	284	-0.00115902	0	284	-0	0	284	-0.0125014	0	284	-0.0611081	0	
285	0.00311807	0	285	-0.0235089	0	285	-0.000634427	0	285	-0	0	285	-0.0137717	0	285	-0.0683756	0	
286	0.0031092	0	286	-0.0259525	0	286	0.00114005	0	286	-0	0	286	-0.0191866	0	286	-0.0786512	0	
287	0.00351496	0	287	-0.0264954	0	287	0.00183646	0	287	-0	0	287	-0.0238033	0	287	-0.0847303	0	
288	0.00135553	0	288	-0.02875	0	288	0.00267774	0	288	-0	0	288	-0.0137182	0	288	-0.0916407	0	
289	0.00139836	0	289	-0.027522	0	289	0.00226122	0	289	-0	0	289	-0.0106871	0	289	-0.0887176	0	
290	0.00337462	0	290	-0.0240262	0	290	0.00155414	0	290	-0	0	290	-0.0177969	0	290	-0.0757455	0	
291	0.00428367	0	291	-0.0216486	0	291	0.00129562	0	291	-0	0	291	-0.0156472	0	291	-0.0688741	0	
292	0.00492675	0	292	-0.0178564	0	292	0.000191525	0	292	-0	0	292	-0.0109899	0	292	-0.0546655	0	
293	0.00583011	0	293	-0.0111802	0	293	-0.00185358	0	293	-0	0	293	-0.00177629	0	293	-0.0276097	0	
294	0.00503223	0	294	-0.00501014	0	294	-0.00110856	0	294	-0	0	294	-0.00188199	0	294	-0.00334704	0	
295	0.00398333	0	295	-0.00109071	0	295	0.00121455	0	295	-0	0	295	-0.00702179	0	295	0.000512039	0	
296	0.00347341	0	296	0.00449961	0	296	0.0017218	0	296	-0	0	296	-0.00779155	0	296	0.0141073	0	
297	0	0	297	0	0	297	0	0	297	0	0	297	0	0	297	0	0	
298	0.00206405	0	298	0.0167224	0	298	0.00126321	0	298	-0	0	298	0.00178532	0	298	0.0400173	0	
299	0.00169734	0	299	0.0209253	0	299	0.00200151	0	299	-0	0	299	-0.000224572	0	299	0.0479803	0	
300	0.00167655	0	300	0.0244917	0	300	0.00195227	0	300	-0	0	300	0.00159573	0	300	0.0537926	0	
301	0.00129999	0	301	0.0278781	0	301	0.00165654	0	301	-0	0	301	0.00398612	0	301	0.0612861	0	
302	0.00113207	0	302	0.0303194	0	302	0.00168221	0	302	-0	0	302	0.00343956	0	302	0.0660344	0	
303	0.000549696	0	303	0.0332499	0	303	0.00194423	0	303	-0	0	303	0.00264442	0	303	0.0729992	0	
304	-0.000263815	0	304	0.0354265	0	304	0.00248846	0	304	-0	0	304	-0.00051291	0	304	0.0764752	0	
305	-0.00105462	0	305	0.0368459	0	305	0.00257087	0	305	-0	0	305	-0.000718019	0	305	0.07823	0	
306	-0.00128319	0	306	0.037629	0	306	0.00250297	0	306	-0	0	306	0.00129864	0	306	0.0833201	0	
307	-0.00135659	0	307	0.0380479	0	307	0.00278798	0	307	-0	0	307	-0.00293961	0	307	0.0872592	0	
308	-0.00135968	0	308	0.0375377	0	308	0.002673	0	308	-0	0	308	0.000672344	0	308	0.0881143	0	
309	-0.000597958	0	309	0.0362636	0	309	0.00240892	0	309	-0	0	309	-0.00112264	0	309	0.0827508	0	
310	1.13018e-05	0	310	0.035578	0	310	0.0015149	0	310	-0	0	310	0.000341836	0	310	0.0799006	0	
311	-0.000145147	0	311	0.0344434	0	311	0.00051941	0	311	-0	0	311	0.00982524	0	311	0.0781875	0	
312	0.000259591	0	312	0.031457	0	312	-0.000167099	0	312	-0	0	312	0.00628142	0	312	0.065649	0	
313	0.00154867	0	313	0.0287974	0	313	-0.00268004	0	313	-0	0	313	0.0128706	0	313	0.0572357	0	
314	0	0	314	0	0	314	0	0	314	0	0	314	0	0	314	0	0	
315	0	0	315	0	0	315	0	0	315	0	0	315	0	0	315	0	0	
316	0	0	316	0	0	316	0	0	316	0	0	316	0	0	316	0	0	
317	0	0	317	0	0	317	0	0	317	0	0	317	0	0	317	0	0	
318	0	0	318	0	0	318	0	0	318	0	0	318	0	0	318	0	0	
319	0	0	319	0	0	319	0	0	319	0	0	319	0	0	319	0	0	
320	0	0	320	0	0	320	0	0	320	0	0	320	0	0	320	0	0	
321	0	0	321	0	0	321	0	0	321	0	0	321	0	0	321	0	0	
322	0	0	322	0	0	322	0	0	322	0	0	322	0	0	322	0	0	
323	0	0	323	0	0	323	0	0	323	0	0	323	0	0	323	0	0	
324	0	0	324	0	0	324	0	0	324	0	0	324	0	0	324	0	0	
325	0	0	325	0	0	325	0	0	325	0	0	325	0	0	325	0	0	
326	0	0	326	0	0	326	0	0	326	0	0	326	0	0	326	0	0	
327	0	0	327	0	0	327	0	0	327	0	0	327	0	0	327	0	0	
328	0.0168016	0	328	-0.00288598	0	328	0.0233311	0	328	-0	0	328	-0.1	0	328	-0.0394229	0	
329	0.0177236	0	329	-0.00435587	0	329	0.0250939	0	329	-0	0	329	-0.1	0	329	-0.0407769	0	
330	0.0176348	0	330	-0.0045927	0	330	0.0253086	0	330	-0	0	330	-0.1	0	330	-0.0396108	0	
331	0.0179817	0	331	-0.00461547	0	331	0.026045	0	331	-0	0	331	-0.1	0	331	-0.0382118	0	
332	0.0181798	0	332	-0.00493402	0	332	0.0263573	0	332	-0	0	332	-0.1	0	332	-0.0389869	0	
333	0.0182069	0	333	-0.00550493	0	333	0.0263344	0	333	-0	0	333	-0.1	0	333	-0.040383	0	
334	0.0179913	0	334	-0.00609587	0	334	0.026169	0	334	-0	0	334	-0.1	0	334	-0.0411726	0	
335	0.0175907	0	335	-0.00662755	0	335	0.0259159	0	335	-0	0	335	-0.1	0	335	-0.0417333	0	
336	0.0174935	0	336	-0.0074357	0	336	0.0255021	0	336	-0	0	336	-0.1	0	336	-0.0434822	0	
337	0	0	337	0	0	337	0	0	337	0	0	337	0	0	337	0	0	
338	0	0	338	0	0	338	0	0	338	0	0	338	0	0	338	0	0	
339	0	0	339	0	0	339	0	0	339	0	0	339	0	0	339	0	0	
340	0	0	340	0	0	340	0	0	340	0	0	340	0	0	340	0	0	
341	0	0	341	0	0	341	0	0	341	0	0	341	0	0	341	0	0	
342	0	0	342	0	0	342	0	0	342	0	0	342	0	0	342	0	0	
343	0	0	343	0	0	343	0	0	343	0	0	343	0	0	343	0	0	
344	0.00266058	0	344	-0.00496807	0	344	0.00479676	0	344	-0	0	344	-0.0745921	0	344	-0.0263636	0	
345	-0.00131557	0	345	-0.00144507	0	345	0.000116018	0	345	-0	0	345	-0.0457337	0	345	-0.0169559	0	
346	-0.00443108	0	346	0.00193581	0	346	-0.00512607	0	346	-0	0	346	-0.0131382	0	346	-0.00404198	0	
347	-0.00534211	0	347	0.00105189	0	347	-0.00933712	0	347	-0	0	347	0.0107736	0	347	-0.00697453	0	
348	-0.00542327	0	348	-0.000813413	0	348	-0.0119145	0	348	-0	0	348	0.0223089	0	348	-0.011404	0	
349	-0.00548772	0	349	-0.00135373	0	349	-0.0138481	0	349	-0	0	349	0.0291567	0	349	-0.0116098	0	
350	-0.00528884	0	350	-0.00124392	0	350	-0.016408	0	350	-0	0	350	0.0420523	0	350	-0.00807431	0	
351	-0.00529968	0	351	-0.00120638	0	351	-0.0181566	0	351	-0	0	351	0.0528459	0	351	-0.00436313	0	
352	-0.00521489	0	352	-0.000704315	0	352	-0.0174967	0	352	-0	0	352	0.0503425	0	352	-0.00373566	0	
353	-0.00530215	0	353	-0.000750087	0	353	-0.0160997	0	353	-0	0	353	0.0454293	0	353	-0.00473044	0	
354	-0.00496899	0	354	-0.00102138	0	354	-0.0152065	0	354	-0	0	354	0.0445882	0	354	-0.0061914	0	
355	-0.0043716	0	355	-0.00130775	0	355	-0.0147048	0	355	-0	0	355	0.0455963	0	355	-0.00628863	0	
356	-0.00366509	0	356	-0.0012581	0	356	-0.0144508	0	356	-0	0	356	0.0468943	0	356	-0.00410375	0	
357	-0.00331581	0	357	-0.00123308	0	357	-0.0144929	0	357	-0	0	357	0.0488558	0	357	-0.00280433	0	
358	-0.00302635	0	358	-0.00106505	0	358	-0.0147986	0	358	-0	0	358	0.0514043	0	358	-0.0017609	0	
359	-0.00282732	0	359	-0.00072038	0	359	-0.0143465	0	359	-0	0	359	0.0490202	0	359	-0.00217889	0	
360	-0.00281281	0	360	-0.000966631	0	360	-0.0138837	0	360	-0	0	360	0.0486786	0	360	-0.00414964	0	
361	-0.00243964	0	361	-0.00155867	0	361	-0.0143678	0	361	-0	0	361	0.0532889	0	361	-0.00719418	0	
362	-0.00197332	0	362	-0.00172626	0	362	-0.015754	0	362	-0	0	362	0.0633241	0	362	-0.00783085	0	
363	-0.00152866	0	363	-0.000527506	0	363	-0.0170143	0	363	-0	0	363	0.0709038	0	363	-0.00329269	0	
364	-0.000588188	0	364	0.000428119	0	364	-0.0196838	0	364	-0	0	364	0.0845647	0	364	-0.00369694	0	
365	-7.67864e-05	0	365	0.00109305	0	365	-0.0205293	0	365	-0	0	365	0.0899957	0	365	-0.00293722	0	
366	0.000777134	0	366	0.00155397	0	366	-0.0218114	0	366	-0	0	366	0.0981669	0	366	-0.00237605	0	
367	0.00178635	0	367	0.000312087	0	367	-0.0227134	0	367	-0	0	367	0.1	0	367	-0.00724648	0	
368	0.00208206	0	368	-0.000220911	0	368	-0.0225955	0	368	-0	0	368	0.1	0	368	-0.00865157	0	
369	0.00218413	0	369	-0.000355613	0	369	-0.0227008	0	369	-0	0	369	0.1	0	369	-0.00903104	0	
370	0.0026008	0	370	-6.59441e-05	0	370	-0.0233038	0	370	-0	0	370	0.1	0	370	-0.00775112	0	
371	0	0	371	0	0	371	0	0	371	0	0	371	0	0	371	0	0	
372	0	0	372	0	0	372	0	0	372	0	0	372	0	0	372	0	0	
373	0	0	373	0	0	373	0	0	373	0	0	373	0	0	373	0	0	
374	0	0	374	0	0	374	0	0	374	0	0	374	0	0	374	0	0	
375	0	0	375	0	0	375	0	0	375	0	0	375	0	0	375	0	0	
376	0	0	376	0	0	376	0	0	376	0	0	376	0	0	376	0	0	
377	0	0	377	0	0	377	0	0	377	0	0	377	0	0	377	0	0	
378	0	0	378	0	0	378	0	0	378	0	0	378	0	0	378	0	0	
379	0.00148552	0	379	0.000557422	0	379	-0.015729	0	379	-0	0	379	0.0699358	0	379	-0.00397017	0	
380	0	0	380	0	0	380	0	0	380	0	0	380	0	0	380	0	0	
381	0	0	381	0	0	381	0	0	381	0	0	381	0	0	381	0	0	
382	-0.00147298	0	382	4.21094e-05	0	382	9.8581e-05	0	382	-0	0	382	-0.015344	0	382	-0.00551219	0	
383	-0.00148388	0	383	0.000621643	0	383	0.00364959	0	383	-0	0	383	-0.0360992	0	383	-0.00600861	0	
384	-0.000874422	0	384	0.00154737	0	384	0.00448535	0	384	-0	0	384	-0.0432086	0	384	-0.00191236	0	
385	-0.000649447	0	385	0.00107152	0	385	0.00590493	0	385	-0	0	385	-0.0487271	0	385	-0.000315439	0	
386	-0.000876323	0	386	-0.000571551	0	386	0.00854516	0	386	-0	0	386	-0.0619821	0	386	-0.00318402	0	
387	-0.000642557	0	387	-0.00186992	0	387	0.00983639	0	387	-0	0	387	-0.0677446	0	387	-0.00714158	0	
388	-5.06929e-05	0	388	-0.000932661	0	388	0.00856454	0	388	-0	0	388	-0.0597601	0	388	-0.00451911	0	
389	0.000411599	0	389	-0.000208232	0	389	0.00754015	0	389	-0	0	389	-0.0564194	0	389	-0.00255181	0	
390	0.000317734	0	390	-0.000324414	0	390	0.00727293	0	390	-0	0	390	-0.0576717	0	390	-0.00397286	0	
391	9.08075e-05	0	391	-0.000157241	0	391	0.00671973	0	391	-0	0	391	-0.0532822	0	391	-0.00324035	0	
392	0.000765541	0	392	-0.000355035	0	392	0.00691665	0	392	-0	0	392	-0.0518534	0	392	-0.00424786	0	
393	0.00524742	0	393	-0.000523586	0	393	0.00720433	0	393	-0	0	393	-0.047611	0	393	-0.00405254	0	
394	0.0112869	0	394	-0.000589107	0	394	0.00642244	0	394	-0	0	394	-0.0463809	0	394	-0.00563651	0	
395	0.0166251	0	395	-0.000258636	0	395	0.00522305	0	395	-0	0	395	-0.0384068	0	395	-0.00771799	0	
396	0.0209286	0	396	-0.000145332	0	396	0.00468677	0	396	-0	0	396	-0.0343404	0	396	-0.0111547	0	
397	0.0244808	0	397	-0.000652072	0	397	0.00422154	0	397	-0	0	397	-0.0283599	0	397	-0.0134028	0	
398	0.0271568	0	398	-0.00289552	0	398	0.00534903	0	398	-0	0	398	-0.0304217	0	398	-0.0199256	0	
399	0.0297189	0	399	-0.00408028	0	399	0.0054392	0	399	-0	0	399	-0.0243381	0	399	-0.0236907	0	
400	0.0315712	0	400	-0.00514595	0	400	0.00628473	0	400	-0	0	400	-0.0239656	0	400	-0.0274928	0	
401	0.032859	0	401	-0.00522957	0	401	0.00667112	0	401	-0	0	401	-0.0263634	0	401	-0.0284524	0	
402	0.0334565	0	402	-0.00516224	0	402	0.00636621	0	402	-0	0	402	-0.0252944	0	402	-0.0313394	0	
403	0.0339397	0	403	-0.00431943	0	403	0.0053126	0	403	-0	0	403	-0.0212734	0	403	-0.0304623	0	
404	0.0339365	0	404	-0.0037645	0	404	0.00463748	0	404	-0	0	404	-0.0218132	0	404	-0.0295757	0	
405	0.0337927	0	405	-0.00377018	0	405	0.00455347	0	405	-0	0	405	-0.0206916	0	405	-0.0303003	0	
406	0.0340398	0	406	-0.00383606	0	406	0.00452064	0	406	-0	0	406	-0.021568	0	406	-0.0308087	0	
407	0.034494	0	407	-0.00370915	0	407	0.00400325	0	407	-0	0	407	-0.0174977	0	407	-0.0304078	0	
408	0.0351636	0	408	-0.00361326	0	408	0.00321096	0	408	-0	0	408	-0.0146732	0	408	-0.0289099	0	
409	0.0356777	0	409	-0.00356218	0	409	0.00252766	0	409	-0	0	409	-0.0123133	0	409	-0.02969	0	
410	0.0360134	0	410	-0.00370632	0	410	0.00272953	0	410	-0	0	410	-0.0161127	0	410	-0.0302764	0	
411	0.0362935	0	411	-0.00405909	0	411	0.0022071	0	411	-0	0	411	-0.0112566	0	411	-0.0312205	0	
412	0	0	412	0	0	412	0	0	412	0	0	412	0	0	412	0	0	
413	0	0	413	0	0	413	0	0	413	0	0	413	0	0	413	0	0	
414	0	0	414	0	0	414	0	0	414	0	0	414	0	0	414	0	0	
415	0	0	415	0	0	415	0	0	415	0	0	415	0	0	415	0	0	
416	0	0	416	0	0	416	0	0	416	0	0	416	0	0	416	0	0	
417	0	0	417	0	0	417	0	0	417	0	0	417	0	0	417	0	0	
418	0	0	418	0	0	418	0	0	418	0	0	418	0	0	418	0	0	
419	0	0	419	0	0	419	0	0	419	0	0	419	0	0	419	0	0	
420	0	0	420	0	0	420	0	0	420	0	0	420	0	0	420	0	0	
421	0	0	421	0	0	421	0	0	421	0	0	421	0	0	421	0	0	
422	0.00705855	0	422	0.000469093	0	422	-0.00355162	0	422	-0	0	422	-0.00442045	0	422	-0.00322808	0	
423	-8.70541e-05	0	423	0.002388	0	423	-0.00356395	0	423	-0	0	423	-0.00430773	0	423	0.00609847	0	
424	-0.00589775	0	424	0.00330835	0	424	-0.00373326	0	424	-0	0	424	-0.00361529	0	424	0.0114121	0	
425	-0.0105019	0	425	0.00343935	0	425	-0.00482631	0	425	-0	0	425	0.00531326	0	425	0.0157948	0	
426	-0.0147305	0	426	0.00335799	0	426	-0.00454085	0	426	-0	0	426	0.00537605	0	426	0.0200483	0	
427	-0.0185969	0	427	0.00404644	0	427	-0.00437332	0	427	-0	0	427	0.0047318	0	427	0.025276	0	
428	-0.0218507	0	428	0.00446022	0	428	-0.00459421	0	428	-0	0	428	0.00549774	0	428	0.0273328	0	
429	-0.0243001	0	429	0.00474361	0	429	-0.00471279	0	429	-0	0	429	0.00667756	0	429	0.0303162	0	
430	-0.0262677	0	430	0.00511043	0	430	-0.0041038	0	430	-0	0	430	0.00522984	0	430	0.0329741	0	
431	-0.0258215	0	431	0.00500229	0	431	-0.0061012	0	431	-0	0	431	0.0161273	0	431	0.0341803	0	
432	-0.0246223	0	432	0.0033067	0	432	-0.00612952	0	432	-0	0	432	0.0154722	0	432	0.02856	0	
433	-0.0230936	0	433	0.00190102	0	433	-0.00548223	0	433	-0	0	433	0.0129896	0	433	0.0221279	0	
434	-0.0219153	0	434	0.00181419	0	434	-0.00506441	0	434	-0	0	434	0.0110256	0	434	0.0221561	0	
435	-0.0209119	0	435	0.00241823	0	435	-0.00513251	0	435	-0	0	435	0.0111649	0	435	0.0229215	0	
436	-0.0201044	0	436	0.00249087	0	436	-0.00520667	0	436	-0	0	436	0.0125848	0	436	0.0224533	0	
437	-0.0191018	0	437	0.00230153	0	437	-0.00532774	0	437	-0	0	437	0.012614	0	437	0.0202161	0	
438	-0.0178592	0	438	0.00211451	0	438	-0.00475561	0	438	-0	0	438	0.00995888	0	438	0.0180195	0	
439	-0.0169739	0	439	0.00181372	0	439	-0.00375578	0	439	-0	0	439	0.0088534	0	439	0.0166436	0	
440	-0.0163574	0	440	0.00169032	0	440	-0.00278858	0	440	-0	0	440	0.00969158	0	440	0.0170636	0	
441	-0.0156426	0	441	0.00117789	0	441	-0.00158002	0	441	-0	0	441	0.0089974	0	441	0.0148663	0	
442	-0.0149382	0	442	0.00120972	0	442	-0.000620653	0	442	-0	0	442	0.00821611	0	442	0.0147215	0	
443	-0.0146113	0	443	0.00238403	0	443	-7.67695e-05	0	443	-0	0	443	0.0106273	0	443	0.0191642	0	
444	-0.0139157	0	444	0.00369863	0	444	0.000373774	0	444	-0	0	444	0.0103762	0	444	0.0218248	0	
445	-0.0130928	0	445	0.00376801	0	445	0.00138861	0	445	-0	0	445	0.00778679	0	445	0.0210221	0	
446	-0.0122449	0	446	0.00344843	0	446	0.00231872	0	446	-0	0	446	0.00315809	0	446	0.0200484	0	
447	-0.0117835	0	447	0.00359423	0	447	0.0027845	0	447	-0	0	447	0.00225768	0	447	0.0213628	0	
448	-0.0112621	0	448	0.00373439	0	448	0.00311603	0	448	-0	0	448	0.000947801	0	448	0.0214558	0	
449	-0.0106549	0	449	0.00349822	0	449	0.00305702	0	449	-0	0	449	0.000302939	0	449	0.0201608	0	
450	-0.0102077	0	450	0.00401068	0	450	0.00242522	0	450	-0	0	450	0.00149607	0	450	0.0222933	0	
451	-0.00980325	0	451	0.00379631	0	451	0.00203705	0	451	-0	0	451	0.00344082	0	451	0.0206353	0	
452	-0.00935494	0	452	0.00352541	0	452	0.00171255	0	452	-0	0	452	0.00479853	0	452	0.0194892	0	
453	-0.0090078	0	453	0.0037881	0	453	0.00158747	0	453	-0	0	453	0.00447466	0	453	0.0215013	0	
454	-0.00858787	0	454	0.00371277	0	454	0.00141332	0	454	-0	0	454	0.00484063	0	454	0.0208592	0	
455	-0.00816532	0	455	0.00381929	0	455	0.00107896	0	455	-0	0	455	0.00613336	0	455	0.0220812	0	
456	-0.00787287	0	456	0.00387538	0	456	0.000781144	0	456	-0	0	456	0.00701591	0	456	0.0220261	0	
457	-0.00744262	0	457	0.00402518	0	457	0.000493655	0	457	-0	0	457	0.00684824	0	457	0.0223001	0	
458	0	0	458	0	0	458	0	0	458	0	0	458	0	0	458	0	0	
459	0	0	459	0	0	459	0	0	459	0	0	459	0	0	459	0	0	
460	0	0	460	0	0	460	0	0	460	0	0	460	0	0	460	0	0	
461	0	0	461	0	0	461	0	0	461	0	0	461	0	0	461	0	0	
462	0	0	462	0	0	462	0	0	462	0	0	462	0	0	462	0	0	
463	0	0	463	0	0	463	0	0	463	0	0	463	0	0	463	0	0	
464	0	0	464	0	0	464	0	0	464	0	0	464	0	0	464	0	0	
465	0	0	465	0	0	465	0	0	465	0	0	465	0	0	465	0	0	
466	0	0	466	0	0	466	0	0	466	0	0	466	0	0	466	0	0	
467	0	0	467	0	0	467	0	0	467	0	0	467	0	0	467	0	0	
468	0	0	468	0	0	468	0	0	468	0	0	468	0	0	468	0	0	
469	0	0	469	0	0	469	0	0	469	0	0	469	0	0	469	0	0	
470	0	0	470	0	0	470	0	0	470	0	0	470	0	0	470	0	0	
471	0	0	471	0	0	471	0	0	471	0	0	471	0	0	471	0	0	
472	0	0	472	0	0	472	0	0	472	0	0	472	0	0	472	0	0	
473	0	0	473	0	0	473	0	0	473	0	0	473	0	0	473	0	0	
474	0	0	474	0	0	474	0	0	474	0	0	474	0	0	474	0	0	
475	0	0	475	0	0	475	0	0	475	0	0	475	0	0	475	0	0	
476	-0.00452463	0	476	-0.00173971	0	476	-0.0161984	0	476	-0	0	476	0.0788839	0	476	0.00821136	0	
477	-0.00402122	0	477	-0.00186326	0	477	-0.0194036	0	477	-0	0	477	0.0927291	0	477	0.00759885	0	
478	-0.00343817	0	478	-0.00119734	0	478	-0.0208132	0	478	-0	0	478	0.0979303	0	478	0.00670654	0	
479	-0.00326715	0	479	-0.00070406	0	479	-0.021278	0	479	-0	0	479	0.0981786	0	479	0.00488177	0	
480	0	0	480	0	0	480	0	0	480	0	0	480	0	0	480	0	0	
481	0	0	481	0	0	481	0	0	481	0	0	481	0	0	481	0	0	
482	0	0	482	0	0	482	0	0	482	0	0	482	0	0	482	0	0	
483	0	0	483	0	0	483	0	0	483	0	0	483	0	0	483	0	0	
484	0	0	484	0	0	484	0	0	484	0	0	484	0	0	484	0	0	
485	0	0	485	0	0	485	0	0	485	0	0	485	0	0	485	0	0	
486	0	0	486	0	0	486	0	0	486	0	0	486	0	0	486	0	0	
487	0	0	487	0	0	487	0	0	487	0	0	487	0	0	487	0	0	
488	0	0	488	0	0	488	0	0	488	0	0	488	0	0	488	0	0	
489	0	0	489	0	0	489	0	0	489	0	0	489	0	0	489	0	0	
490	-0.00582512	0	490	0.00236905	0	490	-0.00987268	0	490	-0	0	490	0.0387232	0	490	0.0166844	0	
491	0	0	491	0	0	491	0	0	491	0	0	491	0	0	491	0	0	
492	0	0	492	0	0	492	0	0	492	0	0	492	0	0	492	0	0	
493	0	0	493	0	0	493	0	0	493	0	0	493	0	0	493	0	0	
494	0	0	494	0	0	494	0	0	494	0	0	494	0	0	494	0	0	
495	-0.00522128	0	495	0.000382126	0	495	0.00444388	0	495	-0	0	495	-0.0228209	0	495	0.00911002	0	
496	-0.00504726	0	496	0.000143631	0	496	0.0050287	0	496	-0	0	496	-0.025463	0	496	0.00835232	0	
497	-0.00476908	0	497	0.000323024	0	497	0.0052434	0	497	-0	0	497	-0.0264487	0	497	0.00806863	0	
498	-0.00452596	0	498	0.000670944	0	498	0.00543311	0	498	-0	0	498	-0.0265147	0	498	0.00871505	0	
499	-0.00429957	0	499	0.000536235	0	499	0.00540574	0	499	-0	0	499	-0.0255115	0	499	0.00809858	0	
500	-0.00412302	0	500	0.000529798	0	500	0.00495104	0	500	-0	0	500	-0.0231875	0	500	0.00830524	0	
501	0	0	501	0	0	501	0	0	501	0	0	501	0	0	501	0	0	
502	0	0	502	0	0	502	0	0	502	0	0	502	0	0	502	0	0	
503	0	0	503	0	0	503	0	0	503	0	0	503	0	0	503	0	0	
504	0	0	504	0	0	504	0	0	504	0	0	504	0	0	504	0	0	
505	-0.00289331	0	505	8.64941e-05	0	505	0.00676958	0	505	-0	0	505	-0.035586	0	505	0.00618951	0	
506	-0.00242693	0	506	-0.00210672	0	506	0.00671427	0	506	-0	0	506	-0.0350102	0	506	-0.00208588	0	
507	-0.00280993	0	507	-0.00349815	0	507	0.00513152	0	507	-0	0	507	-0.0280943	0	507	-0.00259741	0	
508	-0.0027385	0	508	-0.00499661	0	508	0.00266316	0	508	-0	0	508	-0.0188113	0	508	-0.00901294	0	
509	-0.00269378	0	509	-0.00522427	0	509	0.001972	0	509	-0	0	509	-0.0155266	0	509	-0.0106574	0	
510	-0.00290235	0	510	-0.00343504	0	510	0.00247903	0	510	-0	0	510	-0.016715	0	510	-0.00303782	0	
511	0	0	511	0	0	511	0	0	511	0	0	511	0	0	511	0	0	
512	0	0	512	0	0	512	0	0	512	0	0	512	0	0	512	0	0	
513	0	0	513	0	0	513	0	0	513	0	0	513	0	0	513	0	0	
514	0	0	514	0	0	514	0	0	514	0	0	514	0	0	514	0	0	
515	0	0	515	0	0	515	0	0	515	0	0	515	0	0	515	0	0	
516	0	0	516	0	0	516	0	0	516	0	0	516	0	0	516	0	0	
517	-0.00264879	0	517	-0.00153723	0	517	0.00329851	0	517	-0	0	517	-0.0203321	0	517	0.00510825	0	
518	-0.00302325	0	518	0.000172303	0	518	0.00176833	0	518	-0	0	518	-0.0126583	0	518	0.0112007	0	
519	0	0	519	0	0	519	0	0	519	0	0	519	0	0	519	0	0	
520	0	0	520	0	0	520	0	0	520	0	0	520	0	0	520	0	0	
521	0	0	521	0	0	521	0	0	521	0	0	521	0	0	521	0	0	
522	0	0	522	0	0	522	0	0	522	0	0	522	0	0	522	0	0	
523	0	0	523	0	0	523	0	0	523	0	0	523	0	0	523	0	0	
524	0	0	524	0	0	524	0	0	524	0	0	524	0	0	524	0	0	
525	-0.00305663	0	525	-0.00230739	0	525	0.00217881	0	525	-0	0	525	-0.00969892	0	525	-0.00225387	0	
526	-0.00305484	0	526	-0.00193089	0	526	0.00162414	0	526	-0	0	526	-0.00907913	0	526	-0.00114855	0	
527	0	0	527	0	0	527	0	0	527	0	0	527	0	0	527	0	0	
528	0	0	528	0	0	528	0	0	528	0	0	528	0	0	528	0	0	
529	-0.00148248	0	529	0.00160202	0	529	0.00224426	0	529	-0	0	529	-0.0128037	0	529	0.00251659	0	
530	0	0	530	0	0	530	0	0	530	0	0	530	0	0	530	0	0	
531	-0.000987004	0	531	0.0114796	0	531	0.000570221	0	531	-0	0	531	-0.00746292	0	531	0.0430502	0	
532	-0.0016688	0	532	0.0151913	0	532	-0.000267514	0	532	-0	0	532	-0.00283114	0	532	0.0685722	0	
533	0	0	533	0	0	533	0	0	533	0	0	533	0	0	533	0	0	
534	0	0	534	0	0	534	0	0	534	0	0	534	0	0	534	0	0	
535	0	0	535	0	0	535	0	0	535	0	0	535	0	0	535	0	0	
536	0	0	536	0	0	536	0	0	536	0	0	536	0	0	536	0	0	
537	0	0	537	0	0	537	0	0	537	0	0	537	0	0	537	0	0	
538	0	0	538	0	0	538	0	0	538	0	0	538	0	0	538	0	0	
539	0	0	539	0	0	539	0	0	539	0	0	539	0	0	539	0	0	
540	0	0	540	0	0	540	0	0	540	0	0	540	0	0	540	0	0	
541	0	0	541	0	0	541	0	0	541	0	0	541	0	0	541	0	0	
542	0	0	542	0	0	542	0	0	542	0	0	542	0	0	542	0	0	
543	0	0	543	0	0	543	0	0	543	0	0	543	0	0	543	0	0	
544	-0.00126006	0	544	-0.00366742	0	544	0.00160871	0	544	-0	0	544	-0.0126537	0	544	-0.00345586	0	
545	0	0	545	0	0	545	0	0	545	0	0	545	0	0	545	0	0	
546	-0.000462405	0	546	-0.00747028	0	546	0.00310934	0	546	-0	0	546	-0.0165773	0	546	-0.0243408	0	
547	-0.000303563	0	547	-0.00763885	0	547	0.003121	0	547	-0	0	547	-0.0159513	0	547	-0.0259588	0	
548	-0.000397925	0	548	-0.00765333	0	548	0.00312694	0	548	-0	0	548	-0.014518	0	548	-0.0265489	0	
549	-0.000279659	0	549	-0.00755996	0	549	0.00338596	0	549	-0	0	549	-0.0163821	0	549	-0.0275276	0	
550	-0.00028441	0	550	-0.00726434	0	550	0.0032495	0	550	-0	0	550	-0.0154894	0	550	-0.0260838	0	
551	-0.00031796	0	551	-0.00662237	0	551	0.00279309	0	551	-0	0	551	-0.0130165	0	551	-0.0230988	0	
552	-0.000214807	0	552	-0.00612892	0	552	0.00253352	0	552	-0	0	552	-0.0117833	0	552	-0.0215273	0	
553	-0.000185863	0	553	-0.00565279	0	553	0.00234465	0	553	-0	0	553	-0.0110877	0	553	-0.0193761	0	
554	-0.000270661	0	554	-0.00538499	0	554	0.00246131	0	554	-0	0	554	-0.0123386	0	554	-0.0179416	0	
555	-0.000627516	0	555	-0.00240534	0	555	0.00219544	0	555	-0	0	555	-0.0120332	0	555	0.000621852	0	
556	0	0	556	0	0	556	0	0	556	0	0	556	0	0	556	0	0	
557	-0.00173279	0	557	0.00422913	0	557	0.000653752	0	557	-0	0	557	-0.0093205	0	557	0.0349905	0	
558	-0.00243718	0	558	0.00710114	0	558	-0.000240697	0	558	-0	0	558	-0.00600104	0	558	0.0499811	0	
559	-0.00301025	0	559	0.00997555	0	559	-0.00133374	0	559	-0	0	559	-0.00208355	0	559	0.0619004	0	
560	-0.00301063	0	560	0.0112728	0	560	-0.00188489	0	560	-0	0	560	-0.000468173	0	560	0.0663501	0	
561	-0.00356185	0	561	0.013029	0	561	-0.00236151	0	561	-0	0	561	0.00219672	0	561	0.0778287	0	
562	-0.00402303	0	562	0.0148664	0	562	-0.00319603	0	562	-0	0	562	0.00600435	0	562	0.0853353	0	
563	0	0	563	0	0	563	0	0	563	0	0	563	0	0	563	0	0	
564	0	0	564	0	0	564	0	0	564	0	0	564	0	0	564	0	0	
565	0	0	565	0	0	565	0	0	565	0	0	565	0	0	565	0	0	
566	0	0	566	0	0	566	0	0	566	0	0	566	0	0	566	0	0	
567	0	0	567	0	0	567	0	0	567	0	0	567	0	0	567	0	0	
568	0	0	568	0	0	568	0	0	568	0	0	568	0	0	568	0	0	
569	0	0	569	0	0	569	0	0	569	0	0	569	0	0	569	0	0	
570	0	0	570	0	0	570	0	0	570	0	0	570	0	0	570	0	0	
571	0	0	571	0	0	571	0	0	571	0	0	571	0	0	571	0	0	
572	0	0	572	0	0	572	0	0	572	0	0	572	0	0	572	0	0	
573	0	0	573	0	0	573	0	0	573	0	0	573	0	0	573	0	0	
574	0	0	574	0	0	574	0	0	574	0	0	574	0	0	574	0	0	
575	0	0	575	0	0	575	0	0	575	0	0	575	0	0	575	0	0	
576	0	0	576	0	0	576	0	0	576	0	0	576	0	0	576	0	0	
577	0	0	577	0	0	577	0	0	577	0	0	577	0	0	577	0	0	
578	0	0	578	0	0	578	0	0	578	0	0	578	0	0	578	0	0	
579	0	0	579	0	0	579	0	0	579	0	0	579	0	0	579	0	0	
580	0	0	580	0	0	580	0	0	580	0	0	580	0	0	580	0	0	
581	0	0	581	0	0	581	0	0	581	0	0	581	0	0	581	0	0	
582	0	0	582	0	0	582	0	0	582	0	0	582	0	0	582	0	0	
583	0	0	583	0	0	583	0	0	583	0	0	583	0	0	583	0	0	
584	0	0	584	0	0	584	0	0	584	0	0	584	0	0	584	0	0	
585	0	0	585	0	0	585	0	0	585	0	0	585	0	0	585	0	0	
586	-0.00214306	0	586	0.00633098	0	586	-0.00217082	0	586	-0	0	586	0.0015595	0	586	0.0431277	0	
587	0	0	587	0	0	587	0	0	587	0	0	587	0	0	587	0	0	
588	-0.00136604	0	588	-0.000926106	0	588	-0.000655268	0	588	-0	0	588	-0.00253908	0	588	0.00976502	0	
589	0	0	589	0	0	589	0	0	589	0	0	589	0	0	589	0	0	
590	-0.000121093	0	590	-0.011701	0	590	0.00109829	0	590	-0	0	590	-0.0068676	0	590	-0.042784	0	
591	-2.15647e-05	0	591	-0.013031	0	591	0.00168272	0	591	-0	0	591	-0.0113394	0	591	-0.0491025	0	
592	-0.000132292	0	592	-0.0136065	0	592	0.00194684	0	592	-0	0	592	-0.00928213	0	592	-0.0527418	0	
593	9.84859e-05	0	593	-0.0137999	0	593	0.00196549	0	593	-0	0	593	-0.0098825	0	593	-0.0542586	0	
594	0.000272444	0	594	-0.0131089	0	594	0.00181516	0	594	-0	0	594	-0.0103428	0	594	-0.0526395	0	
595	0.000490096	0	595	-0.0122921	0	595	0.0017367	0	595	-0	0	595	-0.010341	0	595	-0.0489312	0	
596	0.000439261	0	596	-0.0120855	0	596	0.00203814	0	596	-0	0	596	-0.010216	0	596	-0.0480849	0	
597	0.000391922	0	597	-0.0117882	0	597	0.00217927	0	597	-0	0	597	-0.0100168	0	597	-0.0465174	0	
598	0.00049567	0	598	-0.0108177	0	598	0.0020806	0	598	-0	0	598	-0.00834716	0	598	-0.0429862	0	
599	0.000598636	0	599	-0.0093491	0	599	0.00168165	0	599	-0	0	599	-0.00671065	0	599	-0.0364338	0	
600	0.000768445	0	600	-0.00534743	0	600	0.000467959	0	600	-0	0	600	-0.00240942	0	600	-0.0288826	0	
601	0.00113528	0	601	0.00129579	0	601	-0.00175686	0	601	-0	0	601	0.00195431	0	601	-0.0270331	0	
602	0.00107456	0	602	0.00642594	0	602	-0.00233723	0	602	-0	0	602	0.00574408	0	602	-0.0162641	0	
603	0.00170139	0	603	0.007727	0	603	-0.00166062	0	603	-0	0	603	0.000688006	0	603	-0.0244126	0	
604	0.00176443	0	604	0.0107174	0	604	-0.00105958	0	604	-0	0	604	-0.00195749	0	604	-0.0207833	0	
605	0.00167415	0	605	0.0130293	0	605	-0.00134615	0	605	-0	0	605	-0.00189248	0	605	-0.0201233	0	
606	0.00159582	0	606	0.0158765	0	606	-0.00209435	0	606	-0	0	606	0.000485576	0	606	-0.0133528	0	
607	0	0	607	0	0	607	0	0	607	0	0	607	0	0	607	0	0	
608	0	0	608	0	0	608	0	0	608	0	0	608	0	0	608	0	0	
609	0	0	609	0	0	609	0	0	609	0	0	609	0	0	609	0	0	
610	0	0	610	0	0	610	0	0	610	0	0	610	0	0	610	0	0	
611	0.00211388	0	611	0.0284516	0	611	-0.0044382	0	611	-0	0	611	0.00462229	0	611	-0.00485488	0	
612	0.00205452	0	612	0.0298053	0	612	-0.00477814	0	612	-0	0	612	0.00489768	0	612	-0.00165633	0	
613	0	0	613	0	0	613	0	0	613	0	0	613	0	0	613	0	0	
614	0	0	614	0	0	614	0	0	614	0	0	614	0	0	614	0	0	
615	0	0	615	0	0	615	0	0	615	0	0	615	0	0	615	0	0	
616	0	0	616	0	0	616	0	0	616	0	0	616	0	0	616	0	0	
617	0	0	617	0	0	617	0	0	617	0	0	617	0	0	617	0	0	
618	0	0	618	0	0	618	0	0	618	0	0	618	0	0	618	0	0	
619	0	0	619	0	0	619	0	0	619	0	0	619	0	0	619	0	0	
620	0	0	620	0	0	620	0	0	620	0	0	620	0	0	620	0	0	
621	0	0	621	0	0	621	0	0	621	0	0	621	0	0	621	0	0	
622	0	0	622	0	0	622	0	0	622	0	0	622	0	0	622	0	0	
623	0	0	623	0	0	623	0	0	623	0	0	623	0	0	623	0	0	
624	0.00102348	0	624	0.00068676	0	624	-0.0016794	0	624	-0	0	624	0.0016102	0	624	-0.0182036	0	
625	0.000791039	0	625	-0.00547439	0	625	-0.00121904	0	625	-0	0	625	-0.00143384	0	625	-0.0208393	0	
626	0.000586979	0	626	-0.00828793	0	626	-0.00115356	0	626	-0	0	626	-0.00145582	0	626	-0.0178057	0	
627	-2.36559e-05	0	627	-0.0056442	0	627	-0.00145233	0	627	-0	0	627	0.0023712	0	627	-0.00231024	0	
628	0	0	628	0	0	628	0	0	628	0	0	628	0	0	628	0	0	
629	-0.00167389	0	629	0.00351023	0	629	-0.00174538	0	629	-0	0	629	0.00296956	0	629	0.0530019	0	
630	-0.00214533	0	630	0.00545395	0	630	-0.00154761	0	630	-0	0	630	0.0020649	0	630	0.0646061	0	
631	-0.00222471	0	631	0.0057116	0	631	-0.00150548	0	631	-0	0	631	0.0028814	0	631	0.0643329	0	
632	-0.00210579	0	632	0.00509086	0	632	-0.00133398	0	632	-0	0	632	0.00197413	0	632	0.0598657	0	
633	-0.00188368	0	633	0.00467768	0	633	-0.00126505	0	633	-0	0	633	0.00130931	0	633	0.0553941	0	
634	-0.0017409	0	634	0.00431678	0	634	-0.00124103	0	634	-0	0	634	0.00122405	0	634	0.0518582	0	
635	0	0	635	0	0	635	0	0	635	0	0	635	0	0	635	0	0	
636	0	0	636	0	0	636	0	0	636	0	0	636	0	0	636	0	0	
637	0	0	637	0	0	637	0	0	637	0	0	637	0	0	637	0	0	
638	0	0	638	0	0	638	0	0	638	0	0	638	0	0	638	0	0	
639	0	0	639	0	0	639	0	0	639	0	0	639	0	0	639	0	0	
640	0	0	640	0	0	640	0	0	640	0	0	640	0	0	640	0	0	
641	0	0	641	0	0	641	0	0	641	0	0	641	0	0	641	0	0	
642	0	0	642	0	0	642	0	0	642	0	0	642	0	0	642	0	0	
643	0	0	643	0	0	643	0	0	643	0	0	643	0	0	643	0	0	
644	0	0	644	0	0	644	0	0	644	0	0	644	0	0	644	0	0	
645	0	0	645	0	0	645	0	0	645	0	0	645	0	0	645	0	0	
646	0	0	646	0	0	646	0	0	646	0	0	646	0	0	646	0	0	
647	0	0	647	0	0	647	0	0	647	0	0	647	0	0	647	0	0	
648	0	0	648	0	0	648	0	0	648	0	0	648	0	0	648	0	0	
649	0	0	649	0	0	649	0	0	649	0	0	649	0	0	649	0	0	
650	0	0	650	0	0	650	0	0	650	0	0	650	0	0	650	0	0	
651	-0.00115941	0	651	-0.000481929	0	651	-0.00135146	0	651	-0	0	651	0.00381198	0	651	0.0301084	0	
652	-0.000837029	0	652	-0.00262116	0	652	-0.000665282	0	652	-0	0	652	0.00135285	0	652	0.0191517	0	
653	-0.000593177	0	653	-0.00509072	0	653	-0.000481408	0	653	-0	0	653	0.00279548	0	653	0.00258103	0	
654	0	0	654	0	0	654	0	0	654	0	0	654	0	0	654	0	0	
655	0	0	655	0	0	655	0	0	655	0	0	655	0	0	655	0	0	
656	0.000466565	0	656	-0.00962518	0	656	-0.000932918	0	656	-0	0	656	0.00386505	0	656	-0.0266742	0	
657	0.000584693	0	657	-0.00982148	0	657	-0.000804169	0	657	-0	0	657	0.00386319	0	657	-0.0283651	0	
658	0.000548523	0	658	-0.00971668	0	658	-0.000588874	0	658	-0	0	658	0.00301689	0	658	-0.027555	0	
659	0.000522348	0	659	-0.00894305	0	659	-0.00107311	0	659	-0	0	659	0.00429509	0	659	-0.0254908	0	
660	0.000511678	0	660	-0.00851581	0	660	-0.00100659	0	660	-0	0	660	0.00358326	0	660	-0.0246523	0	
661	0.000438248	0	661	-0.00814378	0	661	-0.000811387	0	661	-0	0	661	0.00247289	0	661	-0.0232613	0	
662	0.000447983	0	662	-0.00785025	0	662	-0.00071945	0	662	-0	0	662	0.0018934	0	662	-0.0226868	0	
663	0.000472897	0	663	-0.00771958	0	663	-0.000427132	0	663	-0	0	663	0.000377733	0	663	-0.0239878	0	
664	0.000671907	0	664	-0.00745302	0	664	7.71166e-05	0	664	-0	0	664	-0.00340651	0	664	-0.0235903	0	
665	0.000477803	0	665	-0.00787888	0	665	0.000321638	0	665	-0	0	665	-0.00262555	0	665	-0.0253756	0	
666	0.000383786	0	666	-0.00715756	0	666	0.000385947	0	666	-0	0	666	-0.00221662	0	666	-0.0221545	0	
667	0.000446892	0	667	-0.00618146	0	667	0.00036135	0	667	-0	0	667	0.00219746	0	667	-0.0202778	0	
668	0.000474205	0	668	-0.00636275	0	668	0.00168245	0	668	-0	0	668	-0.000433061	0	668	-0.0243859	0	
669	0.000184429	0	669	-0.00569401	0	669	0.00344117	0	669	-0	0	669	-0.000427639	0	669	-0.0229941	0	
670	0.000254285	0	670	-0.00522084	0	670	0.00456614	0	670	-0	0	670	-0.00200265	0	670	-0.0228069	0	
671	0.000345021	0	671	-0.00553478	0	671	0.00584222	0	671	-0	0	671	-0.00265338	0	671	-0.0235559	0	
672	0.000252136	0	672	-0.00424431	0	672	0.006533	0	672	-0	0	672	0.00270131	0	672	-0.00948036	0	
673	-0.000302071	0	673	-0.00407604	0	673	0.00751427	0	673	-0	0	673	-0.00347555	0	673	-0.0114352	0	
674	-0.000426542	0	674	-0.00451817	0	674	0.00733143	0	674	-0	0	674	-0.00541487	0	674	-0.0134404	0	
675	-0.000369427	0	675	-0.00435866	0	675	0.00664269	0	675	-0	0	675	-0.00268752	0	675	-0.0120879	0	
676	-0.000344294	0	676	-0.00401928	0	676	0.00607629	0	676	-0	0	676	8.63841e-05	0	676	-0.0105924	0	
677	-0.00029902	0	677	-0.00354905	0	677	0.0056639	0	677	-0	0	677	0.00157637	0	677	-0.00901596	0	
678	-6.98418e-05	0	678	-0.00372514	0	678	0.00555097	0	678	-0	0	678	-0.00357113	0	678	-0.0110636	0	
679	-0.000271954	0	679	-0.00406695	0	679	0.00522596	0	679	-0	0	679	-0.000983845	0	679	-0.0118903	0	
680	8.42764e-05	0	680	-0.00412784	0	680	0.00469531	0	680	-0	0	680	-0.00359954	0	680	-0.0138113	0	
681	7.35595e-05	0	681	-0.00532632	0	681	0.00451102	0	681	-0	0	681	-0.00172851	0	681	-0.0191839	0	
682	0.000334753	0	682	-0.00560418	0	682	0.00413274	0	682	-0	0	682	-0.00224128	0	682	-0.0212413	0	
683	0.000383638	0	683	-0.00662935	0	683	0.00394051	0	683	-0	0	683	-0.00144051	0	683	-0.0294426	0	
684	0.00063977	0	684	-0.00868147	0	684	0.00348632	0	684	-0	0	684	-0.00126377	0	684	-0.0453476	0	
685	0.0010285	0	685	-0.0117962	0	685	0.00322312	0	685	-0	0	685	-0.00244172	0	685	-0.0640202	0	
686	0.00133692	0	686	-0.0154351	0	686	0.00304977	0	686	-0	0	686	-0.00353392	0	686	-0.0836817	0	
687	0.00146882	0	687	-0.0186958	0	687	0.00287873	0	687	-0	0	687	-0.00321134	0	687	-0.0982869	0	
688	0.00125166	0	688	-0.0196034	0	688	0.00288197	0	688	-0	0	688	-0.00155933	0	688	-0.1	0	
689	0.00134814	0	689	-0.0198655	0	689	0.00205149	0	689	-0	0	689	0.000702842	0	689	-0.1	0	
690	0.00144006	0	690	-0.021776	0	690	0.00174653	0	690	-0	0	690	0.000702102	0	690	-0.1	0	
691	0.00137658	0	691	-0.0235209	0	691	0.00148773	0	691	-0	0	691	0.00248452	0	691	-0.1	0	
692	0.00152715	0	692	-0.0243597	0	692	0.00103043	0	692	-0	0	692	0.00331022	0	692	-0.1	0	
693	0.0014906	0	693	-0.0244793	0	693	0.000727477	0	693	-0	0	693	0.00386237	0	693	-0.1	0	
694	0.00151293	0	694	-0.0238655	0	694	0.000118468	0	694	-0	0	694	0.00681885	0	694	-0.1	0	
695	0.00163051	0	695	-0.0235413	0	695	-0.000213304	0	695	-0	0	695	0.0069233	0	695	-0.1	0	
696	0.00160299	0	696	-0.0242065	0	696	-0.000595795	0	696	-0	0	696	0.00806283	0	696	-0.1	0	
697	0.00182516	0	697	-0.0244439	0	697	-0.000623474	0	697	-0	0	697	0.0070292	0	697	-0.1	0	
698	0.00183885	0	698	-0.0240437	0	698	-0.000798765	0	698	-0	0	698	0.00967698	0	698	-0.1	0	
699	0.0019507	0	699	-0.0235171	0	699	-0.00124551	0	699	-0	0	699	0.00912289	0	699	-0.1	0	
700	0.00193408	0	700	-0.0232508	0	700	-0.00151626	0	700	-0	0	700	0.011216	0	700	-0.1	0	
701	0.00203566	0	701	-0.0230088	0	701	-0.00153676	0	701	-0	0	701	0.0121248	0	701	-0.1	0	
702	0.00220374	0	702	-0.0228867	0	702	-0.00157808	0	702	-0	0	702	0.00911672	0	702	-0.1	0	
703	0	0	703	0	0	703	0	0	703	0	0	703	0	0	703	0	0	
704	0	0	704	0	0	704	0	0	704	0	0	704	0	0	704	0	0	
705	0	0	705	0	0	705	0	0	705	0	0	705	0	0	705	0	0	
706	0	0	706	0	0	706	0	0	706	0	0	706	0	0	706	0	0	
707	0	0	707	0	0	707	0	0	707	0	0	707	0	0	707	0	0	
708	0	0	708	0	0	708	0	0	708	0	0	708	0	0	708	0	0	
709	0	0	709	0	0	709	0	0	709	0	0	709	0	0	709	0	0	
710	0	0	710	0	0	710	0	0	710	0	0	710	0	0	710	0	0	
711	0	0	711	0	0	711	0	0	711	0	0	711	0	0	711	0	0	
712	0	0	712	0	0	712	0	0	712	0	0	712	0	0	712	0	0	
713	0	0	713	0	0	713	0	0	713	0	0	713	0	0	713	0	0	
714	0	0	714	0	0	714	0	0	714	0	0	714	0	0	714	0	0	
715	0	0	715	0	0	715	0	0	715	0	0	715	0	0	715	0	0	
716	0	0	716	0	0	716	0	0	716	0	0	716	0	0	716	0	0	
717	0	0	717	0	0	717	0	0	717	0	0	717	0	0	717	0	0	
718	0.000174245	0	718	0.00501482	0	718	0.00143115	0	718	-0	0	718	-0.000925315	0	718	0.00945215	0	
719	-0.000307669	0	719	0.00668197	0	719	0.00121567	0	719	-0	0	719	-0.00232034	0	719	0.0199948	0	
720	-0.000970977	0	720	0.00855487	0	720	0.000926079	0	720	-0	0	720	-0.000385693	0	720	0.031066	0	
721	-0.00123319	0	721	0.00957291	0	721	0.000883763	0	721	-0	0	721	-0.00297662	0	721	0.0369676	0	
722	-0.00153019	0	722	0.0113729	0	722	0.000572254	0	722	-0	0	722	-0.003965	0	722	0.0474448	0	
723	-0.00206415	0	723	0.0120281	0	723	0.000664877	0	723	-0	0	723	-0.00265842	0	723	0.0515079	0	
724	-0.00195307	0	724	0.0118464	0	724	0.000583705	0	724	-0	0	724	-0.00229595	0	724	0.0499745	0	
725	-0.00189445	0	725	0.0124259	0	725	0.000604938	0	725	-0	0	725	-0.00462339	0	725	0.0531797	0	
726	-0.00192289	0	726	0.0127325	0	726	0.000570271	0	726	-0	0	726	-0.00568621	0	726	0.0542474	0	
727	-0.00172149	0	727	0.0118266	0	727	0.000959357	0	727	-0	0	727	-0.00687074	0	727	0.051079	0	
728	-0.00182856	0	728	0.0119511	0	728	0.0008417	0	728	-0	0	728	-0.00572238	0	728	0.0509294	0	
729	-0.00197687	0	729	0.0119566	0	729	0.000604437	0	729	-0	0	729	-0.00274656	0	729	0.0519659	0	
730	-0.00173455	0	730	0.0113926	0	730	0.000749169	0	730	-0	0	730	-0.00494537	0	730	0.0485913	0	
731	-0.00138208	0	731	0.0109608	0	731	0.000352441	0	731	-0	0	731	-0.00476362	0	731	0.0467017	0	
732	-0.00158365	0	732	0.010492	0	732	0.00049231	0	732	-0	0	732	-0.00492453	0	732	0.0459554	0	
733	-0.00154141	0	733	0.010271	0	733	0.00039596	0	733	-0	0	733	-0.00476019	0	733	0.0449017	0	
734	-0.00150199	0	734	0.00958393	0	734	0.000493279	0	734	-0	0	734	-0.0043257	0	734	0.0429	0	
735	-0.00166488	0	735	0.00961899	0	735	0.000470484	0	735	-0	0	735	-0.00337634	0	735	0.0432738	0	
736	-0.00178902	0	736	0.0102759	0	736	0.000453284	0	736	-0	0	736	-0.00278232	0	736	0.0477822	0	
737	-0.00158328	0	737	0.010941	0	737	0.000289545	0	737	-0	0	737	-0.00221272	0	737	0.0493975	0	
738	-0.00150203	0	738	0.0107881	0	738	0.000308816	0	738	-0	0	738	-0.00227094	0	738	0.048476	0	
739	-0.00157553	0	739	0.0105634	0	739	0.000310889	0	739	-0	0	739	-0.00307834	0	739	0.0477216	0	
740	-0.00164205	0	740	0.0105999	0	740	0.000272827	0	740	-0	0	740	-0.00298427	0	740	0.048125	0	
741	-0.00151864	0	741	0.0103883	0	741	0.000366977	0	741	-0	0	741	-0.0035043	0	741	0.0475981	0	
742	-0.00132104	0	742	0.0103593	0	742	0.000443844	0	742	-0	0	742	-0.00526247	0	742	0.0466258	0	
743	-0.00113887	0	743	0.0096904	0	743	0.000684872	0	743	-0	0	743	-0.00505275	0	743	0.0434816	0	
744	-0.00105494	0	744	0.00907294	0	744	0.000642991	0	744	-0	0	744	-0.00416732	0	744	0.0412466	0	
745	-0.000974771	0	745	0.00846333	0	745	0.00054195	0	745	-0	0	745	-0.00345279	0	745	0.0382004	0	
746	-0.000749989	0	746	0.00782421	0	746	0.000590906	0	746	-0	0	746	-0.00390095	0	746	0.0348639	0	
747	-0.000692622	0	747	0.00723359	0	747	0.000467855	0	747	-0	0	747	-0.00300504	0	747	0.032434	0	
748	-0.000838434	0	748	0.00680112	0	748	0.000181704	0	748	-0	0	748	-0.00194028	0	748	0.0312359	0	
749	-0.000591241	0	749	0.00665635	0	749	0.000298925	0	749	-0	0	749	-0.00259183	0	749	0.0297515	0	
750	-0.000453252	0	750	0.00618998	0	750	0.000398411	0	750	-0	0	750	-0.00261252	0	750	0.0274017	0	
751	-0.000482273	0	751	0.0059117	0	751	0.000473218	0	751	-0	0	751	-0.00253701	0	751	0.0264993	0	
752	-0.00039035	0	752	0.00553884	0	752	0.00048018	0	752	-0	0	752	-0.00242816	0	752	0.0248524	0	
753	-0.000460912	0	753	0.00559914	0	753	0.000387737	0	753	-0	0	753	-0.00257506	0	753	0.025322	0	
754	-0.000363633	0	754	0.00550542	0	754	0.000322511	0	754	-0	0	754	-0.00278078	0	754	0.0241833	0	
755	-0.000276018	0	755	0.00540852	0	755	0.000534055	0	755	-0	0	755	-0.00396719	0	755	0.0234749	0	
756	-0.000256357	0	756	0.00510584	0	756	0.000462193	0	756	-0	0	756	-0.00378148	0	756	0.0223447	0	
757	-0.000391208	0	757	0.0046977	0	757	0.000371217	0	757	-0	0	757	-0.00192006	0	757	0.0210206	0	
758	-0.000323652	0	758	0.00444795	0	758	0.000281217	0	758	-0	0	758	-0.00182991	0	758	0.0201467	0	
759	-0.000175374	0	759	0.00415668	0	759	0.000278411	0	759	-0	0	759	-0.00310046	0	759	0.0185819	0	
760	-0.000207516	0	760	0.00366637	0	760	0.000273075	0	760	-0	0	760	-0.00157506	0	760	0.0165874	0	
761	0	0	761	0	0	761	0	0	761	0	0	761	0	0	761	0	0	
762	0	0	762	0	0	762	0	0	762	0	0	762	0	0	762	0	0	
763	0	0	763	0	0	763	0	0	763	0	0	763	0	0	763	0	0	
764	0	0	764	0	0	764	0	0	764	0	0	764	0	0	764	0	0	
765	0	0	765	0	0	765	0	0	765	0	0	765	0	0	765	0	0	
766	0	0	766	0	0	766	0	0	766	0	0	766	0	0	766	0	0	
767	0	0	767	0	0	767	0	0	767	0	0	767	0	0	767	0	0	
768	0	0	768	0	0	768	0	0	768	0	0	768	0	0	768	0	0	
769	0	0	769	0	0	769	0	0	769	0	0	769	0	0	769	0	0	
770	0	0	770	0	0	770	0	0	770	0	0	770	0	0	770	0	0	
771	0	0	771	0	0	771	0	0	771	0	0	771	0	0	771	0	0	
772	-0.00112651	0	772	0.00763126	0	772	0.000726323	0	772	-0	0	772	-0.00536326	0	772	0.0386641	0	
773	-0.00188422	0	773	0.0111838	0	773	-7.54065e-06	0	773	-0	0	773	-0.00276397	0	773	0.0551894	0	
774	-0.00228756	0	774	0.0145145	0	774	-0.000857916	0	774	-0	0	774	-0.000678896	0	774	0.069372	0	
775	-0.00274358	0	775	0.0173831	0	775	-0.00179118	0	775	-0	0	775	0.00223885	0	775	0.081699	0	
776	-0.00296384	0	776	0.0187187	0	776	-0.00245374	0	776	-0	0	776	0.00489569	0	776	0.0875639	0	
777	-0.00299698	0	777	0.0191575	0	777	-0.00268527	0	777	-0	0	777	0.00655907	0	777	0.0893685	0	
778	-0.00295275	0	778	0.0190071	0	778	-0.00272793	0	778	-0	0	778	0.00651239	0	778	0.0890925	0	
779	-0.00273216	0	779	0.0183436	0	779	-0.00253021	0	779	-0	0	779	0.00631662	0	779	0.0867044	0	
780	-0.00254806	0	780	0.0177789	0	780	-0.00234438	0	780	-0	0	780	0.00510048	0	780	0.0844953	0	
781	-0.00245021	0	781	0.017448	0	781	-0.00223732	0	781	-0	0	781	0.00582547	0	781	0.083171	0	
782	-0.00236352	0	782	0.0173462	0	782	-0.00239303	0	782	-0	0	782	0.0059546	0	782	0.0820886	0	
783	-0.00213701	0	783	0.0166036	0	783	-0.00229431	0	783	-0	0	783	0.0056142	0	783	0.0788023	0	
784	-0.00211889	0	784	0.016345	0	784	-0.00234209	0	784	-0	0	784	0.00671852	0	784	0.0779068	0	
785	0	0	785	0	0	785	0	0	785	0	0	785	0	0	785	0	0	
786	0	0	786	0	0	786	0	0	786	0	0	786	0	0	786	0	0	
787	0	0	787	0	0	787	0	0	787	0	0	787	0	0	787	0	0	
788	0	0	788	0	0	788	0	0	788	0	0	788	0	0	788	0	0	
789	0	0	789	0	0	789	0	0	789	0	0	789	0	0	789	0	0	
790	0	0	790	0	0	790	0	0	790	0	0	790	0	0	790	0	0	
791	0	0	791	0	0	791	0	0	791	0	0	791	0	0	791	0	0	
792	0	0	792	0	0	792	0	0	792	0	0	792	0	0	792	0	0	
793	0	0	793	0	0	793	0	0	793	0	0	793	0	0	793	0	0	
794	0	0	794	0	0	794	0	0	794	0	0	794	0	0	794	0	0	
795	0	0	795	0	0	795	0	0	795	0	0	795	0	0	795	0	0	
796	0	0	796	0	0	796	0	0	796	0	0	796	0	0	796	0	0	
797	-0.000173698	0	797	0.00533327	0	797	-0.000559325	0	797	-0	0	797	-0.000242974	0	797	0.0277225	0	
798	6.40872e-05	0	798	0.00225178	0	798	-0.000260586	0	798	-0	0	798	-0.000307619	0	798	0.0129059	0	
799	0	0	799	0	0	799	0	0	799	0	0	799	0	0	799	0	0	
800	0	0	800	0	0	800	0	0	800	0	0	800	0	0	800	0	0	
801	0	0	801	0	0	801	0	0	801	0	0	801	0	0	801	0	0	
802	0.000484781	0	802	-0.00631422	0	802	0.000757431	0	802	-0	0	802	-0.00220863	0	802	-0.026471	0	
803	0.000761931	0	803	-0.00741248	0	803	0.000586848	0	803	-0	0	803	-0.000900335	0	803	-0.033032	0	
804	0.000839927	0	804	-0.00804067	0	804	0.000454482	0	804	-0	0	804	-0.000848805	0	804	-0.0356581	0	
805	0.00072575	0	805	-0.00780966	0	805	0.000424947	0	805	-0	0	805	0.000398769	0	805	-0.0340136	0	
806	0.000728993	0	806	-0.00750262	0	806	0.000485901	0	806	-0	0	806	5.17713e-05	0	806	-0.0332261	0	
807	0.000760941	0	807	-0.00713126	0	807	0.00052005	0	807	-0	0	807	-0.00131961	0	807	-0.0317421	0	
808	0.0008234	0	808	-0.00684864	0	808	0.000561227	0	808	-0	0	808	-0.000549801	0	808	-0.0310667	0	
809	0.00087456	0	809	-0.00655799	0	809	0.000662182	0	809	-0	0	809	-0.000674172	0	809	-0.0293685	0	
810	0.000847828	0	810	-0.00610291	0	810	0.000575197	0	810	-0	0	810	-0.000372889	0	810	-0.0274621	0	
811	0.000776469	0	811	-0.00569905	0	811	0.00054862	0	811	-0	0	811	-0.000350867	0	811	-0.0259125	0	
812	0.000819497	0	812	-0.00517065	0	812	0.000598459	0	812	-0	0	812	-0.000757084	0	812	-0.0244965	0	
813	0.000886913	0	813	-0.00496393	0	813	0.000907596	0	813	-0	0	813	-0.00268017	0	813	-0.0229331	0	
814	0.00103294	0	814	-0.00467512	0	814	0.00109202	0	814	-0	0	814	-0.00407951	0	814	-0.0217871	0	
815	0.00107526	0	815	-0.00457968	0	815	0.00116676	0	815	-0	0	815	-0.00389371	0	815	-0.0213454	0	
816	0.000941192	0	816	-0.00421517	0	816	0.000945444	0	816	-0	0	816	-0.00233785	0	816	-0.0194968	0	
817	0.000796278	0	817	-0.00384259	0	817	0.000713046	0	817	-0	0	817	-0.00232912	0	817	-0.0180084	0	
818	0.00081239	0	818	-0.00356877	0	818	0.000690966	0	818	-0	0	818	-0.00194955	0	818	-0.0169415	0	
819	0.000845182	0	819	-0.00347416	0	819	0.000857003	0	819	-0	0	819	-0.00212751	0	819	-0.0165092	0	
820	0.000755831	0	820	-0.003145	0	820	0.00110658	0	820	-0	0	820	-0.00267293	0	820	-0.015003	0	
821	0.000711136	0	821	-0.00274738	0	821	0.00120618	0	821	-0	0	821	-0.00229383	0	821	-0.0134261	0	
822	0.000752784	0	822	-0.00299971	0	822	0.00125755	0	822	-0	0	822	-0.00271332	0	822	-0.0154681	0	
823	0.000882521	0	823	-0.00335749	0	823	0.001184	0	823	-0	0	823	-0.00246285	0	823	-0.01666	0	
824	0.000816625	0	824	-0.00352369	0	824	0.00115306	0	824	-0	0	824	-0.00049717	0	824	-0.016953	0	
825	0.000764051	0	825	-0.00376439	0	825	0.00116607	0	825	-0	0	825	-0.00140675	0	825	-0.0195075	0	
826	0.000913076	0	826	-0.00696165	0	826	0.00155864	0	826	-0	0	826	-0.0018983	0	826	-0.0346236	0	
827	0.00129432	0	827	-0.0118803	0	827	0.00133454	0	827	-0	0	827	-0.00274224	0	827	-0.056424	0	
828	0.00150072	0	828	-0.0154926	0	828	0.000756533	0	828	-0	0	828	-0.00190804	0	828	-0.0728457	0	
829	0.0015523	0	829	-0.0176592	0	829	0.000374751	0	829	-0	0	829	-0.000443106	0	829	-0.0839639	0	
830	0.00159703	0	830	-0.0198192	0	830	0.000317658	0	830	-0	0	830	0.0012715	0	830	-0.0930863	0	
831	0.00171106	0	831	-0.0217125	0	831	-0.000105448	0	831	-0	0	831	0.00327221	0	831	-0.1	0	
832	0.00175471	0	832	-0.0232846	0	832	-0.000164939	0	832	-0	0	832	0.00467237	0	832	-0.1	0	
833	0.00187409	0	833	-0.0236262	0	833	-0.000449642	0	833	-0	0	833	0.00598628	0	833	-0.1	0	
834	0.00196914	0	834	-0.0233118	0	834	-0.00044976	0	834	-0	0	834	0.00595935	0	834	-0.1	0	
835	0.00211083	0	835	-0.022861	0	835	-0.000469744	0	835	-0	0	835	0.00616904	0	835	-0.1	0	
836	0.00227282	0	836	-0.0233595	0	836	-0.00102405	0	836	-0	0	836	0.0081806	0	836	-0.1	0	
837	0.0023133	0	837	-0.0239073	0	837	-0.00112974	0	837	-0	0	837	0.00786393	0	837	-0.1	0	
838	0.00237782	0	838	-0.0232527	0	838	-0.00123447	0	838	-0	0	838	0.00787892	0	838	-0.1	0	
839	0.00229733	0	839	-0.0226261	0	839	-0.00171226	0	839	-0	0	839	0.01256	0	839	-0.1	0	
840	0.00252773	0	840	-0.0221983	0	840	-0.00171439	0	840	-0	0	840	0.0114714	0	840	-0.1	0	
841	0.00262961	0	841	-0.0215071	0	841	-0.00152334	0	841	-0	0	841	0.0100453	0	841	-0.1	0	
842	0.0028416	0	842	-0.0208333	0	842	-0.0012087	0	842	-0	0	842	0.00805006	0	842	-0.1	0	
843	0.00293799	0	843	-0.0194061	0	843	-0.000993069	0	843	-0	0	843	0.00820116	0	843	-0.0987645	0	
844	0.00284698	0	844	-0.0160856	0	844	-0.000482922	0	844	-0	0	844	0.00698443	0	844	-0.0812059	0	
845	0.00252864	0	845	-0.012873	0	845	-0.000194849	0	845	-0	0	845	0.00742096	0	845	-0.0670406	0	
846	0.00232972	0	846	-0.00969588	0	846	-5.77922e-05	0	846	-0	0	846	0.00754378	0	846	-0.0543741	0	
847	0.00186325	0	847	-0.00616153	0	847	0.000516573	0	847	-0	0	847	0.00554839	0	847	-0.0373822	0	
848	0.00104788	0	848	-0.00136985	0	848	0.00107079	0	848	-0	0	848	0.00271468	0	848	-0.0155429	0	
849	0.000196877	0	849	0.00190935	0	849	0.00125815	0	849	-0	0	849	0.0038349	0	849	0.00157968	0	
850	-0.000290069	0	850	0.00464148	0	850	0.00110586	0	850	-0	0	850	0.00138693	0	850	0.0160958	0	
851	-0.00109351	0	851	0.00713205	0	851	0.00105884	0	851	-0	0	851	0.000862169	0	851	0.0291657	0	
852	-0.00159058	0	852	0.00967573	0	852	0.000817619	0	852	-0	0	852	0.000571936	0	852	0.0419846	0	
853	-0.00210363	0	853	0.0118014	0	853	0.00102489	0	853	-0	0	853	-0.00179215	0	853	0.0531061	0	
854	-0.00237152	0	854	0.0130309	0	854	0.000745431	0	854	-0	0	854	-0.00105215	0	854	0.0584035	0	
855	-0.00253265	0	855	0.01256	0	855	0.00126718	0	855	-0	0	855	-0.00303751	0	855	0.0589129	0	
856	-0.00232825	0	856	0.0119645	0	856	0.00119616	0	856	-0	0	856	-0.00297901	0	856	0.0552425	0	
857	-0.00217089	0	857	0.0114912	0	857	0.00105591	0	857	-0	0	857	-0.00277095	0	857	0.0533174	0	
858	-0.00191657	0	858	0.0114079	0	858	0.000787965	0	858	-0	0	858	-0.00263833	0	858	0.0523983	0	
859	-0.00169915	0	859	0.0108373	0	859	0.000914324	0	859	-0	0	859	-0.00363509	0	859	0.0489673	0	
860	-0.00158624	0	860	0.0100674	0	860	0.000892391	0	860	-0	0	860	-0.00411994	0	860	0.0448223	0	
861	-0.00159815	0	861	0.00947753	0	861	0.000786223	0	861	-0	0	861	-0.0027005	0	861	0.0429541	0	
862	-0.00148547	0	862	0.00881882	0	862	0.000911292	0	862	-0	0	862	-0.00287405	0	862	0.0406588	0	
863	-0.00128485	0	863	0.00815125	0	863	0.00102155	0	863	-0	0	863	-0.00394841	0	863	0.0377411	0	
864	-0.00112809	0	864	0.007255	0	864	0.00103277	0	864	-0	0	864	-0.00343505	0	864	0.0338607	0	
865	-0.000866038	0	865	0.00677488	0	865	0.000957061	0	865	-0	0	865	-0.00459726	0	865	0.0317761	0	
866	-0.000734819	0	866	0.00636737	0	866	0.000754722	0	866	-0	0	866	-0.00284423	0	866	0.0288148	0	
867	-0.000459287	0	867	0.00593343	0	867	0.000618804	0	867	-0	0	867	-0.00473285	0	867	0.0273986	0	
868	-0.000337336	0	868	0.00524281	0	868	0.000461628	0	868	-0	0	868	-0.00382213	0	868	0.024119	0	
869	-0.000327725	0	869	0.00451439	0	869	0.000840693	0	869	-0	0	869	-0.00509161	0	869	0.0216526	0	
870	-0.000465214	0	870	0.00377243	0	870	0.00102678	0	870	-0	0	870	-0.00331091	0	870	0.0185008	0	
871	-0.000264821	0	871	0.00420413	0	871	0.000848222	0	871	-0	0	871	-0.00470262	0	871	0.0203309	0	
872	-0.000484099	0	872	0.0042545	0	872	0.00122815	0	872	-0	0	872	-0.00558717	0	872	0.0206554	0	
873	-0.000676001	0	873	0.00518513	0	873	0.00133747	0	873	-0	0	873	-0.00533104	0	873	0.0258267	0	
874	-0.0012577	0	874	0.00926067	0	874	0.000718158	0	874	-0	0	874	-0.00339025	0	874	0.0436829	0	
875	-0.00218922	0	875	0.0119214	0	875	0.000254146	0	875	-0	0	875	-0.0021903	0	875	0.0576617	0	
876	-0.00201551	0	876	0.0119667	0	876	0.000177601	0	876	-0	0	876	-0.00225104	0	876	0.0563752	0	
877	-0.0013059	0	877	0.0105505	0	877	0.000816926	0	877	-0	0	877	-0.00534505	0	877	0.0488795	0	
878	-0.00117619	0	878	0.00949121	0	878	0.00116524	0	878	-0	0	878	-0.00669416	0	878	0.0455961	0	
879	-0.00111337	0	879	0.0081563	0	879	0.0010064	0	879	-0	0	879	-0.00432095	0	879	0.0390933	0	
880	-0.000775201	0	880	0.00773051	0	880	0.000698578	0	880	-0	0	880	-0.0038613	0	880	0.0369135	0	
881	-0.000767383	0	881	0.00689937	0	881	0.000238329	0	881	-0	0	881	-0.00194901	0	881	0.031847	0	
882	-0.000651667	0	882	0.00605588	0	882	-5.08169e-05	0	882	-0	0	882	-0.000567172	0	882	0.0278796	0	
883	-0.000420358	0	883	0.00511178	0	883	7.35778e-05	0	883	-0	0	883	-0.00104389	0	883	0.024041	0	
884	-0.000404694	0	884	0.00421531	0	884	-8.25824e-05	0	884	-0	0	884	-6.83267e-05	0	884	0.020841	0	
885	-0.000811504	0	885	0.00363944	0	885	-0.00162733	0	885	-0	0	885	0.00648219	0	885	0.0194133	0	
886	-0.00163151	0	886	0.0029044	0	886	-0.00426324	0	886	-0	0	886	0.0180955	0	886	0.0168766	0	
887	-0.00277453	0	887	0.00324722	0	887	-0.00736304	0	887	-0	0	887	0.0328199	0	887	0.0205027	0	
888	-0.00408547	0	888	0.00480401	0	888	-0.0106713	0	888	-0	0	888	0.0484698	0	888	0.0272089	0	
889	-0.00505841	0	889	0.00625459	0	889	-0.0135705	0	889	-0	0	889	0.0616245	0	889	0.0319394	0	
890	-0.00492349	0	890	0.00592431	0	890	-0.0149317	0	890	-0	0	890	0.0663654	0	890	0.0283301	0	
891	-0.00519201	0	891	0.00561743	0	891	-0.0156363	0	891	-0	0	891	0.0700104	0	891	0.0284598	0	
892	-0.00535919	0	892	0.00562405	0	892	-0.0161022	0	892	-0	0	892	0.0718063	0	892	0.0292466	0	
893	-0.00506028	0	893	0.0050703	0	893	-0.0160799	0	893	-0	0	893	0.0712001	0	893	0.025182	0	
894	-0.0048392	0	894	0.00457157	0	894	-0.0155813	0	894	-0	0	894	0.0693846	0	894	0.0242292	0	
895	-0.00481159	0	895	0.00428437	0	895	-0.0154718	0	895	-0	0	895	0.0691454	0	895	0.0233977	0	
896	-0.00478223	0	896	0.00394678	0	896	-0.0159204	0	896	-0	0	896	0.0706974	0	896	0.0215227	0	
897	-0.00475441	0	897	0.00310862	0	897	-0.0161724	0	897	-0	0	897	0.0729117	0	897	0.0181464	0	
898	-0.00481312	0	898	0.00287933	0	898	-0.0164154	0	898	-0	0	898	0.0740342	0	898	0.0172232	0	
899	-0.00474304	0	899	0.00279517	0	899	-0.0168695	0	899	-0	0	899	0.0754837	0	899	0.016356	0	
900	-0.0045889	0	900	0.00233596	0	900	-0.0171033	0	900	-0	0	900	0.0757263	0	900	0.0138053	0	
901	-0.00461104	0	901	0.00198447	0	901	-0.0172064	0	901	-0	0	901	0.0771489	0	901	0.0125589	0	
902	-0.0046096	0	902	0.00203574	0	902	-0.017458	0	902	-0	0	902	0.0779947	0	902	0.0128727	0	
903	0	0	903	0	0	903	0	0	903	0	0	903	0	0	903	0	0	
904	0	0	904	0	0	904	0	0	904	0	0	904	0	0	904	0	0	
905	0	0	905	0	0	905	0	0	905	0	0	905	0	0	905	0	0	
906	0	0	906	0	0	906	0	0	906	0	0	906	0	0	906	0	0	
907	0	0	907	0	0	907	0	0	907	0	0	907	0	0	907	0	0	
908	0	0	908	0	0	908	0	0	908	0	0	908	0	0	908	0	0	
909	0	0	909	0	0	909	0	0	909	0	0	909	0	0	909	0	0	
910	0	0	910	0	0	910	0	0	910	0	0	910	0	0	910	0	0	
911	0	0	911	0	0	911	0	0	911	0	0	911	0	0	911	0	0	
912	0	0	912	0	0	912	0	0	912	0	0	912	0	0	912	0	0	
913	0	0	913	0	0	913	0	0	913	0	0	913	0	0	913	0	0	
914	0	0	914	0	0	914	0	0	914	0	0	914	0	0	914	0	0	
915	0	0	915	0	0	915	0	0	915	0	0	915	0	0	915	0	0	
916	0	0	916	0	0	916	0	0	916	0	0	916	0	0	916	0	0	
917	0	0	917	0	0	917	0	0	917	0	0	917	0	0	917	0	0	
918	0	0	918	0	0	918	0	0	918	0	0	918	0	0	918	0	0	
919	0.00117474	0	919	0.00115261	0	919	0.00365783	0	919	-0	0	919	-0.0170521	0	919	0.00944275	0	
920	0.00141532	0	920	0.000944853	0	920	0.00433701	0	920	-0	0	920	-0.0207512	0	920	0.00614812	0	
921	0.00158347	0	921	-0.000361481	0	921	0.00494044	0	921	-0	0	921	-0.0219444	0	921	0.00130635	0	
922	0.00141458	0	922	-0.00103603	0	922	0.00457213	0	922	-0	0	922	-0.0209813	0	922	2.04864e-05	0	
923	0.00108716	0	923	-0.000595417	0	923	0.00400194	0	923	-0	0	923	-0.0186709	0	923	0.00285448	0	
924	0.00151554	0	924	-0.000682372	0	924	0.00444011	0	924	-0	0	924	-0.0221976	0	924	-0.000358789	0	
925	0.00191679	0	925	-0.00088334	0	925	0.00601731	0	925	-0	0	925	-0.03025	0	925	-0.00144831	0	
926	0.00213798	0	926	-0.00205852	0	926	0.0079806	0	926	-0	0	926	-0.0364151	0	926	-0.00583365	0	
927	0.00209824	0	927	-0.00279567	0	927	0.00933275	0	927	-0	0	927	-0.040824	0	927	-0.00737346	0	
928	0.00201251	0	928	-0.00245552	0	928	0.00912633	0	928	-0	0	928	-0.0395701	0	928	-0.00622143	0	
929	0.00192233	0	929	-0.00174967	0	929	0.00817568	0	929	-0	0	929	-0.0362342	0	929	-0.00500743	0	
930	0.00195735	0	930	-0.0022319	0	930	0.00723818	0	930	-0	0	930	-0.0319762	0	930	-0.00870408	0	
931	0.00195707	0	931	-0.0027732	0	931	0.00698542	0	931	-0	0	931	-0.0310545	0	931	-0.0112275	0	
932	0.00170584	0	932	-0.00250242	0	932	0.00657467	0	932	-0	0	932	-0.0291344	0	932	-0.00885608	0	
933	0.00127555	0	933	-0.0017299	0	933	0.00596298	0	933	-0	0	933	-0.0262855	0	933	-0.00613873	0	
934	0.00130823	0	934	-0.00146481	0	934	0.00539774	0	934	-0	0	934	-0.0237531	0	934	-0.00636641	0	
935	0.00145939	0	935	-0.00174438	0	935	0.00527527	0	935	-0	0	935	-0.0238878	0	935	-0.00814175	0	
936	0.00130375	0	936	-0.00176582	0	936	0.00497425	0	936	-0	0	936	-0.0220052	0	936	-0.00699381	0	
937	0.00108773	0	937	-0.00143238	0	937	0.00442475	0	937	-0	0	937	-0.0193855	0	937	-0.00581142	0	
938	0.000971103	0	938	-0.000899216	0	938	0.00420896	0	938	-0	0	938	-0.0184047	0	938	-0.00367827	0	
939	0.00098011	0	939	-0.000352887	0	939	0.00441591	0	939	-0	0	939	-0.0194243	0	939	-0.00159594	0	
940	0.000944998	0	940	-0.000658059	0	940	0.00461925	0	940	-0	0	940	-0.0194675	0	940	-0.00316447	0	
941	0.000993585	0	941	-0.00064525	0	941	0.00462603	0	941	-0	0	941	-0.0192223	0	941	-0.00300999	0	
942	0.000971646	0	942	-0.00066806	0	942	0.00451697	0	942	-0	0	942	-0.0185782	0	942	-0.00262109	0	
943	0.00102957	0	943	-0.000569636	0	943	0.00447617	0	943	-0	0	943	-0.0193351	0	943	-0.00270522	0	
944	0.000920111	0	944	-0.000772652	0	944	0.0045992	0	944	-0	0	944	-0.0184384	0	944	-0.00328041	0	
945	0.00087229	0	945	-0.00083814	0	945	0.00468783	0	945	-0	0	945	-0.0174568	0	945	-0.00348883	0	
946	0.000823471	0	946	-0.000679521	0	946	0.0045279	0	946	-0	0	946	-0.017371	0	946	-0.00213516	0	
947	0.00078832	0	947	-0.000606237	0	947	0.00436476	0	947	-0	0	947	-0.0174444	0	947	-0.00195938	0	
948	0.000690046	0	948	-0.000712945	0	948	0.00427125	0	948	-0	0	948	-0.0177946	0	948	-0.00223554	0	
949	0.000721658	0	949	-0.00027725	0	949	0.00401766	0	949	-0	0	949	-0.0156042	0	949	0.000595063	0	
950	0	0	950	0	0	950	0	0	950	0	0	950	0	0	950	0	0	
951	0	0	951	0	0	951	0	0	951	0	0	951	0	0	951	0	0	
952	0.00125018	0	952	-0.000799502	0	952	0.00508008	0	952	-0	0	952	-0.0212562	0	952	-0.00371268	0	
953	0.00108858	0	953	-0.00105021	0	953	0.00476021	0	953	-0	0	953	-0.0183128	0	953	-0.0033923	0	
954	0.00112592	0	954	-0.000798478	0	954	0.00438503	0	954	-0	0	954	-0.018007	0	954	-0.002471	0	
955	0.00127135	0	955	-0.00149418	0	955	0.00491242	0	955	-0	0	955	-0.0218519	0	955	-0.00754168	0	
956	0.00154561	0	956	-0.0015659	0	956	0.00642538	0	956	-0	0	956	-0.0281238	0	956	-0.00757659	0	
957	0.00224643	0	957	-0.00250548	0	957	0.00975118	0	957	-0	0	957	-0.0444747	0	957	-0.0122136	0	
958	0.0031648	0	958	-0.00294068	0	958	0.0125327	0	958	-0	0	958	-0.0574464	0	958	-0.0133939	0	
959	0.00387153	0	959	-0.0033453	0	959	0.014633	0	959	-0	0	959	-0.0635766	0	959	-0.0162837	0	
960	0.00494008	0	960	-0.0030048	0	960	0.0152785	0	960	-0	0	960	-0.0626763	0	960	-0.0165465	0	
961	0.00662628	0	961	-0.00269509	0	961	0.0165439	0	961	-0	0	961	-0.0716566	0	961	-0.0169134	0	
962	0.00859037	0	962	-0.0029621	0	962	0.0180293	0	962	-0	0	962	-0.0800093	0	962	-0.0204373	0	
963	0.0105535	0	963	-0.0040942	0	963	0.0203138	0	963	-0	0	963	-0.0874035	0	963	-0.0257883	0	
964	0.0128344	0	964	-0.00538266	0	964	0.0226718	0	964	-0	0	964	-0.0968267	0	964	-0.0315251	0	
965	0.0147431	0	965	-0.00670611	0	965	0.0250381	0	965	-0	0	965	-0.1	0	965	-0.0362645	0	
966	0.0159948	0	966	-0.00708752	0	966	0.0268965	0	966	-0	0	966	-0.1	0	966	-0.0378583	0	
967	0.0169415	0	967	-0.00705621	0	967	0.0280243	0	967	-0	0	967	-0.1	0	967	-0.0382021	0	
968	0.0175247	0	968	-0.00710214	0	968	0.0283731	0	968	-0	0	968	-0.1	0	968	-0.0399582	0	
969	0.0177467	0	969	-0.00653691	0	969	0.0282144	0	969	-0	0	969	-0.1	0	969	-0.0390588	0	
970	0	0	970	0	0	970	0	0	970	0	0	970	0	0	970	0	0	
971	0	0	971	0	0	971	0	0	971	0	0	971	0	0	971	0	0	
972	0	0	972	0	0	972	0	0	972	0	0	972	0	0	972	0	0	
973	0	0	973	0	0	973	0	0	973	0	0	973	0	0	973	0	0	
974	0	0	974	0	0	974	0	0	974	0	0	974	0	0	974	0	0	
975	0	0	975	0	0	975	0	0	975	0	0	975	0	0	975	0	0	
976	0	0	976	0	0	976	0	0	976	0	0	976	0	0	976	0	0	
977	0	0	977	0	0	977	0	0	977	0	0	977	0	0	977	0	0	
978	0	0	978	0	0	978	0	0	978	0	0	978	0	0	978	0	0	
979	0	0	979	0	0	979	0	0	979	0	0	979	0	0	979	0	0	
980	-0.00122912	0	980	-0.00231696	0	980	0.00498877	0	980	-0	0	980	-0.0123839	0	980	-0.00945737	0	
981	-0.00452139	0	981	0.00049957	0	981	-0.00444357	0	981	-0	0	981	0.0256608	0	981	0.00334625	0	
982	-0.00613453	0	982	0.000259163	0	982	-0.013005	0	982	-0	0	982	0.054289	0	982	0.00629037	0	
983	-0.00820093	0	983	0.000111024	0	983	-0.0195756	0	983	-0	0	983	0.0807171	0	983	0.0114286	0	
984	-0.0102833	0	984	0.000344004	0	984	-0.0233757	0	984	-0	0	984	0.0993681	0	984	0.0162586	0	
985	-0.0109215	0	985	0.000992476	0	985	-0.0250561	0	985	-0	0	985	0.1	0	985	0.0185922	0	
986	-0.0104114	0	986	0.00130342	0	986	-0.0246825	0	986	-0	0	986	0.1	0	986	0.0187272	0	
987	-0.00943245	0	987	0.00242415	0	987	-0.0230196	0	987	-0	0	987	0.0979853	0	987	0.0223216	0	
988	-0.00885178	0	988	0.000857498	0	988	-0.0216664	0	988	-0	0	988	0.0935416	0	988	0.0160944	0	
989	-0.00810231	0	989	-0.000444087	0	989	-0.0208619	0	989	-0	0	989	0.0896664	0	989	0.010592	0	
990	-0.00769163	0	990	-0.000406469	0	990	-0.02	0	990	-0	0	990	0.0859731	0	990	0.0105719	0	
991	-0.00727423	0	991	8.36839e-05	0	991	-0.0193968	0	991	-0	0	991	0.0831287	0	991	0.0114241	0	
992	-0.0068117	0	992	3.51143e-05	0	992	-0.0189353	0	992	-0	0	992	0.0813633	0	992	0.00979552	0	
993	-0.00653474	0	993	3.63376e-05	0	993	-0.0182752	0	993	-0	0	993	0.0790534	0	993	0.00974371	0	
994	-0.00604568	0	994	2.04139e-05	0	994	-0.0176172	0	994	-0	0	994	0.0758333	0	994	0.00960101	0	
995	-0.00555035	0	995	0.000211144	0	995	-0.0168248	0	995	-0	0	995	0.0712202	0	995	0.00931419	0	
996	-0.00512842	0	996	3.0513e-05	0	996	-0.0155719	0	996	-0	0	996	0.0667852	0	996	0.00808193	0	
997	-0.004482	0	997	1.314e-05	0	997	-0.0144429	0	997	-0	0	997	0.0604622	0	997	0.0072273	0	
998	-0.00352279	0	998	2.93487e-05	0	998	-0.0133688	0	998	-0	0	998	0.0553976	0	998	0.00727802	0	
999	0.00019848	0	999	0.00186514	0	999	-0.0128756	0	999	-0	0	999	0.0527995	0	999	0.0132295	0	
1000	0.00463321	0	1000	0.000813477	0	1000	-0.0106349	0	1000	-0	0	1000	0.0440306	0	1000	0.00649997	0	
1001	0.00937526	0	1001	-0.0012027	0	1001	-0.0091437	0	1001	-0	0	1001	0.0418007	0	1001	0.00189324	0	
1002	0.0141164	0	1002	-0.00229398	0	1002	-0.00943779	0	1002	-0	0	1002	0.0430387	0	1002	-0.00545404	0	
1003	0.0172346	0	1003	-0.00301069	0	1003	-0.00934725	0	1003	-0	0	1003	0.0429646	0	1003	-0.00816236	0	
1004	0.0192704	0	1004	-0.00266853	0	1004	-0.00825104	0	1004	-0	0	1004	0.0408492	0	1004	-0.0104088	0	
1005	0.0205554	0	1005	-0.00216889	0	1005	-0.00700386	0	1005	-0	0	1005	0.0360919	0	1005	-0.01249	0	
1006	0.0215889	0	1006	-0.00162587	0	1006	-0.00645774	0	1006	-0	0	1006	0.0345339	0	1006	-0.0135746	0	
1007	0	0	1007	0	0	1007	0	0	1007	0	0	1007	0	0	1007	0	0	
1008	0	0	1008	0	0	1008	0	0	1008	0	0	1008	0	0	1008	0	0	
1009	0	0	1009	0	0	1009	0	0	1009	0	0	1009	0	0	1009	0	0	
1010	0	0	1010	0	0	1010	0	0	1010	0	0	1010	0	0	1010	0	0	
1011	0	0	1011	0	0	1011	0	0	1011	0	0	1011	0	0	1011	0	0	
1012	0	0	1012	0	0	1012	0	0	1012	0	0	1012	0	0	1012	0	0	
1013	0	0	1013	0	0	1013	0	0	1013	0	0	1013	0	0	1013	0	0	
1014	0	0	1014	0	0	1014	0	0	1014	0	0	1014	0	0	1014	0	0	
1015	0	0	1015	0	0	1015	0	0	1015	0	0	1015	0	0	1015	0	0	
1016	0	0	1016	0	0	1016	0	0	1016	0	0	1016	0	0	1016	0	0	
1017	0	0	1017	0	0	1017	0	0	1017	0	0	1017	0	0	1017	0	0	
1018	0	0	1018	0	0	1018	0	0	1018	0	0	1018	0	0	1018	0	0	
1019	0	0	1019	0	0	1019	0	0	1019	0	0	1019	0	0	1019	0	0	
1020	0	0	1020	0	0	1020	0	0	1020	0	0	1020	0	0	1020	0	0	
1021	0	0	1021	0	0	1021	0	0	1021	0	0	1021	0	0	1021	0	0	
1022	0	0	1022	0	0	1022	0	0	1022	0	0	1022	0	0	1022	0	0	
1023	0	0	1023	0	0	1023	0	0	1023	0	0	1023	0	0	1023	0	0	
1024	0	0	1024	0	0	1024	0	0	1024	0	0	1024	0	0	1024	0	0	
1025	0	0	1025	0	0	1025	0	0	1025	0	0	1025	0	0	1025	0	0	
1026	0	0	1026	0	0	1026	0	0	1026	0	0	1026	0	0	1026	0	0	
1027	0	0	1027	0	0	1027	0	0	1027	0	0	1027	0	0	1027	0	0	
1028	0	0	1028	0	0	1028	0	0	1028	0	0	1028	0	0	1028	0	0	
1029	0	0	1029	0	0	1029	0	0	1029	0	0	1029	0	0	1029	0	0	
1030	0	0	1030	0	0	1030	0	0	1030	0	0	1030	0	0	1030	0	0	
1031	0	0	1031	0	0	1031	0	0	1031	0	0	1031	0	0	1031	0	0	
1032	0	0	1032	0	0	1032	0	0	1032	0	0	1032	0	0	1032	0	0	
1033	0	0	1033	0	0	1033	0	0	1033	0	0	1033	0	0	1033	0	0	
1034	0	0	1034	0	0	1034	0	0	1034	0	0	1034	0	0	1034	0	0	
1035	0	0	1035	0	0	1035	0	0	1035	0	0	1035	0	0	1035	0	0	
1036	0	0	1036	0	0	1036	0	0	1036	0	0	1036	0	0	1036	0	0	
1037	0	0	1037	0	0	1037	0	0	1037	0	0	1037	0	0	1037	0	0	
1038	0	0	1038	0	0	1038	0	0	1038	0	0	1038	0	0	1038	0	0	
1039	0	0	1039	0	0	1039	0	0	1039	0	0	1039	0	0	1039	0	0	
1040	0	0	1040	0	0	1040	0	0	1040	0	0	1040	0	0	1040	0	0	
1041	0	0	1041	0	0	1041	0	0	1041	0	0	1041	0	0	1041	0	0	
1042	0	0	1042	0	0	1042	0	0	1042	0	0	1042	0	0	1042	0	0	
1043	0	0	1043	0	0	1043	0	0	1043	0	0	1043	0	0	1043	0	0	
1044	0	0	1044	0	0	1044	0	0	1044	0	0	1044	0	0	1044	0	0	
1045	0	0	1045	0	0	1045	0	0	1045	0	0	1045	0	0	1045	0	0	
1046	0	0	1046	0	0	1046	0	0	1046	0	0	1046	0	0	1046	0	0	
1047	0	0	1047	0	0	1047	0	0	1047	0	0	1047	0	0	1047	0	0	
1048	0	0	1048	0	0	1048	0	0	1048	0	0	1048	0	0	1048	0	0	
1049	0	0	1049	0	0	1049	0	0	1049	0	0	1049	0	0	1049	0	0	
1050	0	0	1050	0	0	1050	0	0	1050	0	0	1050	0	0	1050	0	0	
1051	0	0	1051	0	0	1051	0	0	1051	0	0	1051	0	0	1051	0	0	
1052	-0.00867056	0	1052	0.0195097	0	1052	-0.00900933	0	1052	-0	0	1052	0.00434969	0	1052	0.1	0	
1053	0	0	1053	0	0	1053	0	0	1053	0	0	1053	0	0	1053	0	0	
1054	0	0	1054	0	0	1054	0	0	1054	0	0	1054	0	0	1054	0	0	
1055	0	0	1055	0	0	1055	0	0	1055	0	0	1055	0	0	1055	0	0	
1056	0	0	1056	0	0	1056	0	0	1056	0	0	1056	0	0	1056	0	0	
1057	0	0	1057	0	0	1057	0	0	1057	0	0	1057	0	0	1057	0	0	
1058	0	0	1058	0	0	1058	0	0	1058	0	0	1058	0	0	1058	0	0	
1059	0	0	1059	0	0	1059	0	0	1059	0	0	1059	0	0	1059	0	0	
1060	0	0	1060	0	0	1060	0	0	1060	0	0	1060	0	0	1060	0	0	
1061	0	0	1061	0	0	1061	0	0	1061	0	0	1061	0	0	1061	0	0	
1062	0	0	1062	0	0	1062	0	0	1062	0	0	1062	0	0	1062	0	0	
1063	0	0	1063	0	0	1063	0	0	1063	0	0	1063	0	0	1063	0	0	
1064	0	0	1064	0	0	1064	0	0	1064	0	0	1064	0	0	1064	0	0	
1065	0	0	1065	0	0	1065	0	0	1065	0	0	1065	0	0	1065	0	0	
1066	0	0	1066	0	0	1066	0	0	1066	0	0	1066	0	0	1066	0	0	
1067	0	0	1067	0	0	1067	0	0	1067	0	0	1067	0	0	1067	0	0	
1068	0	0	1068	0	0	1068	0	0	1068	0	0	1068	0	0	1068	0	0	
1069	0	0	1069	0	0	1069	0	0	1069	0	0	1069	0	0	1069	0	0	
1070	0	0	1070	0	0	1070	0	0	1070	0	0	1070	0	0	1070	0	0	
1071	0	0	1071	0	0	1071	0	0	1071	0	0	1071	0	0	1071	0	0	
1072	0	0	1072	0	0	1072	0	0	1072	0	0	1072	0	0	1072	0	0	
1073	0	0	1073	0	0	1073	0	0	1073	0	0	1073	0	0	1073	0	0	
1074	0	0	1074	0	0	1074	0	0	1074	0	0	1074	0	0	1074	0	0	
1075	0	0	1075	0	0	1075	0	0	1075	0	0	1075	0	0	1075	0	0	
1076	0	0	1076	0	0	1076	0	0	1076	0	0	1076	0	0	1076	0	0	
1077	0	0	1077	0	0	1077	0	0	1077	0	0	1077	0	0	1077	0	0	
1078	0	0	1078	0	0	1078	0	0	1078	0	0	1078	0	0	1078	0	0	
1079	0	0	1079	0	0	1079	0	0	1079	0	0	1079	0	0	1079	0	0	
1080	0	0	1080	0	0	1080	0	0	1080	0	0	1080	0	0	1080	0	0	
1081	0	0	1081	0	0	1081	0	0	1081	0	0	1081	0	0	1081	0	0	
1082	0	0	1082	0	0	1082	0	0	1082	0	0	1082	0	0	1082	0	0	
1083	0	0	1083	0	0	1083	0	0	1083	0	0	1083	0	0	1083	0	0	
1084	0	0	1084	0	0	1084	0	0	1084	0	0	1084	0	0	1084	0	0	
1085	0	0	1085	0	0	1085	0	0	1085	0	0	1085	0	0	1085	0	0	
1086	0	0	1086	0	0	1086	0	0	1086	0	0	1086	0	0	1086	0	0	
1087	0	0	1087	0	0	1087	0	0	1087	0	0	1087	0	0	1087	0	0	
1088	0	0	1088	0	0	1088	0	0	1088	0	0	1088	0	0	1088	0	0	
1089	0	0	1089	0	0	1089	0	0	1089	0	0	1089	0	0	1089	0	0	
1090	0	0	1090	0	0	1090	0	0	1090	0	0	1090	0	0	1090	0	0	
1091	0	0	1091	0	0	1091	0	0	1091	0	0	1091	0	0	1091	0	0	
1092	0	0	1092	0	0	1092	0	0	1092	0	0	1092	0	0	1092	0	0	
1093	0	0	1093	0	0	1093	0	0	1093	0	0	1093	0	0	1093	0	0	
1094	0	0	1094	0	0	1094	0	0	1094	0	0	1094	0	0	1094	0	0	
1095	0	0	1095	0	0	1095	0	0	1095	0	0	1095	0	0	1095	0	0	
1096	0	0	1096	0	0	1096	0	0	1096	0	0	1096	0	0	1096	0	0	
1097	0	0	1097	0	0	1097	0	0	1097	0	0	1097	0	0	1097	0	0	
1098	0	0	1098	0	0	1098	0	0	1098	0	0	1098	0	0	1098	0	0	
1099	0	0	1099	0	0	1099	0	0	1099	0	0	1099	0	0	1099	0	0	
1100	0	0	1100	0	0	1100	0	0	1100	0	0	1100	0	0	1100	0	0	
1101	0	0	1101	0	0	1101	0	0	1101	0	0	1101	0	0	1101	0	0	
1102	0	0	1102	0	0	1102	0	0	1102	0	0	1102	0	0	1102	0	0	
1103	0	0	1103	0	0	1103	0	0	1103	0	0	1103	0	0	1103	0	0	
1104	0	0	1104	0	0	1104	0	0	1104	0	0	1104	0	0	1104	0	0	
1105	0	0	1105	0	0	1105	0	0	1105	0	0	1105	0	0	1105	0	0	
1106	0	0	1106	0	0	1106	0	0	1106	0	0	1106	0	0	1106	0	0	
1107	0	0	1107	0	0	1107	0	0	1107	0	0	1107	0	0	1107	0	0	
1108	0	0	1108	0	0	1108	0	0	1108	0	0	1108	0	0	1108	0	0	
1109	0	0	1109	0	0	1109	0	0	1109	0	0	1109	0	0	1109	0	0	
1110	0	0	1110	0	0	1110	0	0	1110	0	0	1110	0	0	1110	0	0	
1111	0	0	1111	0	0	1111	0	0	1111	0	0	1111	0	0	1111	0	0	
1112	0	0	1112	0	0	1112	0	0	1112	0	0	1112	0	0	1112	0	0	
1113	0	0	1113	0	0	1113	0	0	1113	0	0	1113	0	0	1113	0	0	
1114	0	0	1114	0	0	1114	0	0	1114	0	0	1114	0	0	1114	0	0	
1115	0	0	1115	0	0	1115	0	0	1115	0	0	1115	0	0	1115	0	0	
1116	0	0	1116	0	0	1116	0	0	1116	0	0	1116	0	0	1116	0	0	
1117	0	0	1117	0	0	1117	0	0	1117	0	0	1117	0	0	1117	0	0	
1118	0	0	1118	0	0	1118	0	0	1118	0	0	1118	0	0	1118	0	0	
1119	0	0	1119	0	0	1119	0	0	1119	0	0	1119	0	0	1119	0	0	
1120	0	0	1120	0	0	1120	0	0	1120	0	0	1120	0	0	1120	0	0	
1121	0	0	1121	0	0	1121	0	0	1121	0	0	1121	0	0	1121	0	0	
1122	0	0	1122	0	0	1122	0	0	1122	0	0	1122	0	0	1122	0	0	
1123	0	0	1123	0	0	1123	0	0	1123	0	0	1123	0	0	1123	0	0	
1124	0	0	1124	0	0	1124	0	0	1124	0	0	1124	0	0	1124	0	0	
1125	0	0	1125	0	0	1125	0	0	1125	0	0	1125	0	0	1125	0	0	
1126	0	0	1126	0	0	1126	0	0	1126	0	0	1126	0	0	1126	0	0	
1127	0	0	1127	0	0	1127	0	0	1127	0	0	1127	0	0	1127	0	0	
1128	0	0	1128	0	0	1128	0	0	1128	0	0	1128	0	0	1128	0	0	
1129	0	0	1129	0	0	1129	0	0	1129	0	0	1129	0	0	1129	0	0	
1130	0	0	1130	0	0	1130	0	0	1130	0	0	1130	0	0	1130	0	0	
1131	0	0	1131	0	0	1131	0	0	1131	0	0	1131	0	0	1131	0	0	
1132	0	0	1132	0	0	1132	0	0	1132	0	0	1132	0	0	1132	0	0	
1133	0	0	1133	0	0	1133	0	0	1133	0	0	1133	0	0	1133	0	0	
1134	0	0	1134	0	0	1134	0	0	1134	0	0	1134	0	0	1134	0	0	
1135	0	0	1135	0	0	1135	0	0	1135	0	0	1135	0	0	1135	0	0	
1136	0	0	1136	0	0	1136	0	0	1136	0	0	1136	0	0	1136	0	0	
1137	0	0	1137	0	0	1137	0	0	1137	0	0	1137	0	0	1137	0	0	
1138	0	0	1138	0	0	1138	0	0	1138	0	0	1138	0	0	1138	0	0	
1139	0	0	1139	0	0	1139	0	0	1139	0	0	1139	0	0	1139	0	0	
1140	0	0	1140	0	0	1140	0	0	1140	0	0	1140	0	0	1140	0	0	
1141	0	0	1141	0	0	1141	0	0	1141	0	0	1141	0	0	1141	0	0	
1142	0	0	1142	0	0	1142	0	0	1142	0	0	1142	0	0	1142	0	0	
1143	0	0	1143	0	0	1143	0	0	1143	0	0	1143	0	0	1143	0	0	
1144	0	0	1144	0	0	1144	0	0	1144	0	0	1144	0	0	1144	0	0	
1145	0	0	1145	0	0	1145	0	0	1145	0	0	1145	0	0	1145	0	0	
1146	0	0	1146	0	0	1146	0	0	1146	0	0	1146	0	0	1146	0	0	
1147	0	0	1147	0	0	1147	0	0	1147	0	0	1147	0	0	1147	0	0	
1148	0	0	1148	0	0	1148	0	0	1148	0	0	1148	0	0	1148	0	0	
1149	0	0	1149	0	0	1149	0	0	1149	0	0	1149	0	0	1149	0	0	
1150	0	0	1150	0	0	1150	0	0	1150	0	0	1150	0	0	1150	0	0	
1151	0	0	1151	0	0	1151	0	0	1151	0	0	1151	0	0	1151	0	0	
1152	0	0	1152	0	0	1152	0	0	1152	0	0	1152	0	0	1152	0	0	
1153	0	0	1153	0	0	1153	0	0	1153	0	0	1153	0	0	1153	0	0	
1154	0	0	1154	0	0	1154	0	0	1154	0	0	1154	0	0	1154	0	0	
1155	0	0	1155	0	0	1155	0	0	1155	0	0	1155	0	0	1155	0	0	
1156	0	0	1156	0	0	1156	0	0	1156	0	0	1156	0	0	1156	0	0	
1157	0	0	1157	0	0	1157	0	0	1157	0	0	1157	0	0	1157	0	0	
1158	0	0	1158	0	0	1158	0	0	1158	0	0	1158	0	0	1158	0	0	
1159	0	0	1159	0	0	1159	0	0	1159	0	0	1159	0	0	1159	0	0	
1160	0	0	1160	0	0	1160	0	0	1160	0	0	1160	0	0	1160	0	0	
1161	0	0	1161	0	0	1161	0	0	1161	0	0	1161	0	0	1161	0	0	
1162	0	0	1162	0	0	1162	0	0	1162	0	0	1162	0	0	1162	0	0	
1163	0	0	1163	0	0	1163	0	0	1163	0	0	1163	0	0	1163	0	0	
1164	0	0	1164	0	0	1164	0	0	1164	0	0	1164	0	0	1164	0	0	
1165	0	0	1165	0	0	1165	0	0	1165	0	0	1165	0	0	1165	0	0	
1166	0	0	1166	0	0	1166	0	0	1166	0	0	1166	0	0	1166	0	0	
1167	0	0	1167	0	0	1167	0	0	1167	0	0	1167	0	0	1167	0	0	
1168	0	0	1168	0	0	1168	0	0	1168	0	0	1168	0	0	1168	0	0	
1169	0	0	1169	0	0	1169	0	0	1169	0	0	1169	0	0	1169	0	0	
1170	0	0	1170	0	0	1170	0	0	1170	0	0	1170	0	0	1170	0	0	
1171	0	0	1171	0	0	1171	0	0	1171	0	0	1171	0	0	1171	0	0	
1172	0	0	1172	0	0	1172	0	0	1172	0	0	1172	0	0	1172	0	0	
1173	0	0	1173	0	0	1173	0	0	1173	0	0	1173	0	0	1173	0	0	
1174	0	0	1174	0	0	1174	0	0	1174	0	0	1174	0	0	1174	0	0	
1175	0	0	1175	0	0	1175	0	0	1175	0	0	1175	0	0	1175	0	0	
1176	0	0	1176	0	0	1176	0	0	1176	0	0	1176	0	0	1176	0	0	
1177	0	0	1177	0	0	1177	0	0	1177	0	0	1177	0	0	1177	0	0	
1178	0	0	1178	0	0	1178	0	0	1178	0	0	1178	0	0	1178	0	0	
1179	0	0	1179	0	0	1179	0	0	1179	0	0	1179	0	0	1179	0	0	
1180	0	0	1180	0	0	1180	0	0	1180	0	0	1180	0	0	1180	0	0	
1181	0	0	1181	0	0	1181	0	0	1181	0	0	1181	0	0	1181	0	0	
1182	0	0	1182	0	0	1182	0	0	1182	0	0	1182	0	0	1182	0	0	
1183	0	0	1183	0	0	1183	0	0	1183	0	0	1183	0	0	1183	0	0	
1184	0	0	1184	0	0	1184	0	0	1184	0	0	1184	0	0	1184	0	0	
1185	0	0	1185	0	0	1185	0	0	1185	0	0	1185	0	0	1185	0	0	
1186	0	0	1186	0	0	1186	0	0	1186	0	0	1186	0	0	1186	0	0	
1187	0	0	1187	0	0	1187	0	0	1187	0	0	1187	0	0	1187	0	0	
1188	0	0	1188	0	0	1188	0	0	1188	0	0	1188	0	0	1188	0	0	
1189	0	0	1189	0	0	1189	0	0	1189	0	0	1189	0	0	1189	0	0	
1190	0	0	1190	0	0	1190	0	0	1190	0	0	1190	0	0	1190	0	0	
1191	0	0	1191	0	0	1191	0	0	1191	0	0	1191	0	0	1191	0	0	
1192	0	0	1192	0	0	1192	0	0	1192	0	0	1192	0	0	1192	0	0	
1193	0	0	1193	0	0	1193	0	0	1193	0	0	1193	0	0	1193	0	0	
1194	0	0	1194	0	0	1194	0	0	1194	0	0	1194	0	0	1194	0	0	
1195	0	0	1195	0	0	1195	0	0	1195	0	0	1195	0	0	1195	0	0	
1196	0	0	1196	0	0	1196	0	0	1196	0	0	1196	0	0	1196	0	0	
1197	0	0	1197	0	0	1197	0	0	1197	0	0	1197	0	0	1197	0	0	
1198	0	0	1198	0	0	1198	0	0	1198	0	0	1198	0	0	1198	0	0	
1199	0	0	1199	0	0	1199	0	0	1199	0	0	1199	0	0	1199	0	0	
1200	0	0	1200	0	0	1200	0	0	1200	0	0	1200	0	0	1200	0	0	
1201	0	0	1201	0	0	1201	0	0	1201	0	0	1201	0	0	1201	0	0	
1202	0	0	1202	0	0	1202	0	0	1202	0	0	1202	0	0	1202	0	0	
1203	0	0	1203	0	0	1203	0	0	1203	0	0	1203	0	0	1203	0	0	
1204	0	0	1204	0	0	1204	0	0	1204	0	0	1204	0	0	1204	0	0	
1205	0	0	1205	0	0	1205	0	0	1205	0	0	1205	0	0	1205	0	0	
1206	0	0	1206	0	0	1206	0	0	1206	0	0	1206	0	0	1206	0	0	
1207	0	0	1207	0	0	1207	0	0	1207	0	0	1207	0	0	1207	0	0	
1208	0	0	1208	0	0	1208	0	0	1208	0	0	1208	0	0	1208	0	0	
1209	0	0	1209	0	0	1209	0	0	1209	0	0	1209	0	0	1209	0	0	
1210	0	0	1210	0	0	1210	0	0	1210	0	0	1210	0	0	1210	0	0	
1211	0	0	1211	0	0	1211	0	0	1211	0	0	1211	0	0	1211	0	0	
1212	0	0	1212	0	0	1212	0	0	1212	0	0	1212	0	0	1212	0	0	
1213	0	0	1213	0	0	1213	0	0	1213	0	0	1213	0	0	1213	0	0	
1214	0	0	1214	0	0	1214	0	0	1214	0	0	1214	0	0	1214	0	0	
1215	0	0	1215	0	0	1215	0	0	1215	0	0	1215	0	0	1215	0	0	
1216	0	0	1216	0	0	1216	0	0	1216	0	0	1216	0	0	1216	0	0	
1217	0	0	1217	0	0	1217	0	0	1217	0	0	1217	0	0	1217	0	0	
1218	0	0	1218	0	0	1218	0	0	1218	0	0	1218	0	0	1218	0	0	
1219	0	0	1219	0	0	1219	0	0	1219	0	0	1219	0	0	1219	0	0	
1220	0	0	1220	0	0	1220	0	0	1220	0	0	1220	0	0	1220	0	0	
1221	0	0	1221	0	0	1221	0	0	1221	0	0	1221	0	0	1221	0	0	
1222	0	0	1222	0	0	1222	0	0	1222	0	0	1222	0	0	1222	0	0	
1223	0	0	1223	0	0	1223	0	0	1223	0	0	1223	0	0	1223	0	0	
1224	0	0	1224	0	0	1224	0	0	1224	0	0	1224	0	0	1224	0	0	
1225	0	0	1225	0	0	1225	0	0	1225	0	0	1225	0	0	1225	0	0	
1226	0	0	1226	0	0	1226	0	0	1226	0	0	1226	0	0	1226	0	0	
1227	0	0	1227	0	0	1227	0	0	1227	0	0	1227	0	0	1227	0	0	
1228	0	0	1228	0	0	1228	0	0	1228	0	0	1228	0	0	1228	0	0	
1229	0	0	1229	0	0	1229	0	0	1229	0	0	1229	0	0	1229	0	0	
1230	0	0	1230	0	0	1230	0	0	1230	0	0	1230	0	0	1230	0	0	
1231	0	0	1231	0	0	1231	0	0	1231	0	0	1231	0	0	1231	0	0	
1232	0	0	1232	0	0	1232	0	0	1232	0	0	1232	0	0	1232	0	0	
1233	0	0	1233	0	0	1233	0	0	1233	0	0	1233	0	0	1233	0	0	
1234	0	0	1234	0	0	1234	0	0	1234	0	0	1234	0	0	1234	0	0	
1235	0	0	1235	0	0	1235	0	0	1235	0	0	1235	0	0	1235	0	0	
1236	0	0	1236	0	0	1236	0	0	1236	0	0	1236	0	0	1236	0	0	
1237	0	0	1237	0	0	1237	0	0	1237	0	0	1237	0	0	1237	0	0	
1238	0	0	1238	0	0	1238	0	0	1238	0	0	1238	0	0	1238	0	0	
1239	0	0	1239	0	0	1239	0	0	1239	0	0	1239	0	0	1239	0	0	
1240	0	0	1240	0	0	1240	0	0	1240	0	0	1240	0	0	1240	0	0	
1241	0	0	1241	0	0	1241	0	0	1241	0	0	1241	0	0	1241	0	0	
1242	0	0	1242	0	0	1242	0	0	1242	0	0	1242	0	0	1242	0	0	
1243	0	0	1243	0	0	1243	0	0	1243	0	0	1243	0	0	1243	0	0	
1244	0	0	1244	0	0	1244	0	0	1244	0	0	1244	0	0	1244	0	0	
1245	0	0	1245	0	0	1245	0	0	1245	0	0	1245	0	0	1245	0	0	
1246	0	0	1246	0	0	1246	0	0	1246	0	0	1246	0	0	1246	0	0	
1247	0	0	1247	0	0	1247	0	0	1247	0	0	1247	0	0	1247	0	0	
1248	0	0	1248	0	0	1248	0	0	1248	0	0	1248	0	0	1248	0	0	
1249	0	0	1249	0	0	1249	0	0	1249	0	0	1249	0	0	1249	0	0	
1250	0	0	1250	0	0	1250	0	0	1250	0	0	1250	0	0	1250	0	0	
1251	0	0	1251	0	0	1251	0	0	1251	0	0	1251	0	0	1251	0	0	
1252	0	0	1252	0	0	1252	0	0	1252	0	0	1252	0	0	1252	0	0	
1253	0	0	1253	0	0	1253	0	0	1253	0	0	1253	0	0	1253	0	0	
1254	0	0	1254	0	0	1254	0	0	1254	0	0	1254	0	0	1254	0	0	
1255	0	0	1255	0	0	1255	0	0	1255	0	0	1255	0	0	1255	0	0	
1256	0	0	1256	0	0	1256	0	0	1256	0	0	1256	0	0	1256	0	0	
1257	0	0	1257	0	0	1257	0	0	1257	0	0	1257	0	0	1257	0	0	
1258	0	0	1258	0	0	1258	0	0	1258	0	0	1258	0	0	1258	0	0	
1259	0	0	1259	0	0	1259	0	0	1259	0	0	1259	0	0	1259	0	0	
1260	0	0	1260	0	0	1260	0	0	1260	0	0	1260	0	0	1260	0	0	
1261	0	0	1261	0	0	1261	0	0	1261	0	0	1261	0	0	1261	0	0	
1262	0	0	1262	0	0	1262	0	0	1262	0	0	1262	0	0	1262	0	0	
1263	0	0	1263	0	0	1263	0	0	1263	0	0	1263	0	0	1263	0	0	
1264	0	0	1264	0	0	1264	0	0	1264	0	0	1264	0	0	1264	0	0	
1265	0	0	1265	0	0	1265	0	0	1265	0	0	1265	0	0	1265	0	0	
1266	0	0	1266	0	0	1266	0	0	1266	0	0	1266	0	0	1266	0	0	
1267	0	0	1267	0	0	1267	0	0	1267	0	0	1267	0	0	1267	0	0	
1268	0	0	1268	0	0	1268	0	0	1268	0	0	1268	0	0	1268	0	0	
1269	0	0	1269	0	0	1269	0	0	1269	0	0	1269	0	0	1269	0	0	
1270	0	0	1270	0	0	1270	0	0	1270	0	0	1270	0	0	1270	0	0	
1271	0	0	1271	0	0	1271	0	0	1271	0	0	1271	0	0	1271	0	0	
1272	0	0	1272	0	0	1272	0	0	1272	0	0	1272	0	0	1272	0	0	
1273	0	0	1273	0	0	1273	0	0	1273	0	0	1273	0	0	1273	0	0	
1274	0	0	1274	0	0	1274	0	0	1274	0	0	1274	0	0	1274	0	0	
1275	0	0	1275	0	0	1275	0	0	1275	0	0	1275	0	0	1275	0	0	
1276	0	0	1276	0	0	1276	0	0	1276	0	0	1276	0	0	1276	0	0	
1277	0	0	1277	0	0	1277	0	0	1277	0	0	1277	0	0	1277	0	0	
1278	0	0	1278	0	0	1278	0	0	1278	0	0	1278	0	0	1278	0	0	
1279	0	0	1279	0	0	1279	0	0	1279	0	0	1279	0	0	1279	0	0	
1280	0	0	1280	0	0	1280	0	0	1280	0	0	1280	0	0	1280	0	0	
1281	0	0	1281	0	0	1281	0	0	1281	0	0	1281	0	0	1281	0	0	
1282	0	0	1282	0	0	1282	0	0	1282	0	0	1282	0	0	1282	0	0	
1283	0	0	1283	0	0	1283	0	0	1283	0	0	1283	0	0	1283	0	0	
1284	0	0	1284	0	0	1284	0	0	1284	0	0	1284	0	0	1284	0	0	
1285	0	0	1285	0	0	1285	0	0	1285	0	0	1285	0	0	1285	0	0	
1286	0	0	1286	0	0	1286	0	0	1286	0	0	1286	0	0	1286	0	0	
1287	0	0	1287	0	0	1287	0	0	1287	0	0	1287	0	0	1287	0	0	
1288	0	0	1288	0	0	1288	0	0	1288	0	0	1288	0	0	1288	0	0	
1289	0	0	1289	0	0	1289	0	0	1289	0	0	1289	0	0	1289	0	0	
1290	0	0	1290	0	0	1290	0	0	1290	0	0	1290	0	0	1290	0	0	
1291	0	0	1291	0	0	1291	0	0	1291	0	0	1291	0	0	1291	0	0	
1292	0	0	1292	0	0	1292	0	0	1292	0	0	1292	0	0	1292	0	0	
1293	0	0	1293	0	0	1293	0	0	1293	0	0	1293	0	0	1293	0	0	
1294	0	0	1294	0	0	1294	0	0	1294	0	0	1294	0	0	1294	0	0	
1295	0	0	1295	0	0	1295	0	0	1295	0	0	1295	0	0	1295	0	0	
1296	0	0	1296	0	0	1296	0	0	1296	0	0	1296	0	0	1296	0	0	
