Velocities
0	0	0	0	0	0	0	0	0	0	0	0	0	0	0	0	0	0	
1	0	0	1	0	0	1	0	0	1	0	0	1	0	0	1	0	0	
2	0	0	2	0	0	2	0	0	2	0	0	2	0	0	2	0	0	
3	0	0	3	0	0	3	0	0	3	0	0	3	0	0	3	0	0	
4	-0.00396984	0	4	-0.00255799	0	4	-0.00131296	0	4	-0	0	4	-0.0443574	0	4	-0.0909405	0	
5	-0.0038483	0	5	-0.0025543	0	5	-0.00129049	0	5	-0	0	5	-0.0428161	0	5	-0.0879784	0	
6	-0.00360705	0	6	-0.00244946	0	6	-0.00129611	0	6	-0	0	6	-0.0408485	0	6	-0.0839717	0	
7	-0.00341054	0	7	-0.00230121	0	7	-0.00122668	0	7	-0	0	7	-0.0390287	0	7	-0.0801762	0	
8	-0.00321341	0	8	-0.00222449	0	8	-0.00117365	0	8	-0	0	8	-0.0373144	0	8	-0.076467	0	
9	-0.00314713	0	9	-0.00291619	0	9	-0.00132421	0	9	-0	0	9	-0.0360465	0	9	-0.0824481	0	
10	-0.0028814	0	10	-0.00454722	0	10	-0.00161628	0	10	-0	0	10	-0.0402409	0	10	-0.0968904	0	
11	-0.00244601	0	11	-0.00527828	0	11	-0.00154992	0	11	-0	0	11	-0.0402271	0	11	-0.0979465	0	
12	-0.00199114	0	12	-0.00569751	0	12	-0.00130144	0	12	-0	0	12	-0.0389653	0	12	-0.0982608	0	
13	-0.00147008	0	13	-0.00706019	0	13	-0.000926433	0	13	-0	0	13	-0.0341297	0	13	-0.1	0	
14	-0.000833139	0	14	-0.00782271	0	14	-0.000756183	0	14	-0	0	14	-0.0324392	0	14	-0.1	0	
15	-0.000213907	0	15	-0.0084539	0	15	-0.000324129	0	15	-0	0	15	-0.0276947	0	15	-0.1	0	
16	0.000191638	0	16	-0.00811824	0	16	-0.000160704	0	16	-0	0	16	-0.026005	0	16	-0.0947585	0	
17	-0.00129463	0	17	-0.00433997	0	17	-0.000535776	0	17	-0	0	17	-0.0279339	0	17	-0.074202	0	
18	-0.00215199	0	18	-0.00197875	0	18	-0.000930316	0	18	-0	0	18	-0.024726	0	18	-0.0559475	0	
19	-0.00188556	0	19	-0.00136054	0	19	-0.000734826	0	19	-0	0	19	-0.0223228	0	19	-0.0471498	0	
20	-0.00174806	0	20	-0.00128211	0	20	-0.000665631	0	20	-0	0	20	-0.0209843	0	20	-0.0446856	0	
21	-0.00166868	0	21	-0.00111783	0	21	-0.000509953	0	21	-0	0	21	-0.0195024	0	21	-0.0408037	0	
22	-0.00162559	0	22	-0.000805282	0	22	-0.000405453	0	22	-0	0	22	-0.0187337	0	22	-0.0377549	0	
23	-0.00167441	0	23	-0.000497066	0	23	-0.000316882	0	23	-0	0	23	-0.0177627	0	23	-0.033578	0	
24	-0.00162128	0	24	-3.69438e-05	0	24	-0.000218907	0	24	-0	0	24	-0.0146101	0	24	-0.02566	0	
25	-0.00166017	0	25	0.000509447	0	25	-0.000165256	0	25	-0	0	25	-0.0118856	0	25	-0.0176531	0	
26	-0.00160833	0	26	0.0017701	0	26	0.000219833	0	26	-0	0	26	-0.00760957	0	26	0.000389818	0	
27	0	0	27	0	0	27	0	0	27	0	0	27	0	0	27	0	0	
28	0	0	28	0	0	28	0	0	28	0	0	28	0	0	28	0	0	
29	0.00191006	0	29	0.00237946	0	29	0.00223124	0	29	-0	0	29	0.0395356	0	29	0.0826325	0	
30	0.00172922	0	30	0.00272221	0	30	0.00208181	0	30	-0	0	30	0.0375074	0	30	0.0828011	0	
31	0.00143068	0	31	0.0031456	0	31	0.00203496	0	31	-0	0	31	0.0365989	0	31	0.0837514	0	
32	0.00122831	0	32	0.00342666	0	32	0.00204901	0	32	-0	0	32	0.034834	0	32	0.0828176	0	
33	0.00109482	0	33	0.00363412	0	33	0.00188376	0	33	-0	0	33	0.0335638	0	33	0.081164	0	
34	0.00101589	0	34	0.00362289	0	34	0.00190897	0	34	-0	0	34	0.0323188	0	34	0.0793024	0	
35	0.000916904	0	35	0.00378662	0	35	0.00165953	0	35	-0	0	35	0.0306603	0	35	0.077726	0	
36	0.000837863	0	36	0.0038961	0	36	0.00167161	0	36	-0	0	36	0.0294484	0	36	0.0760763	0	
37	0.000777123	0	37	0.00385356	0	37	0.00162142	0	37	-0	0	37	0.0281769	0	37	0.0734898	0	
38	0.000904056	0	38	0.00309453	0	38	0.00152471	0	38	-0	0	38	0.0264313	0	38	0.0640487	0	
39	0.00118635	0	39	0.00168014	0	39	0.0014781	0	39	-0	0	39	0.0249638	0	39	0.0532238	0	
40	0.00151009	0	40	0.000453219	0	40	0.0014252	0	40	-0	0	40	0.0227718	0	40	0.0440792	0	
41	0.00209756	0	41	-0.0010492	0	41	0.00146879	0	41	-0	0	41	0.0202524	0	41	0.0327417	0	
42	0.002371	0	42	-0.00193159	0	42	0.00136603	0	42	-0	0	42	0.0175272	0	42	0.02556	0	
43	0.00267581	0	43	-0.00190844	0	43	0.00134842	0	43	-0	0	43	0.0127726	0	43	0.0259312	0	
44	0.0030143	0	44	-0.00186561	0	44	0.00151834	0	44	-0	0	44	0.00948893	0	44	0.0229258	0	
45	0.00420073	0	45	-0.00229167	0	45	0.00172104	0	45	-0	0	45	0.00209516	0	45	0.00785556	0	
46	0	0	46	0	0	46	0	0	46	0	0	46	0	0	46	0	0	
47	0	0	47	0	0	47	0	0	47	0	0	47	0	0	47	0	0	
48	0	0	48	0	0	48	0	0	48	0	0	48	0	0	48	0	0	
49	0.0124523	0	49	-0.00305387	0	49	0.00391335	0	49	-0	0	49	-0.0362639	0	49	0.00678185	0	
50	0.0128498	0	50	-0.00226348	0	50	0.00355798	0	50	-0	0	50	-0.0477885	0	50	0.00875132	0	
51	0.0118573	0	51	-0.0019185	0	51	0.00341508	0	51	-0	0	51	-0.0565352	0	51	0.0059491	0	
52	0.0112205	0	52	-0.00207328	0	52	0.00317352	0	52	-0	0	52	-0.0565541	0	52	0.00633713	0	
53	0.0109656	0	53	-0.00216888	0	53	0.00295319	0	53	-0	0	53	-0.057211	0	53	0.0077943	0	
54	0.0109552	0	54	-0.00222375	0	54	0.00313182	0	54	-0	0	54	-0.0572719	0	54	0.00679841	0	
55	0.0109373	0	55	-0.00225886	0	55	0.00338948	0	55	-0	0	55	-0.0584647	0	55	0.00684343	0	
56	0.0109424	0	56	-0.00224401	0	56	0.00379579	0	56	-0	0	56	-0.0596306	0	56	0.00762735	0	
57	0.0111057	0	57	-0.00235707	0	57	0.00410952	0	57	-0	0	57	-0.0617768	0	57	0.00702801	0	
58	0.00739576	0	58	-5.97528e-06	0	58	0.00264765	0	58	-0	0	58	-0.1	0	58	-0.0631572	0	
59	0.00775779	0	59	-0.00217295	0	59	0.000714537	0	59	-0	0	59	-0.0868802	0	59	-0.0363203	0	
60	0.00432523	0	60	-0.000946603	0	60	0.000601208	0	60	-0	0	60	-0.086304	0	60	-0.0538307	0	
61	0.00046824	0	61	-0.000467679	0	61	-0.00186602	0	61	-0	0	61	-0.0667033	0	61	-0.055754	0	
62	-0.0043662	0	62	-1.11487e-05	0	62	-0.00314161	0	62	-0	0	62	-0.0488883	0	62	-0.0531642	0	
63	-0.00547818	0	63	-0.00157721	0	63	-0.00109469	0	63	-0	0	63	0.000553728	0	63	-0.0201919	0	
64	-0.00277874	0	64	-0.00671026	0	64	0.000495914	0	64	-0	0	64	0.0619229	0	64	0.0370471	0	
65	-0.00320985	0	65	-0.0040633	0	65	-0.000229361	0	65	-0	0	65	0.0531121	0	65	0.0552997	0	
66	-0.00288728	0	66	-0.0059965	0	66	-0.000297046	0	66	-0	0	66	0.0549163	0	66	0.0395046	0	
67	-0.00290214	0	67	-0.00525013	0	67	-0.00216753	0	67	-0	0	67	0.0592907	0	67	0.042621	0	
68	-0.00260459	0	68	-0.00544896	0	68	-0.00378489	0	68	-0	0	68	0.0647383	0	68	0.0376944	0	
69	-0.00249458	0	69	-0.00636399	0	69	-0.00379784	0	69	-0	0	69	0.0648712	0	69	0.0282524	0	
70	-0.0018558	0	70	-0.00750974	0	70	-0.00571383	0	70	-0	0	70	0.0775615	0	70	0.0180555	0	
71	-0.0018529	0	71	-0.00796073	0	71	-0.00815778	0	71	-0	0	71	0.0918307	0	71	0.014646	0	
72	-0.00223777	0	72	-0.00682204	0	72	-0.00983496	0	72	-0	0	72	0.0974571	0	72	0.0205565	0	
73	-0.00236353	0	73	-0.00580853	0	73	-0.0108108	0	73	-0	0	73	0.1	0	73	0.023798	0	
74	-0.00244735	0	74	-0.00482593	0	74	-0.0110256	0	74	-0	0	74	0.0998786	0	74	0.0263829	0	
75	-0.00222841	0	75	-0.00472412	0	75	-0.0113177	0	75	-0	0	75	0.1	0	75	0.0224507	0	
76	-0.00191145	0	76	-0.0054801	0	76	-0.0119966	0	76	-0	0	76	0.1	0	76	0.0159561	0	
77	-0.00188429	0	77	-0.00542288	0	77	-0.0123907	0	77	-0	0	77	0.1	0	77	0.0152715	0	
78	-0.0018654	0	78	-0.0051674	0	78	-0.0124159	0	78	-0	0	78	0.1	0	78	0.0152484	0	
79	-0.00195289	0	79	-0.00443377	0	79	-0.012574	0	79	-0	0	79	0.1	0	79	0.0166093	0	
80	-0.00190528	0	80	-0.0040407	0	80	-0.0121377	0	80	-0	0	80	0.0992232	0	80	0.0164112	0	
81	-0.00183382	0	81	-0.00396853	0	81	-0.0115937	0	81	-0	0	81	0.0952296	0	81	0.0139088	0	
82	-0.00173727	0	82	-0.00375119	0	82	-0.0112051	0	82	-0	0	82	0.0929938	0	82	0.0134099	0	
83	-0.00151645	0	83	-0.00348375	0	83	-0.0106389	0	83	-0	0	83	0.088393	0	83	0.0132947	0	
84	-0.00117061	0	84	-0.00305387	0	84	-0.00951845	0	84	-0	0	84	0.078406	0	84	0.0149563	0	
85	-0.000837192	0	85	-0.00263347	0	85	-0.00811485	0	85	-0	0	85	0.0663011	0	85	0.0158177	0	
86	-0.000310894	0	86	-0.00210688	0	86	-0.00603233	0	86	-0	0	86	0.0491765	0	86	0.0191971	0	
87	9.28041e-05	0	87	-0.00187679	0	87	-0.00441587	0	87	-0	0	87	0.037387	0	87	0.0205767	0	
88	0.000306037	0	88	-0.00165121	0	88	-0.00318306	0	88	-0	0	88	0.0269188	0	88	0.0209012	0	
89	-1.03492e-05	0	89	-0.00127626	0	89	-0.00231342	0	89	-0	0	89	0.02222	0	89	0.0207558	0	
90	-2.10585e-05	0	90	-0.00123216	0	90	-0.00167689	0	90	-0	0	90	0.0168574	0	90	0.0195442	0	
91	0.000291403	0	91	-0.0017184	0	91	-0.000842728	0	91	-0	0	91	0.0080116	0	91	0.0160861	0	
92	0.000372672	0	92	-0.001695	0	92	-0.00036887	0	92	-0	0	92	0.00358023	0	92	0.0146029	0	
93	0.000734331	0	93	-0.00134523	0	93	0.000107311	0	93	-0	0	93	-0.00221253	0	93	0.0156673	0	
94	0.00117624	0	94	-0.00140333	0	94	0.000610229	0	94	-0	0	94	-0.00624127	0	94	0.0131045	0	
95	0.00230497	0	95	-0.00112904	0	95	0.0012608	0	95	-0	0	95	-0.00732172	0	95	0.0111003	0	
96	0.00511979	0	96	-0.0013212	0	96	0.00107236	0	96	-0	0	96	-0.00337425	0	96	0.00891384	0	
97	0.00839917	0	97	-0.00232265	0	97	0.000467509	0	97	-0	0	97	-0.00309123	0	97	0.00601794	0	
98	0.0108461	0	98	-0.00252635	0	98	0.000182367	0	98	-0	0	98	-0.004272	0	98	0.00419133	0	
99	0.0119227	0	99	-0.00114696	0	99	0.000100563	0	99	-0	0	99	-0.00789418	0	99	0.00550256	0	
100	0.0124524	0	100	0.000422259	0	100	0.000458074	0	100	-0	0	100	-0.00936453	0	100	0.0103806	0	
101	0.0126406	0	101	0.000679692	0	101	0.00094258	0	101	-0	0	101	-0.00867816	0	101	0.0123382	0	
102	0.0134048	0	102	0.000358419	0	102	0.00139964	0	102	-0	0	102	-0.0100192	0	102	0.0101324	0	
103	0.0142781	0	103	0.000401347	0	103	0.00162419	0	103	-0	0	103	-0.0119725	0	103	0.00908281	0	
104	0.0148577	0	104	0.000642885	0	104	0.00198875	0	104	-0	0	104	-0.0132256	0	104	0.00907023	0	
105	0.0152431	0	105	0.000797971	0	105	0.00245578	0	105	-0	0	105	-0.0134124	0	105	0.00948891	0	
106	0.015704	0	106	0.000848689	0	106	0.00270518	0	106	-0	0	106	-0.0127653	0	106	0.0100011	0	
107	0.0163389	0	107	0.000982046	0	107	0.0026992	0	107	-0	0	107	-0.0124648	0	107	0.0096905	0	
108	0.0173229	0	108	0.0011351	0	108	0.00238744	0	108	-0	0	108	-0.0107621	0	108	0.0093033	0	
109	0.0184969	0	109	0.00129892	0	109	0.00203008	0	109	-0	0	109	-0.00872963	0	109	0.00977592	0	
110	0.0192335	0	110	0.0013133	0	110	0.00194081	0	110	-0	0	110	-0.00836268	0	110	0.00810983	0	
111	0.0194362	0	111	0.0015676	0	111	0.00209828	0	111	-0	0	111	-0.00725987	0	111	0.0104907	0	
112	0	0	112	0	0	112	0	0	112	0	0	112	0	0	112	0	0	
113	0	0	113	0	0	113	0	0	113	0	0	113	0	0	113	0	0	
114	0	0	114	0	0	114	0	0	114	0	0	114	0	0	114	0	0	
115	0	0	115	0	0	115	0	0	115	0	0	115	0	0	115	0	0	
116	0.0247844	0	116	0.00350337	0	116	0.00398822	0	116	-0	0	116	-0.0100652	0	116	0.0101693	0	
117	0	0	117	0	0	117	0	0	117	0	0	117	0	0	117	0	0	
118	0	0	118	0	0	118	0	0	118	0	0	118	0	0	118	0	0	
119	0	0	119	0	0	119	0	0	119	0	0	119	0	0	119	0	0	
120	0	0	120	0	0	120	0	0	120	0	0	120	0	0	120	0	0	
121	0	0	121	0	0	121	0	0	121	0	0	121	0	0	121	0	0	
122	0.019216	0	122	0.00515774	0	122	0.00336291	0	122	-0	0	122	-0.00940942	0	122	0.0104603	0	
123	0	0	123	0	0	123	0	0	123	0	0	123	0	0	123	0	0	
124	0	0	124	0	0	124	0	0	124	0	0	124	0	0	124	0	0	
125	0	0	125	0	0	125	0	0	125	0	0	125	0	0	125	0	0	
126	0	0	126	0	0	126	0	0	126	0	0	126	0	0	126	0	0	
127	0	0	127	0	0	127	0	0	127	0	0	127	0	0	127	0	0	
128	0	0	128	0	0	128	0	0	128	0	0	128	0	0	128	0	0	
129	0	0	129	0	0	129	0	0	129	0	0	129	0	0	129	0	0	
130	0	0	130	0	0	130	0	0	130	0	0	130	0	0	130	0	0	
131	-0.00530293	0	131	0.00227904	0	131	0.000149925	0	131	-0	0	131	-0.0035614	0	131	0.0183995	0	
132	-0.00727279	0	132	0.00227656	0	132	0.000182519	0	132	-0	0	132	-0.00344449	0	132	0.0187422	0	
133	-0.00821365	0	133	0.00173084	0	133	7.22615e-05	0	133	-0	0	133	0.000156141	0	133	0.0177408	0	
134	-0.00910913	0	134	0.00113037	0	134	0.000453637	0	134	-0	0	134	-0.000371824	0	134	0.0176996	0	
135	-0.0102135	0	135	0.00122111	0	135	0.00102713	0	135	-0	0	135	-0.0013714	0	135	0.0183372	0	
136	-0.0109634	0	136	0.00141907	0	136	0.00147332	0	136	-0	0	136	-0.0025906	0	136	0.0172149	0	
137	-0.0103791	0	137	0.000965897	0	137	0.00117303	0	137	-0	0	137	0.000194602	0	137	0.0134028	0	
138	-0.00980684	0	138	-0.000468402	0	138	0.00105911	0	138	-0	0	138	-0.000356156	0	138	0.0020883	0	
139	-0.009548	0	139	-0.00176947	0	139	0.00109605	0	139	-0	0	139	-0.000708393	0	139	-0.00828445	0	
140	-0.00976385	0	140	-0.00334436	0	140	0.00161628	0	140	-0	0	140	-0.00595013	0	140	-0.0176346	0	
141	-0.00957385	0	141	-0.00312927	0	141	0.00177454	0	141	-0	0	141	-0.00614492	0	141	-0.0169548	0	
142	-0.00925104	0	142	-0.00329625	0	142	0.00191342	0	142	-0	0	142	-0.00687978	0	142	-0.0192191	0	
143	-0.00874875	0	143	-0.00449292	0	143	0.00227595	0	143	-0	0	143	-0.0104728	0	143	-0.0279122	0	
144	-0.0083133	0	144	-0.0047295	0	144	0.00248393	0	144	-0	0	144	-0.0106383	0	144	-0.0285669	0	
145	-0.00793574	0	145	-0.00458285	0	145	0.00239088	0	145	-0	0	145	-0.010317	0	145	-0.0277121	0	
146	-0.00759505	0	146	-0.00438391	0	146	0.00242317	0	146	-0	0	146	-0.0110766	0	146	-0.0264803	0	
147	-0.0072563	0	147	-0.00434218	0	147	0.00266656	0	147	-0	0	147	-0.0128881	0	147	-0.0265711	0	
148	-0.006884	0	148	-0.00403045	0	148	0.00260008	0	148	-0	0	148	-0.0113007	0	148	-0.0249189	0	
149	-0.00634178	0	149	-0.005108	0	149	0.00266774	0	149	-0	0	149	-0.0132038	0	149	-0.0331585	0	
150	-0.00579074	0	150	-0.00746506	0	150	0.00301701	0	150	-0	0	150	-0.0170298	0	150	-0.0507763	0	
151	-0.00535798	0	151	-0.00897835	0	151	0.00335811	0	151	-0	0	151	-0.0199712	0	151	-0.0622595	0	
152	-0.00482876	0	152	-0.0100593	0	152	0.00338073	0	152	-0	0	152	-0.0192671	0	152	-0.0744448	0	
153	-0.0044246	0	153	-0.0108507	0	153	0.00335949	0	153	-0	0	153	-0.0205122	0	153	-0.0907635	0	
154	-0.00421395	0	154	-0.011086	0	154	0.00339578	0	154	-0	0	154	-0.0218792	0	154	-0.1	0	
155	-0.00395429	0	155	-0.0112721	0	155	0.00317404	0	155	-0	0	155	-0.0213801	0	155	-0.1	0	
156	-0.00372106	0	156	-0.011566	0	156	0.00318223	0	156	-0	0	156	-0.021804	0	156	-0.1	0	
157	-0.0035066	0	157	-0.0115066	0	157	0.00331215	0	157	-0	0	157	-0.022712	0	157	-0.1	0	
158	-0.00321971	0	158	-0.0115608	0	158	0.00316917	0	158	-0	0	158	-0.0208224	0	158	-0.1	0	
159	-0.00296587	0	159	-0.0115047	0	159	0.00318298	0	159	-0	0	159	-0.0196581	0	159	-0.1	0	
160	-0.00266181	0	160	-0.0116696	0	160	0.00295817	0	160	-0	0	160	-0.0194648	0	160	-0.1	0	
161	-0.00238012	0	161	-0.0112903	0	161	0.00283473	0	161	-0	0	161	-0.0185327	0	161	-0.1	0	
162	-0.00215935	0	162	-0.0108676	0	162	0.00267652	0	162	-0	0	162	-0.0177916	0	162	-0.1	0	
163	-0.00194991	0	163	-0.0106969	0	163	0.00277271	0	163	-0	0	163	-0.0165057	0	163	-0.1	0	
164	-0.00179679	0	164	-0.0089458	0	164	0.0024679	0	164	-0	0	164	-0.0163107	0	164	-0.0968769	0	
165	-0.00214277	0	165	-0.00316524	0	165	0.00130451	0	165	-0	0	165	-0.00477624	0	165	-0.0412918	0	
166	-0.00229325	0	166	0.000265879	0	166	0.000279974	0	166	-0	0	166	0.0103047	0	166	0.0155998	0	
167	-0.00326011	0	167	0.00444072	0	167	4.62681e-05	0	167	-0	0	167	0.0114254	0	167	0.0479156	0	
168	-0.00360647	0	168	0.00657787	0	168	-0.000133061	0	168	-0	0	168	0.00462329	0	168	0.0579067	0	
169	-0.00396535	0	169	0.00789662	0	169	0.000529676	0	169	-0	0	169	0.00787627	0	169	0.0776215	0	
170	-0.00409971	0	170	0.00887104	0	170	0.000451469	0	170	-0	0	170	0.00751333	0	170	0.0843204	0	
171	-0.00409591	0	171	0.00964774	0	171	0.000149555	0	171	-0	0	171	0.00660135	0	171	0.0885808	0	
172	-0.00388218	0	172	0.00915732	0	172	0.000324886	0	172	-0	0	172	0.00779164	0	172	0.0863341	0	
173	-0.00367251	0	173	0.00894084	0	173	0.000118507	0	173	-0	0	173	0.00645543	0	173	0.0846649	0	
174	-0.00357395	0	174	0.00871707	0	174	0.000342958	0	174	-0	0	174	0.00494414	0	174	0.0828146	0	
175	-0.00355098	0	175	0.00891243	0	175	0.000293209	0	175	-0	0	175	0.00405661	0	175	0.0816535	0	
176	-0.00337484	0	176	0.00861252	0	176	0.000348753	0	176	-0	0	176	0.00433962	0	176	0.0774346	0	
177	-0.00309624	0	177	0.00854763	0	177	-0.000195654	0	177	-0	0	177	0.00120657	0	177	0.0717286	0	
178	-0.00276065	0	178	0.00757959	0	178	-0.000116576	0	178	-0	0	178	0.00512849	0	178	0.0683884	0	
179	-0.00257622	0	179	0.00703157	0	179	1.61603e-05	0	179	-0	0	179	0.00505624	0	179	0.0654029	0	
180	-0.00241117	0	180	0.0066256	0	180	0.000107642	0	180	-0	0	180	0.0042895	0	180	0.0621848	0	
181	-0.00210936	0	181	0.00603925	0	181	0.000101665	0	181	-0	0	181	0.00414632	0	181	0.0575893	0	
182	-0.00177723	0	182	0.00539597	0	182	0.000113264	0	182	-0	0	182	0.00346916	0	182	0.0518857	0	
183	-0.00151871	0	183	0.00472336	0	183	0.000170611	0	183	-0	0	183	0.00306059	0	183	0.0473713	0	
184	-0.00104025	0	184	0.00381095	0	184	-6.43475e-05	0	184	-0	0	184	-0.00120376	0	184	0.0371149	0	
185	-0.000513834	0	185	0.00250222	0	185	-0.000126785	0	185	-0	0	185	-0.00692831	0	185	0.0254052	0	
186	0.000291018	0	186	0.000157258	0	186	-0.000465539	0	186	-0	0	186	-0.0117056	0	186	0.00113417	0	
187	0.000764657	0	187	-0.00204577	0	187	-0.00113872	0	187	-0	0	187	-0.0166219	0	187	-0.0102086	0	
188	0.000898567	0	188	-0.00268627	0	188	-0.00250127	0	188	-0	0	188	-0.0170717	0	188	-0.0148706	0	
189	0.00117521	0	189	-0.00393736	0	189	-0.00376852	0	189	-0	0	189	-0.0158875	0	189	-0.0231629	0	
190	0.00140716	0	190	-0.00490572	0	190	-0.00469031	0	190	-0	0	190	-0.0178362	0	190	-0.0272719	0	
191	0.00145504	0	191	-0.00461644	0	191	-0.00535699	0	191	-0	0	191	-0.0172592	0	191	-0.0246118	0	
192	0.00159242	0	192	-0.00423967	0	192	-0.00578997	0	192	-0	0	192	-0.0207675	0	192	-0.0326282	0	
193	0.00152594	0	193	-0.00370945	0	193	-0.00596098	0	193	-0	0	193	-0.0224018	0	193	-0.0374655	0	
194	0.00133615	0	194	-0.00383613	0	194	-0.00545772	0	194	-0	0	194	-0.0206735	0	194	-0.0394298	0	
195	0.00129571	0	195	-0.00392981	0	195	-0.00489103	0	195	-0	0	195	-0.0193399	0	195	-0.0376787	0	
196	0.00116966	0	196	-0.00343375	0	196	-0.00436933	0	196	-0	0	196	-0.0115123	0	196	-0.0237545	0	
197	0.000981673	0	197	-0.00363595	0	197	-0.00315208	0	197	-0	0	197	-0.00805212	0	197	-0.00363073	0	
198	0.000367743	0	198	-0.00044709	0	198	-0.00251186	0	198	-0	0	198	0.00175153	0	198	0.0279467	0	
199	-0.00100704	0	199	0.00457263	0	199	-0.00321891	0	199	-0	0	199	0.0212122	0	199	0.0515652	0	
200	-0.00230016	0	200	0.00904324	0	200	-0.00403665	0	200	-0	0	200	0.0359059	0	200	0.0786585	0	
201	-0.00246665	0	201	0.00974905	0	201	-0.00269947	0	201	-0	0	201	0.0399376	0	201	0.0757532	0	
202	-0.00118316	0	202	0.0108308	0	202	0.00249622	0	202	-0	0	202	0.0685607	0	202	0.1	0	
203	-0.000983341	0	203	0.0106584	0	203	0.0025871	0	203	-0	0	203	0.0625589	0	203	0.1	0	
204	-0.000744897	0	204	0.00972811	0	204	0.0029616	0	204	-0	0	204	0.0587754	0	204	0.0965372	0	
205	-0.000168728	0	205	0.00719544	0	205	0.00206335	0	205	-0	0	205	0.0509691	0	205	0.0749906	0	
206	0.000787045	0	206	0.00400096	0	206	-0.000128436	0	206	-0	0	206	0.0520748	0	206	0.0443223	0	
207	0.00150444	0	207	0.000140397	0	207	-0.00108047	0	207	-0	0	207	0.0491188	0	207	0.01596	0	
208	0.0014946	0	208	-0.000234121	0	208	-0.000799857	0	208	-0	0	208	0.0409771	0	208	0.00878077	0	
209	0.00171117	0	209	-0.00222869	0	209	-0.000520323	0	209	-0	0	209	0.0354887	0	209	-0.0054751	0	
210	0.00182094	0	210	-0.00388793	0	210	3.04577e-05	0	210	-0	0	210	0.0335782	0	210	-0.0163981	0	
211	0.00179019	0	211	-0.00561562	0	211	0.000503741	0	211	-0	0	211	0.0325957	0	211	-0.0284142	0	
212	0.00184285	0	212	-0.00495023	0	212	0.000415485	0	212	-0	0	212	0.0329043	0	212	-0.0267686	0	
213	0.00181001	0	213	-0.00557248	0	213	0.000833621	0	213	-0	0	213	0.0285667	0	213	-0.0303683	0	
214	0.00175687	0	214	-0.00631507	0	214	0.00126627	0	214	-0	0	214	0.0269239	0	214	-0.0373375	0	
215	0.00192631	0	215	-0.00697608	0	215	0.0020977	0	215	-0	0	215	0.0275289	0	215	-0.0417881	0	
216	0.00165737	0	216	-0.00723199	0	216	0.00281439	0	216	-0	0	216	0.0182927	0	216	-0.0464687	0	
217	0.00159532	0	217	-0.00751408	0	217	0.00339979	0	217	-0	0	217	0.0170744	0	217	-0.0512711	0	
218	0.00161774	0	218	-0.00817827	0	218	0.00401399	0	218	-0	0	218	0.0132881	0	218	-0.0580169	0	
219	0.00142218	0	219	-0.00847853	0	219	0.00499077	0	219	-0	0	219	0.00358769	0	219	-0.0618983	0	
220	0.00122345	0	220	-0.00838051	0	220	0.00610109	0	220	-0	0	220	-0.00490347	0	220	-0.0607776	0	
221	0.00107826	0	221	-0.00768122	0	221	0.00627258	0	221	-0	0	221	-0.00657082	0	221	-0.0566825	0	
222	0.000317187	0	222	-0.00394452	0	222	0.00714072	0	222	-0	0	222	-0.0124044	0	222	-0.0343344	0	
223	-0.0004276	0	223	-0.000480053	0	223	0.00657552	0	223	-0	0	223	-0.0172928	0	223	-0.0122659	0	
224	-0.00113641	0	224	0.00303681	0	224	0.00563168	0	224	-0	0	224	-0.0157209	0	224	0.0112488	0	
225	-0.00132851	0	225	0.00582094	0	225	0.00347973	0	225	-0	0	225	-0.00171248	0	225	0.029448	0	
226	-0.00117491	0	226	0.00665107	0	226	4.3515e-05	0	226	-0	0	226	0.0153863	0	226	0.0368071	0	
227	-0.000545904	0	227	0.0061353	0	227	-0.00469864	0	227	-0	0	227	0.0479529	0	227	0.0386843	0	
228	8.55565e-05	0	228	0.00450176	0	228	-0.0066358	0	228	-0	0	228	0.0605689	0	228	0.0334494	0	
229	0.000857975	0	229	9.76433e-05	0	229	-0.00518144	0	229	-0	0	229	0.051776	0	229	0.00607777	0	
230	0.00128271	0	230	-0.00336013	0	230	-0.00298435	0	230	-0	0	230	0.0358109	0	230	-0.0186792	0	
231	0.00130635	0	231	-0.00531469	0	231	-0.000615727	0	231	-0	0	231	0.0232054	0	231	-0.0314123	0	
232	0.000552352	0	232	-0.00420941	0	232	0.00247257	0	232	-0	0	232	0.000338921	0	232	-0.0264008	0	
233	-0.000264738	0	233	-0.00161434	0	233	0.00438922	0	233	-0	0	233	-0.0179965	0	233	-0.0133313	0	
234	-0.00104212	0	234	0.00223466	0	234	0.00411949	0	234	-0	0	234	-0.0195069	0	234	0.010605	0	
235	-0.0012044	0	235	0.00550152	0	235	0.00184021	0	235	-0	0	235	-0.00314639	0	235	0.0303522	0	
236	-0.000934878	0	236	0.00514035	0	236	-0.000747424	0	236	-0	0	236	0.00789284	0	236	0.0282396	0	
237	-0.000395559	0	237	0.00239768	0	237	-0.00263129	0	237	-0	0	237	0.022545	0	237	0.01602	0	
238	-0.000236303	0	238	0.00195196	0	238	-0.00101743	0	238	-0	0	238	0.0208278	0	238	0.0130476	0	
239	-0.000337287	0	239	0.0021072	0	239	-7.5907e-06	0	239	-0	0	239	0.00549456	0	239	0.0113153	0	
240	-0.000287209	0	240	0.00285322	0	240	0.000952561	0	240	-0	0	240	-0.000317522	0	240	0.0164756	0	
241	-0.000184816	0	241	0.00451705	0	241	0.00321978	0	241	-0	0	241	-0.0086973	0	241	0.0255354	0	
242	0.00233569	0	242	0.00260627	0	242	0.0041722	0	242	-0	0	242	-0.0162159	0	242	0.0272007	0	
243	0.00571216	0	243	0.00195731	0	243	0.00519517	0	243	-0	0	243	-0.0300301	0	243	0.0106951	0	
244	0.00929408	0	244	0.00242519	0	244	0.00505939	0	244	-0	0	244	-0.0441478	0	244	0.00690446	0	
245	0.0101199	0	245	0.00220082	0	245	0.00603678	0	245	-0	0	245	-0.0565436	0	245	0.00699413	0	
246	0.010283	0	246	0.00332272	0	246	0.00578122	0	246	-0	0	246	-0.0572162	0	246	0.00847692	0	
247	0.0107179	0	247	0.00347251	0	247	0.00535202	0	247	-0	0	247	-0.0433182	0	247	0.0147667	0	
248	0.011382	0	248	0.00335761	0	248	0.00472423	0	248	-0	0	248	-0.0390845	0	248	0.0123499	0	
249	0.0116519	0	249	0.00294268	0	249	0.00400508	0	249	-0	0	249	-0.0397772	0	249	0.0115819	0	
250	0.0107166	0	250	0.00243928	0	250	0.0033777	0	250	-0	0	250	-0.0298875	0	250	0.00328908	0	
251	0.00743616	0	251	0.00266427	0	251	0.00201521	0	251	-0	0	251	-0.0179983	0	251	0.0106258	0	
252	0.00274467	0	252	0.00316865	0	252	0.00116933	0	252	-0	0	252	-0.0143041	0	252	0.0293403	0	
253	-0.0010358	0	253	0.00365091	0	253	0.000255798	0	253	-0	0	253	-0.00816036	0	253	0.0339751	0	
254	-0.00417774	0	254	0.00366918	0	254	1.73202e-05	0	254	-0	0	254	-0.00224959	0	254	0.0412503	0	
255	-0.00341636	0	255	0.00279257	0	255	-0.00261622	0	255	-0	0	255	0.0145656	0	255	0.0352834	0	
256	-0.00261321	0	256	-0.000517648	0	256	-0.00411175	0	256	-0	0	256	0.0187776	0	256	0.0112558	0	
257	-0.00161177	0	257	-0.00432501	0	257	-0.00478589	0	257	-0	0	257	0.0212879	0	257	-0.0163933	0	
258	-0.00117957	0	258	-0.00734329	0	258	-0.00378678	0	258	-0	0	258	0.0171333	0	258	-0.0446308	0	
259	-0.000767057	0	259	-0.0102436	0	259	-0.00312317	0	259	-0	0	259	0.0174376	0	259	-0.0655607	0	
260	-0.000436691	0	260	-0.0128705	0	260	-0.00277829	0	260	-0	0	260	0.0176921	0	260	-0.0828211	0	
261	1.10393e-05	0	261	-0.0153992	0	261	-0.0029441	0	261	-0	0	261	0.0201845	0	261	-0.0996548	0	
262	0.000164912	0	262	-0.016294	0	262	-0.00322057	0	262	-0	0	262	0.0263148	0	262	-0.1	0	
263	0.00046983	0	263	-0.0165352	0	263	-0.00366601	0	263	-0	0	263	0.0333662	0	263	-0.1	0	
264	0.000506336	0	264	-0.0172104	0	264	-0.00382861	0	264	-0	0	264	0.0316394	0	264	-0.1	0	
265	0.000763132	0	265	-0.0173274	0	265	-0.00366944	0	265	-0	0	265	0.0355527	0	265	-0.1	0	
266	0.000737674	0	266	-0.0167369	0	266	-0.00380776	0	266	-0	0	266	0.0281413	0	266	-0.1	0	
267	0.000868137	0	267	-0.0173295	0	267	-0.00344437	0	267	-0	0	267	0.0259053	0	267	-0.1	0	
268	0.00101823	0	268	-0.0171214	0	268	-0.0032815	0	268	-0	0	268	0.0253675	0	268	-0.1	0	
269	0	0	269	0	0	269	0	0	269	0	0	269	0	0	269	0	0	
270	0	0	270	0	0	270	0	0	270	0	0	270	0	0	270	0	0	
271	0	0	271	0	0	271	0	0	271	0	0	271	0	0	271	0	0	
272	0	0	272	0	0	272	0	0	272	0	0	272	0	0	272	0	0	
273	0	0	273	0	0	273	0	0	273	0	0	273	0	0	273	0	0	
274	0	0	274	0	0	274	0	0	274	0	0	274	0	0	274	0	0	
275	0	0	275	0	0	275	0	0	275	0	0	275	0	0	275	0	0	
276	0	0	276	0	0	276	0	0	276	0	0	276	0	0	276	0	0	
277	0	0	277	0	0	277	0	0	277	0	0	277	0	0	277	0	0	
278	0	0	278	0	0	278	0	0	278	0	0	278	0	0	278	0	0	
279	0	0	279	0	0	279	0	0	279	0	0	279	0	0	279	0	0	
280	0	0	280	0	0	280	0	0	280	0	0	280	0	0	280	0	0	
281	0	0	281	0	0	281	0	0	281	0	0	281	0	0	281	0	0	
282	0	0	282	0	0	282	0	0	282	0	0	282	0	0	282	0	0	
283	0	0	283	0	0	283	0	0	283	0	0	283	0	0	283	0	0	
284	0	0	284	0	0	284	0	0	284	0	0	284	0	0	284	0	0	
285	0	0	285	0	0	285	0	0	285	0	0	285	0	0	285	0	0	
286	0	0	286	0	0	286	0	0	286	0	0	286	0	0	286	0	0	
287	0	0	287	0	0	287	0	0	287	0	0	287	0	0	287	0	0	
288	0	0	288	0	0	288	0	0	288	0	0	288	0	0	288	0	0	
289	0	0	289	0	0	289	0	0	289	0	0	289	0	0	289	0	0	
290	0	0	290	0	0	290	0	0	290	0	0	290	0	0	290	0	0	
291	0	0	291	0	0	291	0	0	291	0	0	291	0	0	291	0	0	
292	0	0	292	0	0	292	0	0	292	0	0	292	0	0	292	0	0	
293	0	0	293	0	0	293	0	0	293	0	0	293	0	0	293	0	0	
294	0	0	294	0	0	294	0	0	294	0	0	294	0	0	294	0	0	
295	0	0	295	0	0	295	0	0	295	0	0	295	0	0	295	0	0	
296	0	0	296	0	0	296	0	0	296	0	0	296	0	0	296	0	0	
297	0	0	297	0	0	297	0	0	297	0	0	297	0	0	297	0	0	
298	0	0	298	0	0	298	0	0	298	0	0	298	0	0	298	0	0	
299	0	0	299	0	0	299	0	0	299	0	0	299	0	0	299	0	0	
300	0	0	300	0	0	300	0	0	300	0	0	300	0	0	300	0	0	
301	0	0	301	0	0	301	0	0	301	0	0	301	0	0	301	0	0	
302	-0.000193575	0	302	-0.00864142	0	302	-0.00214345	0	302	-0	0	302	0.0314584	0	302	-0.0703392	0	
303	-0.0011026	0	303	-0.00261182	0	303	-0.0028844	0	303	-0	0	303	0.0242457	0	303	-0.0340227	0	
304	0	0	304	0	0	304	0	0	304	0	0	304	0	0	304	0	0	
305	0	0	305	0	0	305	0	0	305	0	0	305	0	0	305	0	0	
306	-0.00230621	0	306	0.00277729	0	306	-0.00261358	0	306	-0	0	306	0.0168509	0	306	-0.000805188	0	
307	-0.00270238	0	307	0.00432382	0	307	-0.00253325	0	307	-0	0	307	0.0128233	0	307	0.00846103	0	
308	-0.00282849	0	308	0.00584126	0	308	-0.00222542	0	308	-0	0	308	0.0121391	0	308	0.0168108	0	
309	-0.00313528	0	309	0.00650148	0	309	-0.00190404	0	309	-0	0	309	0.0107295	0	309	0.0240416	0	
310	-0.00329248	0	310	0.00782762	0	310	-0.00158802	0	310	-0	0	310	0.0118643	0	310	0.0327479	0	
311	-0.00343758	0	311	0.00807869	0	311	-0.00160654	0	311	-0	0	311	0.00360174	0	311	0.0349058	0	
312	-0.00317282	0	312	0.00834581	0	312	-0.00115848	0	312	-0	0	312	0.0104814	0	312	0.0372072	0	
313	-0.00321992	0	313	0.00867415	0	313	-0.00132643	0	313	-0	0	313	0.00678851	0	313	0.0386066	0	
314	-0.00310169	0	314	0.00815579	0	314	-0.001087	0	314	-0	0	314	0.00609851	0	314	0.0377368	0	
315	-0.00317229	0	315	0.0082557	0	315	-0.00136707	0	315	-0	0	315	0.00380943	0	315	0.0379271	0	
316	-0.00283373	0	316	0.00765796	0	316	-0.0014847	0	316	-0	0	316	0.00736661	0	316	0.0351502	0	
317	-0.00287616	0	317	0.00810239	0	317	-0.00182287	0	317	-0	0	317	0.0106068	0	317	0.0391877	0	
318	-0.00271703	0	318	0.00820511	0	318	-0.0020693	0	318	-0	0	318	0.012622	0	318	0.0389527	0	
319	-0.0029601	0	319	0.00871886	0	319	-0.00275882	0	319	-0	0	319	0.0105798	0	319	0.0443094	0	
320	-0.00337725	0	320	0.0103869	0	320	-0.00292294	0	320	-0	0	320	0.00907977	0	320	0.0544442	0	
321	-0.00351408	0	321	0.011531	0	321	-0.00312818	0	321	-0	0	321	0.012682	0	321	0.0624921	0	
322	-0.00403347	0	322	0.0144837	0	322	-0.00387617	0	322	-0	0	322	0.01474	0	322	0.0809399	0	
323	-0.00437888	0	323	0.0164847	0	323	-0.0040251	0	323	-0	0	323	0.0198489	0	323	0.095421	0	
324	-0.00475005	0	324	0.0186824	0	324	-0.00495269	0	324	-0	0	324	0.0215831	0	324	0.1	0	
325	-0.00455276	0	325	0.0192001	0	325	-0.00523758	0	325	-0	0	325	0.0226957	0	325	0.1	0	
326	-0.00443471	0	326	0.0192393	0	326	-0.00517869	0	326	-0	0	326	0.0215133	0	326	0.1	0	
327	-0.00446286	0	327	0.0197265	0	327	-0.00499095	0	327	-0	0	327	0.0224107	0	327	0.1	0	
328	-0.00430874	0	328	0.020055	0	328	-0.00503042	0	328	-0	0	328	0.0224429	0	328	0.1	0	
329	-0.00429307	0	329	0.0200674	0	329	-0.00502184	0	329	-0	0	329	0.0207815	0	329	0.1	0	
330	-0.00418034	0	330	0.0202371	0	330	-0.0051426	0	330	-0	0	330	0.0211397	0	330	0.1	0	
331	-0.00449012	0	331	0.0209654	0	331	-0.00520276	0	331	-0	0	331	0.0199551	0	331	0.1	0	
332	-0.00437053	0	332	0.020618	0	332	-0.00483085	0	332	-0	0	332	0.0179907	0	332	0.1	0	
333	-0.00406587	0	333	0.0191329	0	333	-0.00440154	0	333	-0	0	333	0.0140509	0	333	0.1	0	
334	-0.00357395	0	334	0.0174402	0	334	-0.00407625	0	334	-0	0	334	0.0159066	0	334	0.1	0	
335	-0.0032183	0	335	0.0160015	0	335	-0.00423651	0	335	-0	0	335	0.0168814	0	335	0.1	0	
336	-0.00282225	0	336	0.0146471	0	336	-0.00422258	0	336	-0	0	336	0.017706	0	336	0.1	0	
337	-0.00249298	0	337	0.0138467	0	337	-0.00431885	0	337	-0	0	337	0.0179142	0	337	0.1	0	
338	-0.00227811	0	338	0.0131864	0	338	-0.00393617	0	338	-0	0	338	0.0175037	0	338	0.1	0	
339	-0.00204938	0	339	0.0127977	0	339	-0.00369263	0	339	-0	0	339	0.0156419	0	339	0.1	0	
340	-0.0019394	0	340	0.0122884	0	340	-0.00351656	0	340	-0	0	340	0.0137419	0	340	0.1	0	
341	-0.00182941	0	341	0.012048	0	341	-0.00336973	0	341	-0	0	341	0.0151875	0	341	0.1	0	
342	-0.001702	0	342	0.0116464	0	342	-0.00326729	0	342	-0	0	342	0.0149728	0	342	0.1	0	
343	-0.00147119	0	343	0.0109204	0	343	-0.00274796	0	343	-0	0	343	0.0122379	0	343	0.1	0	
344	-0.00135787	0	344	0.0102056	0	344	-0.00255994	0	344	-0	0	344	0.0116759	0	344	0.1	0	
345	-0.0013495	0	345	0.00979634	0	345	-0.00255781	0	345	-0	0	345	0.0123204	0	345	0.1	0	
346	-0.0010832	0	346	0.00931675	0	346	-0.00242756	0	346	-0	0	346	0.0121899	0	346	0.0949793	0	
347	-0.000923306	0	347	0.008823	0	347	-0.00217546	0	347	-0	0	347	0.0119384	0	347	0.0899011	0	
348	-0.000786653	0	348	0.00752379	0	348	-0.00173697	0	348	-0	0	348	0.0099789	0	348	0.0797616	0	
349	-0.000687497	0	349	0.00683292	0	349	-0.00176648	0	349	-0	0	349	0.00881252	0	349	0.0738724	0	
350	-0.000384934	0	350	0.00551094	0	350	-0.0013381	0	350	-0	0	350	0.00978675	0	350	0.0631153	0	
351	9.28843e-05	0	351	0.001318	0	351	-0.000177592	0	351	-0	0	351	0.00556648	0	351	0.0360769	0	
352	0.000283253	0	352	-0.00257372	0	352	0.00096963	0	352	-0	0	352	0.00277388	0	352	0.0104628	0	
353	0.000350968	0	353	-0.00652328	0	353	0.00178149	0	353	-0	0	353	0.000406801	0	353	-0.0146406	0	
354	0.000340952	0	354	-0.00923607	0	354	0.00249564	0	354	-0	0	354	-0.000651743	0	354	-0.0332348	0	
355	0.000344735	0	355	-0.0117667	0	355	0.00314183	0	355	-0	0	355	-0.00386053	0	355	-0.0511127	0	
356	0.00044267	0	356	-0.0142954	0	356	0.00321313	0	356	-0	0	356	-0.0076175	0	356	-0.0725982	0	
357	0.000387736	0	357	-0.0161524	0	357	0.00362787	0	357	-0	0	357	-0.00897884	0	357	-0.0848122	0	
358	0.000480517	0	358	-0.0177345	0	358	0.00399999	0	358	-0	0	358	-0.0109032	0	358	-0.0957008	0	
359	0.000480765	0	359	-0.0184805	0	359	0.00443657	0	359	-0	0	359	-0.0131062	0	359	-0.1	0	
360	0.000727055	0	360	-0.0184079	0	360	0.00438835	0	360	-0	0	360	-0.0126593	0	360	-0.1	0	
361	0.000795343	0	361	-0.0183928	0	361	0.00452076	0	361	-0	0	361	-0.0144427	0	361	-0.1	0	
362	0.000964925	0	362	-0.0179895	0	362	0.00447551	0	362	-0	0	362	-0.012796	0	362	-0.1	0	
363	0.00101524	0	363	-0.0179549	0	363	0.00441156	0	363	-0	0	363	-0.0146106	0	363	-0.1	0	
364	0.00103986	0	364	-0.0176306	0	364	0.00437427	0	364	-0	0	364	-0.0159848	0	364	-0.1	0	
365	0.00122055	0	365	-0.0166374	0	365	0.0040334	0	365	-0	0	365	-0.0134329	0	365	-0.1	0	
366	0.00127552	0	366	-0.0162341	0	366	0.00386225	0	366	-0	0	366	-0.0126829	0	366	-0.0995585	0	
367	0.00141864	0	367	-0.0162029	0	367	0.00381639	0	367	-0	0	367	-0.0132854	0	367	-0.1	0	
368	0.0014633	0	368	-0.0158613	0	368	0.00409742	0	368	-0	0	368	-0.0128132	0	368	-0.0964482	0	
369	0.00154935	0	369	-0.0149315	0	369	0.00360165	0	369	-0	0	369	-0.0122486	0	369	-0.0921158	0	
370	0.00164216	0	370	-0.013879	0	370	0.00332377	0	370	-0	0	370	-0.0107081	0	370	-0.0857952	0	
371	0.00174065	0	371	-0.0130465	0	371	0.00293802	0	371	-0	0	371	-0.0102738	0	371	-0.0823763	0	
372	0.00170088	0	372	-0.0126652	0	372	0.00304629	0	372	-0	0	372	-0.0108116	0	372	-0.0798718	0	
373	0.00172714	0	373	-0.0122794	0	373	0.00313768	0	373	-0	0	373	-0.0113365	0	373	-0.0780236	0	
374	0.00177339	0	374	-0.0123108	0	374	0.00327954	0	374	-0	0	374	-0.0108815	0	374	-0.0775841	0	
375	0.00170807	0	375	-0.0115703	0	375	0.00304815	0	375	-0	0	375	-0.0104615	0	375	-0.0727958	0	
376	0.00170244	0	376	-0.0112558	0	376	0.00326801	0	376	-0	0	376	-0.0105029	0	376	-0.0714173	0	
377	0.00171469	0	377	-0.0110063	0	377	0.00352899	0	377	-0	0	377	-0.0114254	0	377	-0.071683	0	
378	0.00183044	0	378	-0.0111143	0	378	0.00373812	0	378	-0	0	378	-0.0120709	0	378	-0.0727888	0	
379	0.00179203	0	379	-0.0104339	0	379	0.00344134	0	379	-0	0	379	-0.00973085	0	379	-0.0713892	0	
380	0.00180102	0	380	-0.00945682	0	380	0.00307267	0	380	-0	0	380	-0.00934909	0	380	-0.0651705	0	
381	0.00167386	0	381	-0.00817903	0	381	0.0031225	0	381	-0	0	381	-0.00949678	0	381	-0.0576941	0	
382	0.00134969	0	382	-0.00674531	0	382	0.00333404	0	382	-0	0	382	-0.0127957	0	382	-0.0486736	0	
383	0.00125995	0	383	-0.00512321	0	383	0.00249361	0	383	-0	0	383	-0.00800417	0	383	-0.0376783	0	
384	0.00152498	0	384	-0.00375246	0	384	0.00130146	0	384	-0	0	384	-0.0029405	0	384	-0.0256077	0	
385	0.00139315	0	385	-0.00289735	0	385	0.00067035	0	385	-0	0	385	-0.00415964	0	385	-0.0193788	0	
386	0.00103492	0	386	-0.00271	0	386	0.000554286	0	386	-0	0	386	-0.00951424	0	386	-0.0174842	0	
387	0.000989891	0	387	-0.00239565	0	387	0.000865361	0	387	-0	0	387	-0.0097747	0	387	-0.0156544	0	
388	0.000853843	0	388	-0.00215647	0	388	0.00117935	0	388	-0	0	388	-0.00928691	0	388	-0.0146004	0	
389	0.000798932	0	389	-0.00224642	0	389	0.00138722	0	389	-0	0	389	-0.0102041	0	389	-0.0143476	0	
390	0.000768587	0	390	-0.0018568	0	390	0.00137456	0	390	-0	0	390	-0.00455589	0	390	-0.0105337	0	
391	0.00062589	0	391	-0.00197998	0	391	0.0012494	0	391	-0	0	391	-0.0106726	0	391	-0.012751	0	
392	0.0005209	0	392	-0.00183959	0	392	0.00143142	0	392	-0	0	392	-0.0108648	0	392	-0.0116535	0	
393	0.000544975	0	393	-0.00169072	0	393	0.0013353	0	393	-0	0	393	-0.00628113	0	393	-0.0107989	0	
394	0.000640868	0	394	-0.00163498	0	394	0.000890789	0	394	-0	0	394	-0.00380113	0	394	-0.00937832	0	
395	0.000577776	0	395	-0.00167761	0	395	0.00111004	0	395	-0	0	395	-0.00434213	0	395	-0.0100426	0	
396	0.000507827	0	396	-0.00155608	0	396	0.00149401	0	396	-0	0	396	-0.00320136	0	396	-0.00980118	0	
397	0.000473837	0	397	-0.00165266	0	397	0.00133384	0	397	-0	0	397	-0.00273325	0	397	-0.0102035	0	
398	0.000379191	0	398	-0.00170234	0	398	0.00102222	0	398	-0	0	398	-0.00399077	0	398	-0.00923227	0	
399	0.000254136	0	399	-0.00181785	0	399	0.000759522	0	399	-0	0	399	-0.00781969	0	399	-0.0104653	0	
400	0.000277254	0	400	-0.00139085	0	400	0.000685136	0	400	-0	0	400	-0.00589026	0	400	-0.00896845	0	
401	0.000302569	0	401	-0.00145665	0	401	0.000658864	0	401	-0	0	401	-0.00545431	0	401	-0.00884586	0	
402	0.000295803	0	402	-0.00134594	0	402	0.00052806	0	402	-0	0	402	-0.00461721	0	402	-0.00784224	0	
403	0.000266343	0	403	-0.00102944	0	403	0.000444916	0	403	-0	0	403	-0.00459735	0	403	-0.00538629	0	
404	0.000272785	0	404	-0.00125526	0	404	0.000840371	0	404	-0	0	404	-0.00411486	0	404	-0.00670462	0	
405	0.000289878	0	405	-0.000949304	0	405	0.000807042	0	405	-0	0	405	-0.00144964	0	405	-0.00468926	0	
406	0.000344676	0	406	-0.000900693	0	406	0.000783329	0	406	-0	0	406	0.0019354	0	406	-0.00476584	0	
407	0.000104344	0	407	-0.000608375	0	407	0.000172485	0	407	-0	0	407	0.000877092	0	407	-0.00263642	0	
408	4.69884e-05	0	408	-0.000523698	0	408	5.1899e-05	0	408	-0	0	408	0.000161903	0	408	-0.00267209	0	
409	5.65648e-05	0	409	-0.000689394	0	409	0.000578711	0	409	-0	0	409	-0.00425927	0	409	-0.00404991	0	
410	1.04029e-05	0	410	-0.000650725	0	410	0.000524452	0	410	-0	0	410	-0.00483803	0	410	-0.00320002	0	
411	6.31536e-05	0	411	-0.000498456	0	411	0.000362555	0	411	-0	0	411	-0.00384139	0	411	-0.00325505	0	
412	3.00772e-05	0	412	-0.000388243	0	412	0.000402577	0	412	-0	0	412	-0.00433186	0	412	-0.0026214	0	
413	6.00823e-05	0	413	-0.000301244	0	413	0.000551978	0	413	-0	0	413	-2.93045e-05	0	413	-0.000592725	0	
414	-3.63346e-06	0	414	-0.00035494	0	414	0.000172539	0	414	-0	0	414	-0.00333183	0	414	-0.00203223	0	
415	0.000108794	0	415	-7.77113e-05	0	415	0.000677999	0	415	-0	0	415	0.00281699	0	415	-0.00295803	0	
416	0.000137469	0	416	-0.000626815	0	416	0.000236451	0	416	-0	0	416	-0.00188819	0	416	-0.00404772	0	
417	0.000130358	0	417	-0.000608526	0	417	0.000676819	0	417	-0	0	417	-0.00291009	0	417	-0.00285256	0	
418	8.70406e-05	0	418	-0.000266146	0	418	0.000344271	0	418	-0	0	418	0.000143678	0	418	-0.00133289	0	
419	0.000145153	0	419	-0.000437666	0	419	0.000627573	0	419	-0	0	419	3.41462e-05	0	419	-0.00276883	0	
420	2.19474e-05	0	420	-0.000777022	0	420	7.91131e-05	0	420	-0	0	420	-0.0015996	0	420	-0.0041818	0	
421	0.000169984	0	421	-0.000623592	0	421	0.000529682	0	421	-0	0	421	0.0028771	0	421	-0.00351433	0	
422	9.22034e-05	0	422	-0.000705897	0	422	0.000269553	0	422	-0	0	422	0.000701733	0	422	-0.00317982	0	
423	1.14282e-05	0	423	-0.000477255	0	423	-0.000133826	0	423	-0	0	423	0.000828576	0	423	-0.00228591	0	
424	1.46862e-05	0	424	-0.000649644	0	424	-6.36453e-05	0	424	-0	0	424	-0.000606929	0	424	-0.00314146	0	
425	-5.42322e-06	0	425	-0.000624267	0	425	4.21943e-05	0	425	-0	0	425	-0.000989126	0	425	-0.00301499	0	
426	-2.83211e-05	0	426	-0.00059052	0	426	2.05164e-05	0	426	-0	0	426	0.000121565	0	426	-0.00265142	0	
427	-2.05679e-05	0	427	-0.000585457	0	427	1.57904e-06	0	427	-0	0	427	-0.000635256	0	427	-0.00237683	0	
428	2.57637e-05	0	428	-0.000559748	0	428	0.000132727	0	428	-0	0	428	-0.000126034	0	428	-0.0034666	0	
429	7.83167e-05	0	429	-0.000523572	0	429	0.000327436	0	429	-0	0	429	0.00168058	0	429	-0.00285611	0	
430	-4.45508e-05	0	430	-0.000603865	0	430	0.000140122	0	430	-0	0	430	-0.00149259	0	430	-0.00300449	0	
431	-3.44936e-06	0	431	-0.000436287	0	431	4.80344e-05	0	431	-0	0	431	-0.00155535	0	431	-0.00218642	0	
432	-7.85297e-05	0	432	-0.000484944	0	432	-0.000153829	0	432	-0	0	432	-0.00149123	0	432	-0.00215485	0	
433	-4.82974e-05	0	433	-0.000229366	0	433	0.0001544	0	433	-0	0	433	-9.74926e-05	0	433	-0.000859504	0	
434	5.21679e-05	0	434	-0.000442298	0	434	0.000303072	0	434	-0	0	434	0.00139084	0	434	-0.00156138	0	
435	-6.17863e-05	0	435	-0.000524793	0	435	-0.000127249	0	435	-0	0	435	-0.000213205	0	435	-0.00183335	0	
436	-7.44179e-05	0	436	-0.000401768	0	436	-5.9494e-05	0	436	-0	0	436	-0.00139794	0	436	-0.00196912	0	
437	0.000102193	0	437	-0.000494052	0	437	0.000630296	0	437	-0	0	437	0.00180648	0	437	-0.0029	0	
438	8.65602e-05	0	438	-0.000615249	0	438	0.000588445	0	438	-0	0	438	0.00188346	0	438	-0.00226765	0	
439	-5.46009e-05	0	439	-0.000681259	0	439	7.0069e-05	0	439	-0	0	439	-0.00262315	0	439	-0.00288566	0	
440	-5.64346e-05	0	440	-0.000398484	0	440	-7.0708e-05	0	440	-0	0	440	-0.00216449	0	440	-0.00228891	0	
441	-1.94842e-05	0	441	-0.000364974	0	441	-0.000170074	0	441	-0	0	441	-0.000795227	0	441	-0.00215323	0	
442	-1.45458e-05	0	442	-0.000349635	0	442	-0.000114066	0	442	-0	0	442	-0.00141598	0	442	-0.00216215	0	
443	-7.07107e-06	0	443	-0.000418701	0	443	-2.19675e-05	0	443	-0	0	443	-0.00193244	0	443	-0.00239321	0	
444	1.59137e-05	0	444	-0.000480065	0	444	-0.000116311	0	444	-0	0	444	-0.00109478	0	444	-0.00266764	0	
445	2.24396e-05	0	445	-0.000500104	0	445	-0.000193919	0	445	-0	0	445	0.00103095	0	445	-0.00171069	0	
446	3.0109e-06	0	446	-0.000502575	0	446	-0.00018836	0	446	-0	0	446	-0.000818078	0	446	-0.00250751	0	
447	-9.40312e-06	0	447	-0.000405721	0	447	-0.000194645	0	447	-0	0	447	-0.000554215	0	447	-0.00190933	0	
448	2.44897e-06	0	448	-0.000446032	0	448	-0.000210921	0	448	-0	0	448	-6.59618e-05	0	448	-0.00204065	0	
449	2.49708e-05	0	449	-0.000344552	0	449	-8.75438e-05	0	449	-0	0	449	0.00254029	0	449	-0.000670043	0	
450	1.50569e-05	0	450	-0.000384869	0	450	-0.000114078	0	450	-0	0	450	0.000903101	0	450	-0.00096456	0	
451	-3.62471e-05	0	451	-0.000306865	0	451	-0.000125208	0	451	-0	0	451	-0.000863234	0	451	-0.00115375	0	
452	-3.236e-05	0	452	-0.000190962	0	452	-5.6055e-05	0	452	-0	0	452	-0.000953819	0	452	-0.000998258	0	
453	-2.9831e-05	0	453	-0.000135055	0	453	-6.33092e-05	0	453	-0	0	453	-0.000783278	0	453	-0.000733373	0	
454	-3.76802e-05	0	454	-0.000140284	0	454	-4.37871e-05	0	454	-0	0	454	-0.000741298	0	454	-0.000763034	0	
455	-4.19392e-05	0	455	-0.000111943	0	455	-6.29258e-05	0	455	-0	0	455	-0.000619271	0	455	-0.000614693	0	
456	-5.32092e-05	0	456	-9.59563e-05	0	456	-5.41513e-05	0	456	-0	0	456	-0.000612712	0	456	-0.000409022	0	
457	-5.72833e-05	0	457	-1.27025e-06	0	457	2.33799e-05	0	457	-0	0	457	0.000851226	0	457	0.000615546	0	
458	-7.73676e-05	0	458	3.11673e-05	0	458	-0.000110945	0	458	-0	0	458	0.000337249	0	458	0.00060224	0	
459	7.13812e-07	0	459	0.000160876	0	459	4.7641e-05	0	459	-0	0	459	0.0045938	0	459	0.00107566	0	
460	-0.00012675	0	460	5.44532e-05	0	460	-2.00471e-06	0	460	-0	0	460	-0.00105742	0	460	0.000602693	0	
461	-0.000116532	0	461	0.000112022	0	461	-3.18587e-05	0	461	-0	0	461	-0.00109563	0	461	0.000707577	0	
462	2.55308e-05	0	462	0.000190722	0	462	8.6716e-05	0	462	-0	0	462	0.0053615	0	462	0.00169864	0	
463	-5.15836e-06	0	463	1.35961e-05	0	463	0.000379231	0	463	-0	0	463	0.00355114	0	463	0.00116296	0	
464	-5.70808e-05	0	464	-0.000109682	0	464	0.000136698	0	464	-0	0	464	0.00100641	0	464	0.000241182	0	
465	-8.74681e-05	0	465	0.00022874	0	465	-0.000433046	0	465	-0	0	465	0.00126605	0	465	0.00141729	0	
466	-0.000128786	0	466	0.000181285	0	466	-0.000410547	0	466	-0	0	466	0.00187851	0	466	0.00211911	0	
467	-0.000120705	0	467	-8.83351e-05	0	467	-9.50561e-06	0	467	-0	0	467	-0.000955896	0	467	-0.00055774	0	
468	-5.17475e-05	0	468	-0.000177351	0	468	0.000368824	0	468	-0	0	468	-0.00012369	0	468	-7.41957e-07	0	
469	-0.000124778	0	469	-0.000134402	0	469	-0.000176591	0	469	-0	0	469	-0.000246252	0	469	0.000673845	0	
470	-0.000137436	0	470	-9.88267e-05	0	470	0.000102175	0	470	-0	0	470	0.000299692	0	470	0.000374051	0	
471	-8.52299e-05	0	471	-0.000260242	0	471	0.000426832	0	471	-0	0	471	0.000729788	0	471	-8.71405e-05	0	
472	-0.000126966	0	472	-3.42337e-05	0	472	0.000162182	0	472	-0	0	472	-0.000128978	0	472	0.000407411	0	
473	-0.00013929	0	473	-6.40555e-06	0	473	-0.000141805	0	473	-0	0	473	0.000498517	0	473	0.000519034	0	
474	-0.000126685	0	474	4.6801e-05	0	474	3.62385e-05	0	474	-0	0	474	0.00198873	0	474	0.00165682	0	
475	-3.57436e-05	0	475	-9.19169e-05	0	475	0.00048747	0	475	-0	0	475	0.000279126	0	475	-0.00017746	0	
476	4.76818e-05	0	476	6.03274e-05	0	476	0.000660201	0	476	-0	0	476	0.00270741	0	476	0.000369599	0	
