Velocities
0	0	0	0	0	0	0	0	0	0	0	0	0	0	0	0	0	0	
1	0	0	1	0	0	1	0	0	1	0	0	1	0	0	1	0	0	
2	0	0	2	0	0	2	0	0	2	0	0	2	0	0	2	0	0	
3	0.000484782	0	3	-0.00241153	0	3	-0.000108136	0	3	-0	0	3	0.00257013	0	3	-0.00215069	0	
4	0	0	4	0	0	4	0	0	4	0	0	4	0	0	4	0	0	
5	0	0	5	0	0	5	0	0	5	0	0	5	0	0	5	0	0	
6	0	0	6	0	0	6	0	0	6	0	0	6	0	0	6	0	0	
7	0	0	7	0	0	7	0	0	7	0	0	7	0	0	7	0	0	
8	0	0	8	0	0	8	0	0	8	0	0	8	0	0	8	0	0	
9	0	0	9	0	0	9	0	0	9	0	0	9	0	0	9	0	0	
10	0	0	10	0	0	10	0	0	10	0	0	10	0	0	10	0	0	
11	0	0	11	0	0	11	0	0	11	0	0	11	0	0	11	0	0	
12	0	0	12	0	0	12	0	0	12	0	0	12	0	0	12	0	0	
13	0	0	13	0	0	13	0	0	13	0	0	13	0	0	13	0	0	
14	0	0	14	0	0	14	0	0	14	0	0	14	0	0	14	0	0	
15	0	0	15	0	0	15	0	0	15	0	0	15	0	0	15	0	0	
16	0	0	16	0	0	16	0	0	16	0	0	16	0	0	16	0	0	
17	0	0	17	0	0	17	0	0	17	0	0	17	0	0	17	0	0	
18	0	0	18	0	0	18	0	0	18	0	0	18	0	0	18	0	0	
19	0	0	19	0	0	19	0	0	19	0	0	19	0	0	19	0	0	
20	0	0	20	0	0	20	0	0	20	0	0	20	0	0	20	0	0	
21	0	0	21	0	0	21	0	0	21	0	0	21	0	0	21	0	0	
22	0	0	22	0	0	22	0	0	22	0	0	22	0	0	22	0	0	
23	0	0	23	0	0	23	0	0	23	0	0	23	0	0	23	0	0	
24	0	0	24	0	0	24	0	0	24	0	0	24	0	0	24	0	0	
25	0	0	25	0	0	25	0	0	25	0	0	25	0	0	25	0	0	
26	0	0	26	0	0	26	0	0	26	0	0	26	0	0	26	0	0	
27	0	0	27	0	0	27	0	0	27	0	0	27	0	0	27	0	0	
28	0	0	28	0	0	28	0	0	28	0	0	28	0	0	28	0	0	
29	0	0	29	0	0	29	0	0	29	0	0	29	0	0	29	0	0	
30	0	0	30	0	0	30	0	0	30	0	0	30	0	0	30	0	0	
31	0	0	31	0	0	31	0	0	31	0	0	31	0	0	31	0	0	
32	0	0	32	0	0	32	0	0	32	0	0	32	0	0	32	0	0	
33	0	0	33	0	0	33	0	0	33	0	0	33	0	0	33	0	0	
34	0	0	34	0	0	34	0	0	34	0	0	34	0	0	34	0	0	
35	0	0	35	0	0	35	0	0	35	0	0	35	0	0	35	0	0	
36	0	0	36	0	0	36	0	0	36	0	0	36	0	0	36	0	0	
37	0	0	37	0	0	37	0	0	37	0	0	37	0	0	37	0	0	
38	0	0	38	0	0	38	0	0	38	0	0	38	0	0	38	0	0	
39	0	0	39	0	0	39	0	0	39	0	0	39	0	0	39	0	0	
40	0	0	40	0	0	40	0	0	40	0	0	40	0	0	40	0	0	
41	0	0	41	0	0	41	0	0	41	0	0	41	0	0	41	0	0	
42	0	0	42	0	0	42	0	0	42	0	0	42	0	0	42	0	0	
43	0	0	43	0	0	43	0	0	43	0	0	43	0	0	43	0	0	
44	0	0	44	0	0	44	0	0	44	0	0	44	0	0	44	0	0	
45	0	0	45	0	0	45	0	0	45	0	0	45	0	0	45	0	0	
46	0	0	46	0	0	46	0	0	46	0	0	46	0	0	46	0	0	
47	0	0	47	0	0	47	0	0	47	0	0	47	0	0	47	0	0	
48	0.0011182	0	48	0.00554815	0	48	0.00183054	0	48	-0	0	48	-0.0092492	0	48	0.0517143	0	
49	0.00130179	0	49	0.00953602	0	49	0.0027698	0	49	-0	0	49	-0.0168184	0	49	0.0686754	0	
50	0.00259004	0	50	0.0120484	0	50	0.00548469	0	50	-0	0	50	0.002421	0	50	0.085878	0	
51	0.00198026	0	51	0.0131317	0	51	0.00487895	0	51	-0	0	51	-0.00772606	0	51	0.0962832	0	
52	0.000874807	0	52	0.0148068	0	52	0.00332803	0	52	-0	0	52	-0.0109883	0	52	0.1	0	
53	0.000439657	0	53	0.015415	0	53	0.00235546	0	53	-0	0	53	-0.0294842	0	53	0.1	0	
54	4.96783e-06	0	54	0.0167119	0	54	0.00282313	0	54	-0	0	54	-0.0307945	0	54	0.1	0	
55	-0.000670373	0	55	0.0176803	0	55	0.00303545	0	55	-0	0	55	-0.0313094	0	55	0.1	0	
56	-0.000962449	0	56	0.0190014	0	56	0.00301344	0	56	-0	0	56	-0.0320855	0	56	0.1	0	
57	-0.000188742	0	57	0.0188834	0	57	0.00223415	0	57	-0	0	57	-0.0372531	0	57	0.1	0	
58	1.65949e-05	0	58	0.0185562	0	58	0.00246472	0	58	-0	0	58	-0.0378477	0	58	0.1	0	
59	-0.000312666	0	59	0.0193413	0	59	0.00288988	0	59	-0	0	59	-0.0362669	0	59	0.1	0	
60	-0.000844754	0	60	0.0206453	0	60	0.00306502	0	60	-0	0	60	-0.0384378	0	60	0.1	0	
61	0	0	61	0	0	61	0	0	61	0	0	61	0	0	61	0	0	
62	0	0	62	0	0	62	0	0	62	0	0	62	0	0	62	0	0	
63	0	0	63	0	0	63	0	0	63	0	0	63	0	0	63	0	0	
64	0	0	64	0	0	64	0	0	64	0	0	64	0	0	64	0	0	
65	0	0	65	0	0	65	0	0	65	0	0	65	0	0	65	0	0	
66	0	0	66	0	0	66	0	0	66	0	0	66	0	0	66	0	0	
67	0	0	67	0	0	67	0	0	67	0	0	67	0	0	67	0	0	
68	0	0	68	0	0	68	0	0	68	0	0	68	0	0	68	0	0	
69	0	0	69	0	0	69	0	0	69	0	0	69	0	0	69	0	0	
70	0	0	70	0	0	70	0	0	70	0	0	70	0	0	70	0	0	
71	0	0	71	0	0	71	0	0	71	0	0	71	0	0	71	0	0	
72	0	0	72	0	0	72	0	0	72	0	0	72	0	0	72	0	0	
73	0.00494969	0	73	-0.00371741	0	73	0.00195953	0	73	-0	0	73	-0.0329133	0	73	-0.0647839	0	
74	0.00494191	0	74	-0.00618077	0	74	0.00160711	0	74	-0	0	74	-0.0303185	0	74	-0.0753352	0	
75	0.00517736	0	75	-0.00829204	0	75	0.00148329	0	75	-0	0	75	-0.0218302	0	75	-0.0830152	0	
76	0.00521893	0	76	-0.00659354	0	76	0.00123285	0	76	-0	0	76	-0.0214835	0	76	-0.0712194	0	
77	0.00500781	0	77	-0.00550474	0	77	0.00119451	0	77	-0	0	77	-0.0241763	0	77	-0.0608049	0	
78	0.00483891	0	78	-0.00407425	0	78	0.000680735	0	78	-0	0	78	-0.0186163	0	78	-0.0505025	0	
79	0.00436315	0	79	-0.00333208	0	79	9.16924e-05	0	79	-0	0	79	-0.00990159	0	79	-0.0449797	0	
80	0.00367102	0	80	-0.00313414	0	80	-0.000815807	0	80	-0	0	80	0.000130097	0	80	-0.0440558	0	
81	0.00281175	0	81	-0.00345446	0	81	-0.00190842	0	81	-0	0	81	0.0148695	0	81	-0.0424499	0	
82	0.00149808	0	82	-0.00395575	0	82	-0.00331316	0	82	-0	0	82	0.0297428	0	82	-0.0423552	0	
83	0.000160189	0	83	-0.00420194	0	83	-0.00466529	0	83	-0	0	83	0.0459179	0	83	-0.0419749	0	
84	-0.00104387	0	84	-0.00421373	0	84	-0.00584977	0	84	-0	0	84	0.058899	0	84	-0.0402092	0	
85	-0.00144887	0	85	-0.00404194	0	85	-0.0064094	0	85	-0	0	85	0.066944	0	85	-0.0370715	0	
86	-0.00147504	0	86	-0.00371804	0	86	-0.00691728	0	86	-0	0	86	0.0730922	0	86	-0.0337484	0	
87	-0.00141892	0	87	-0.00360687	0	87	-0.00705262	0	87	-0	0	87	0.0752648	0	87	-0.0334589	0	
88	-0.00155527	0	88	-0.00350744	0	88	-0.00753445	0	88	-0	0	88	0.0858468	0	88	-0.0327015	0	
89	-0.00175552	0	89	-0.00300658	0	89	-0.0081907	0	89	-0	0	89	0.0958129	0	89	-0.0301215	0	
90	-0.00200879	0	90	-0.00246376	0	90	-0.00862446	0	90	-0	0	90	0.1	0	90	-0.0293312	0	
91	-0.00221486	0	91	-0.00237055	0	91	-0.00859579	0	91	-0	0	91	0.1	0	91	-0.0268582	0	
92	-0.00216218	0	92	-0.00239791	0	92	-0.00852375	0	92	-0	0	92	0.1	0	92	-0.0270223	0	
93	-0.00195977	0	93	-0.00263825	0	93	-0.00830892	0	93	-0	0	93	0.0975979	0	93	-0.025467	0	
94	-0.00195867	0	94	-0.0027783	0	94	-0.0080365	0	94	-0	0	94	0.095631	0	94	-0.0239912	0	
95	-0.00352672	0	95	-0.00342446	0	95	-0.00967045	0	95	-0	0	95	0.092121	0	95	-0.0332358	0	
96	-0.00310145	0	96	-0.00306914	0	96	-0.00900348	0	96	-0	0	96	0.0891256	0	96	-0.0304149	0	
97	-0.00295598	0	97	-0.0029229	0	97	-0.00861019	0	97	-0	0	97	0.0885854	0	97	-0.0289909	0	
98	-0.00145498	0	98	-0.00228312	0	98	-0.00697738	0	98	-0	0	98	0.0982034	0	98	-0.012345	0	
99	-0.00152224	0	99	-0.00224996	0	99	-0.00713056	0	99	-0	0	99	0.0939702	0	99	-0.0151336	0	
100	-0.00155148	0	100	-0.00191589	0	100	-0.00694016	0	100	-0	0	100	0.0834576	0	100	-0.0167823	0	
101	-0.00150173	0	101	-0.00181118	0	101	-0.00664472	0	101	-0	0	101	0.0798311	0	101	-0.0151417	0	
102	-0.00141926	0	102	-0.00168906	0	102	-0.00630577	0	102	-0	0	102	0.0759761	0	102	-0.0139766	0	
103	-0.00124701	0	103	-0.00176707	0	103	-0.00594456	0	103	-0	0	103	0.0745543	0	103	-0.0134937	0	
104	-0.00110256	0	104	-0.00180448	0	104	-0.00571108	0	104	-0	0	104	0.0743511	0	104	-0.0120749	0	
105	-0.000944895	0	105	-0.00186187	0	105	-0.00541008	0	105	-0	0	105	0.0732589	0	105	-0.0103106	0	
106	-0.000841331	0	106	-0.00182654	0	106	-0.0051684	0	106	-0	0	106	0.0675558	0	106	-0.0101126	0	
107	-0.00136782	0	107	-0.00316594	0	107	-0.00307103	0	107	-0	0	107	0.0199143	0	107	-0.0236701	0	
108	-0.00114671	0	108	-0.00430136	0	108	-0.00258588	0	108	-0	0	108	0.00206564	0	108	-0.0225149	0	
109	-0.00012933	0	109	-0.00427201	0	109	0.00109166	0	109	-0	0	109	-0.0167663	0	109	-0.013685	0	
110	0.000686164	0	110	-0.00324378	0	110	0.00285065	0	110	-0	0	110	-0.0350119	0	110	-0.00549745	0	
111	0.000815859	0	111	-0.00227494	0	111	0.00335507	0	111	-0	0	111	-0.0413783	0	111	-0.00147662	0	
112	0.000695643	0	112	-0.00151311	0	112	0.00316053	0	112	-0	0	112	-0.0397263	0	112	-0.000995494	0	
113	0.00044255	0	113	-0.00132812	0	113	0.00313055	0	113	-0	0	113	-0.0394524	0	113	0.00062548	0	
114	0.000506171	0	114	-0.00121104	0	114	0.00330176	0	114	-0	0	114	-0.0427769	0	114	0.00167478	0	
115	0.000699045	0	115	-0.00131524	0	115	0.00331007	0	115	-0	0	115	-0.0394103	0	115	0.00189781	0	
116	0.000538672	0	116	-0.0013835	0	116	0.00352011	0	116	-0	0	116	-0.0447121	0	116	0.00170581	0	
117	0.000850561	0	117	-0.00128549	0	117	0.00488289	0	117	-0	0	117	-0.0601865	0	117	0.00395677	0	
118	0.00200056	0	118	-0.00128356	0	118	0.00619134	0	118	-0	0	118	-0.0700064	0	118	0.00473706	0	
119	0.00302101	0	119	-0.00119583	0	119	0.00646119	0	119	-0	0	119	-0.0687802	0	119	0.005138	0	
120	0.00312886	0	120	-0.000962896	0	120	0.00635674	0	120	-0	0	120	-0.0695724	0	120	0.00534877	0	
121	0.00295895	0	121	-0.000784021	0	121	0.00627951	0	121	-0	0	121	-0.067935	0	121	0.00496752	0	
122	0.00288481	0	122	-0.000753795	0	122	0.00612483	0	122	-0	0	122	-0.0663832	0	122	0.00502257	0	
123	0.0030244	0	123	-0.00065762	0	123	0.00609051	0	123	-0	0	123	-0.0668499	0	123	0.00528257	0	
124	0.00349606	0	124	-0.000707273	0	124	0.00624494	0	124	-0	0	124	-0.0679775	0	124	0.00451857	0	
125	0.00385094	0	125	-0.00066625	0	125	0.00641469	0	125	-0	0	125	-0.06942	0	125	0.00440017	0	
126	0.00398251	0	126	-0.000666062	0	126	0.00626251	0	126	-0	0	126	-0.0691008	0	126	0.00384766	0	
127	0.00401993	0	127	-0.00063619	0	127	0.00605237	0	127	-0	0	127	-0.0663635	0	127	0.00278215	0	
128	0.0039816	0	128	-0.000703247	0	128	0.00598137	0	128	-0	0	128	-0.0621519	0	128	0.003569	0	
129	0.00377865	0	129	-0.000700179	0	129	0.00564148	0	129	-0	0	129	-0.0622092	0	129	0.00269244	0	
130	0.00373852	0	130	-0.000576928	0	130	0.0054779	0	130	-0	0	130	-0.0604361	0	130	0.00228518	0	
131	0.00381224	0	131	-0.000482791	0	131	0.00533551	0	131	-0	0	131	-0.0580563	0	131	0.00228278	0	
132	0.00378026	0	132	-0.000427763	0	132	0.00517178	0	132	-0	0	132	-0.0563049	0	132	0.00229874	0	
133	0.00371872	0	133	-0.000360898	0	133	0.00500049	0	133	-0	0	133	-0.0541639	0	133	0.00208335	0	
134	0.00337625	0	134	-0.000316409	0	134	0.00457361	0	134	-0	0	134	-0.0503233	0	134	0.000182596	0	
135	0.00348259	0	135	-0.00213483	0	135	0.00418942	0	135	-0	0	135	-0.0482185	0	135	-0.0282943	0	
136	0.00323663	0	136	-0.0043905	0	136	0.00420194	0	136	-0	0	136	-0.0487012	0	136	-0.065259	0	
137	0.00424339	0	137	-0.005863	0	137	0.00398377	0	137	-0	0	137	-0.0404686	0	137	-0.0820999	0	
138	0.00435263	0	138	-0.00820282	0	138	0.00382568	0	138	-0	0	138	-0.0354664	0	138	-0.1	0	
139	0.0033805	0	139	-0.00955434	0	139	0.00311577	0	139	-0	0	139	-0.0400312	0	139	-0.1	0	
140	0.00407098	0	140	-0.0109709	0	140	0.0029103	0	140	-0	0	140	-0.0359484	0	140	-0.1	0	
141	0.0046575	0	141	-0.0123437	0	141	0.00273617	0	141	-0	0	141	-0.03294	0	141	-0.1	0	
142	0.00515805	0	142	-0.0138072	0	142	0.00315804	0	142	-0	0	142	-0.0339483	0	142	-0.1	0	
143	0.00576518	0	143	-0.0138931	0	143	0.0038841	0	143	-0	0	143	-0.0348925	0	143	-0.1	0	
144	0.00540393	0	144	-0.0132127	0	144	0.00289289	0	144	-0	0	144	-0.0347999	0	144	-0.1	0	
145	0.00783557	0	145	-0.0131876	0	145	0.00388057	0	145	-0	0	145	-0.0358024	0	145	-0.1	0	
146	0.00498372	0	146	-0.0109178	0	146	0.00353388	0	146	-0	0	146	-0.0335562	0	146	-0.1	0	
147	0.00553469	0	147	-0.0117387	0	147	0.00348187	0	147	-0	0	147	-0.0315739	0	147	-0.1	0	
148	0.0057206	0	148	-0.0128101	0	148	0.0031997	0	148	-0	0	148	-0.0252228	0	148	-0.1	0	
149	0.00557388	0	149	-0.0141577	0	149	0.00286344	0	149	-0	0	149	-0.0222418	0	149	-0.1	0	
150	0.0053458	0	150	-0.0159042	0	150	0.00273523	0	150	-0	0	150	-0.0215045	0	150	-0.1	0	
151	0.00641837	0	151	-0.0196275	0	151	0.00127293	0	151	-0	0	151	-0.0229909	0	151	-0.1	0	
152	0.00501384	0	152	-0.0189329	0	152	0.00277333	0	152	-0	0	152	-0.0173582	0	152	-0.1	0	
153	0.00554362	0	153	-0.0185112	0	153	0.00277248	0	153	-0	0	153	-0.0224225	0	153	-0.1	0	
154	0.00660719	0	154	-0.0178334	0	154	0.00234355	0	154	-0	0	154	-0.0256811	0	154	-0.1	0	
155	0.00711899	0	155	-0.0160178	0	155	0.00180641	0	155	-0	0	155	-0.0239703	0	155	-0.1	0	
156	0.00687332	0	156	-0.0141086	0	156	0.00132846	0	156	-0	0	156	-0.0221419	0	156	-0.1	0	
157	0.00653742	0	157	-0.0127032	0	157	0.00126051	0	157	-0	0	157	-0.0208978	0	157	-0.1	0	
158	0.00572664	0	158	-0.0110064	0	158	0.00147381	0	158	-0	0	158	-0.0157107	0	158	-0.1	0	
159	0.00525272	0	159	-0.0092829	0	159	0.0013983	0	159	-0	0	159	-0.0157065	0	159	-0.1	0	
160	0.00560821	0	160	-0.00917222	0	160	0.00256128	0	160	-0	0	160	-0.0134795	0	160	-0.1	0	
161	0.00518445	0	161	-0.00811657	0	161	0.00119204	0	161	-0	0	161	-0.012735	0	161	-0.1	0	
162	0.00518006	0	162	-0.00789903	0	162	0.00139571	0	162	-0	0	162	-0.0124968	0	162	-0.1	0	
163	0.00507351	0	163	-0.00734038	0	163	0.0012471	0	163	-0	0	163	-0.0117014	0	163	-0.1	0	
164	0.00489275	0	164	-0.00694423	0	164	0.00148776	0	164	-0	0	164	-0.0105432	0	164	-0.1	0	
165	0.00454533	0	165	-0.00669956	0	165	0.00139196	0	165	-0	0	165	-0.00887717	0	165	-0.1	0	
166	0.00432557	0	166	-0.00621884	0	166	0.0012257	0	166	-0	0	166	-0.00782178	0	166	-0.1	0	
167	0.00444483	0	167	-0.00567007	0	167	0.00150008	0	167	-0	0	167	-0.00497424	0	167	-0.0972794	0	
168	0.00396439	0	168	-0.00518067	0	168	0.000671419	0	168	-0	0	168	-0.00219512	0	168	-0.094839	0	
169	0.00363891	0	169	-0.00391751	0	169	0.000236691	0	169	-0	0	169	0.00392341	0	169	-0.0834648	0	
170	0.00278359	0	170	-0.00161734	0	170	-0.000261707	0	170	-0	0	170	0.0132934	0	170	-0.0638001	0	
171	0.00165911	0	171	0.00105839	0	171	-0.000425195	0	171	-0	0	171	0.0128247	0	171	-0.0379033	0	
172	0.00105321	0	172	0.00231803	0	172	-0.00025429	0	172	-0	0	172	0.00615825	0	172	-0.0198448	0	
173	0.00127186	0	173	0.0026072	0	173	0.000280265	0	173	-0	0	173	0.00163033	0	173	-0.0128453	0	
174	0	0	174	0	0	174	0	0	174	0	0	174	0	0	174	0	0	
175	0.00239937	0	175	0.00108195	0	175	0.000849501	0	175	-0	0	175	-0.00332752	0	175	-0.0189116	0	
176	0.00222954	0	176	0.000634038	0	176	0.000855244	0	176	-0	0	176	-0.00655864	0	176	-0.02046	0	
177	0.00204111	0	177	0.00060303	0	177	0.00072774	0	177	-0	0	177	-0.00367169	0	177	-0.0201566	0	
178	0.00184401	0	178	0.00072926	0	178	0.000632212	0	178	-0	0	178	-0.00446116	0	178	-0.0188347	0	
179	0.00176805	0	179	0.000806969	0	179	0.000517509	0	179	-0	0	179	-0.00336324	0	179	-0.0184333	0	
180	0.00181208	0	180	0.000849785	0	180	0.000586571	0	180	-0	0	180	-0.00255907	0	180	-0.0169278	0	
181	0	0	181	0	0	181	0	0	181	0	0	181	0	0	181	0	0	
182	0	0	182	0	0	182	0	0	182	0	0	182	0	0	182	0	0	
183	0	0	183	0	0	183	0	0	183	0	0	183	0	0	183	0	0	
184	0	0	184	0	0	184	0	0	184	0	0	184	0	0	184	0	0	
185	0.00218854	0	185	0.000500126	0	185	0.00075703	0	185	-0	0	185	-0.00148279	0	185	-0.0172726	0	
186	0.00206357	0	186	0.000419991	0	186	0.000729125	0	186	-0	0	186	-0.00131118	0	186	-0.0165518	0	
187	0	0	187	0	0	187	0	0	187	0	0	187	0	0	187	0	0	
188	0	0	188	0	0	188	0	0	188	0	0	188	0	0	188	0	0	
189	0	0	189	0	0	189	0	0	189	0	0	189	0	0	189	0	0	
190	0	0	190	0	0	190	0	0	190	0	0	190	0	0	190	0	0	
191	0	0	191	0	0	191	0	0	191	0	0	191	0	0	191	0	0	
192	0	0	192	0	0	192	0	0	192	0	0	192	0	0	192	0	0	
193	0	0	193	0	0	193	0	0	193	0	0	193	0	0	193	0	0	
194	0	0	194	0	0	194	0	0	194	0	0	194	0	0	194	0	0	
195	0	0	195	0	0	195	0	0	195	0	0	195	0	0	195	0	0	
196	0	0	196	0	0	196	0	0	196	0	0	196	0	0	196	0	0	
197	0	0	197	0	0	197	0	0	197	0	0	197	0	0	197	0	0	
198	0	0	198	0	0	198	0	0	198	0	0	198	0	0	198	0	0	
199	0	0	199	0	0	199	0	0	199	0	0	199	0	0	199	0	0	
200	0	0	200	0	0	200	0	0	200	0	0	200	0	0	200	0	0	
201	0	0	201	0	0	201	0	0	201	0	0	201	0	0	201	0	0	
202	0	0	202	0	0	202	0	0	202	0	0	202	0	0	202	0	0	
203	0	0	203	0	0	203	0	0	203	0	0	203	0	0	203	0	0	
204	0	0	204	0	0	204	0	0	204	0	0	204	0	0	204	0	0	
205	0	0	205	0	0	205	0	0	205	0	0	205	0	0	205	0	0	
206	0	0	206	0	0	206	0	0	206	0	0	206	0	0	206	0	0	
207	0	0	207	0	0	207	0	0	207	0	0	207	0	0	207	0	0	
208	0	0	208	0	0	208	0	0	208	0	0	208	0	0	208	0	0	
209	0	0	209	0	0	209	0	0	209	0	0	209	0	0	209	0	0	
210	0	0	210	0	0	210	0	0	210	0	0	210	0	0	210	0	0	
211	0	0	211	0	0	211	0	0	211	0	0	211	0	0	211	0	0	
212	0	0	212	0	0	212	0	0	212	0	0	212	0	0	212	0	0	
213	0	0	213	0	0	213	0	0	213	0	0	213	0	0	213	0	0	
214	0	0	214	0	0	214	0	0	214	0	0	214	0	0	214	0	0	
215	0	0	215	0	0	215	0	0	215	0	0	215	0	0	215	0	0	
216	0	0	216	0	0	216	0	0	216	0	0	216	0	0	216	0	0	
217	0	0	217	0	0	217	0	0	217	0	0	217	0	0	217	0	0	
218	0	0	218	0	0	218	0	0	218	0	0	218	0	0	218	0	0	
219	0	0	219	0	0	219	0	0	219	0	0	219	0	0	219	0	0	
220	-0.00506234	0	220	0.000795486	0	220	0.000603793	0	220	-0	0	220	0.012982	0	220	0.0177933	0	
221	-0.00632336	0	221	0.000736424	0	221	0.00177979	0	221	-0	0	221	0.0109498	0	221	0.0221769	0	
222	-0.00746861	0	222	0.00065709	0	222	0.00305446	0	222	-0	0	222	0.0111792	0	222	0.0259569	0	
223	-0.00837833	0	223	0.000827807	0	223	0.0046492	0	223	-0	0	223	0.00983725	0	223	0.0327655	0	
224	-0.00899248	0	224	0.000369328	0	224	0.00627739	0	224	-0	0	224	0.0113824	0	224	0.0358044	0	
225	-0.00838955	0	225	0.000241836	0	225	0.00813688	0	225	-0	0	225	0.00753221	0	225	0.03371	0	
226	-0.00751117	0	226	0.00065455	0	226	0.0101473	0	226	-0	0	226	0.00656858	0	226	0.0350941	0	
227	-0.0072715	0	227	0.00112966	0	227	0.011113	0	227	-0	0	227	0.00567323	0	227	0.0355807	0	
228	-0.00715642	0	228	0.00207119	0	228	0.012412	0	228	-0	0	228	0.00182697	0	228	0.039618	0	
229	-0.00726575	0	229	0.00256887	0	229	0.0135437	0	229	-0	0	229	0.000673711	0	229	0.0418405	0	
230	-0.00530185	0	230	0.00296252	0	230	0.012152	0	230	-0	0	230	0.000559408	0	230	0.0403707	0	
231	-0.00462052	0	231	0.00264895	0	231	0.0104215	0	231	-0	0	231	0.00508841	0	231	0.0430763	0	
232	-0.0043523	0	232	0.00188611	0	232	0.0068094	0	232	-0	0	232	0.0159479	0	232	0.0351562	0	
233	-0.00518305	0	233	0.00183195	0	233	0.00568338	0	233	-0	0	233	0.0135169	0	233	0.0346018	0	
234	-0.00582274	0	234	0.00182586	0	234	0.0052458	0	234	-0	0	234	0.0124555	0	234	0.0337685	0	
235	-0.00496323	0	235	0.00238179	0	235	0.00487907	0	235	-0	0	235	0.00888705	0	235	0.0369065	0	
236	-0.0051206	0	236	0.00295186	0	236	0.00501187	0	236	-0	0	236	0.00992294	0	236	0.0429114	0	
237	-0.00500866	0	237	0.00292113	0	237	0.00441521	0	237	-0	0	237	0.00990712	0	237	0.0389726	0	
238	-0.00414079	0	238	0.00283525	0	238	0.00461185	0	238	-0	0	238	0.00916816	0	238	0.0371234	0	
239	0	0	239	0	0	239	0	0	239	0	0	239	0	0	239	0	0	
240	0	0	240	0	0	240	0	0	240	0	0	240	0	0	240	0	0	
241	0	0	241	0	0	241	0	0	241	0	0	241	0	0	241	0	0	
242	0	0	242	0	0	242	0	0	242	0	0	242	0	0	242	0	0	
243	0	0	243	0	0	243	0	0	243	0	0	243	0	0	243	0	0	
244	0	0	244	0	0	244	0	0	244	0	0	244	0	0	244	0	0	
245	0	0	245	0	0	245	0	0	245	0	0	245	0	0	245	0	0	
246	0	0	246	0	0	246	0	0	246	0	0	246	0	0	246	0	0	
247	0	0	247	0	0	247	0	0	247	0	0	247	0	0	247	0	0	
248	0	0	248	0	0	248	0	0	248	0	0	248	0	0	248	0	0	
249	0	0	249	0	0	249	0	0	249	0	0	249	0	0	249	0	0	
250	0	0	250	0	0	250	0	0	250	0	0	250	0	0	250	0	0	
251	0	0	251	0	0	251	0	0	251	0	0	251	0	0	251	0	0	
252	0	0	252	0	0	252	0	0	252	0	0	252	0	0	252	0	0	
253	0	0	253	0	0	253	0	0	253	0	0	253	0	0	253	0	0	
254	0	0	254	0	0	254	0	0	254	0	0	254	0	0	254	0	0	
255	0	0	255	0	0	255	0	0	255	0	0	255	0	0	255	0	0	
256	0	0	256	0	0	256	0	0	256	0	0	256	0	0	256	0	0	
257	0	0	257	0	0	257	0	0	257	0	0	257	0	0	257	0	0	
258	0	0	258	0	0	258	0	0	258	0	0	258	0	0	258	0	0	
259	0	0	259	0	0	259	0	0	259	0	0	259	0	0	259	0	0	
260	0	0	260	0	0	260	0	0	260	0	0	260	0	0	260	0	0	
261	0	0	261	0	0	261	0	0	261	0	0	261	0	0	261	0	0	
262	0	0	262	0	0	262	0	0	262	0	0	262	0	0	262	0	0	
263	0	0	263	0	0	263	0	0	263	0	0	263	0	0	263	0	0	
264	0	0	264	0	0	264	0	0	264	0	0	264	0	0	264	0	0	
265	0	0	265	0	0	265	0	0	265	0	0	265	0	0	265	0	0	
266	0	0	266	0	0	266	0	0	266	0	0	266	0	0	266	0	0	
267	0	0	267	0	0	267	0	0	267	0	0	267	0	0	267	0	0	
268	0	0	268	0	0	268	0	0	268	0	0	268	0	0	268	0	0	
269	0	0	269	0	0	269	0	0	269	0	0	269	0	0	269	0	0	
270	0	0	270	0	0	270	0	0	270	0	0	270	0	0	270	0	0	
271	0	0	271	0	0	271	0	0	271	0	0	271	0	0	271	0	0	
272	0	0	272	0	0	272	0	0	272	0	0	272	0	0	272	0	0	
273	0	0	273	0	0	273	0	0	273	0	0	273	0	0	273	0	0	
274	0	0	274	0	0	274	0	0	274	0	0	274	0	0	274	0	0	
275	0	0	275	0	0	275	0	0	275	0	0	275	0	0	275	0	0	
276	0	0	276	0	0	276	0	0	276	0	0	276	0	0	276	0	0	
277	0	0	277	0	0	277	0	0	277	0	0	277	0	0	277	0	0	
278	0	0	278	0	0	278	0	0	278	0	0	278	0	0	278	0	0	
279	0	0	279	0	0	279	0	0	279	0	0	279	0	0	279	0	0	
280	0	0	280	0	0	280	0	0	280	0	0	280	0	0	280	0	0	
281	0	0	281	0	0	281	0	0	281	0	0	281	0	0	281	0	0	
282	-0.00893506	0	282	0.0167815	0	282	-0.0035867	0	282	-0	0	282	0.0229476	0	282	0.1	0	
283	-0.00838059	0	283	0.0154498	0	283	-0.00866327	0	283	-0	0	283	0.019057	0	283	0.1	0	
284	-0.00727244	0	284	0.0139683	0	284	-0.0133899	0	284	-0	0	284	0.00627636	0	284	0.1	0	
285	-0.00618497	0	285	0.0111176	0	285	-0.0148561	0	285	-0	0	285	-0.0131122	0	285	0.1	0	
286	-0.00609411	0	286	0.00850753	0	286	-0.0151408	0	286	-0	0	286	-0.0277009	0	286	0.1	0	
287	-0.00778097	0	287	0.00762309	0	287	-0.012142	0	287	-0	0	287	-0.0400955	0	287	0.0897287	0	
288	-0.0106358	0	288	0.00769347	0	288	-0.00716623	0	288	-0	0	288	-0.0438704	0	288	0.0796547	0	
289	-0.0111496	0	289	0.00909649	0	289	-0.00919119	0	289	-0	0	289	-0.0218864	0	289	0.0751878	0	
290	-0.0103309	0	290	0.00896469	0	290	-0.00898434	0	290	-0	0	290	-0.014006	0	290	0.0677768	0	
291	-0.0100126	0	291	0.00908694	0	291	-0.00476906	0	291	-0	0	291	-0.0174221	0	291	0.0668361	0	
292	-0.00969121	0	292	0.00934378	0	292	-0.00367367	0	292	-0	0	292	-0.0105521	0	292	0.0728769	0	
293	-0.00903086	0	293	0.00941293	0	293	-0.00369355	0	293	-0	0	293	0.000789809	0	293	0.0768335	0	
294	-0.00975592	0	294	0.00939259	0	294	-0.00279768	0	294	-0	0	294	0.0072131	0	294	0.0807771	0	
295	-0.0113234	0	295	0.00920886	0	295	-0.00270851	0	295	-0	0	295	0.0171399	0	295	0.0826407	0	
296	-0.0115046	0	296	0.00818042	0	296	-0.00332777	0	296	-0	0	296	0.0210373	0	296	0.0765924	0	
297	-0.00952644	0	297	0.00636293	0	297	-0.00222853	0	297	-0	0	297	0.0121458	0	297	0.0684295	0	
298	-0.00926954	0	298	0.00559598	0	298	-0.00237754	0	298	-0	0	298	0.012093	0	298	0.0638834	0	
299	-0.00945247	0	299	0.00460088	0	299	-0.00256744	0	299	-0	0	299	0.0151851	0	299	0.0583967	0	
300	-0.00833366	0	300	0.00388835	0	300	-0.00242621	0	300	-0	0	300	0.0156161	0	300	0.0562716	0	
301	-0.0076619	0	301	0.00328678	0	301	-0.00280753	0	301	-0	0	301	0.019599	0	301	0.0556075	0	
302	-0.00746363	0	302	0.00291543	0	302	-0.00304388	0	302	-0	0	302	0.0244685	0	302	0.0567056	0	
303	-0.00715322	0	303	0.00325982	0	303	-0.00316816	0	303	-0	0	303	0.0279348	0	303	0.0598845	0	
304	-0.00706732	0	304	0.00440932	0	304	-0.00333523	0	304	-0	0	304	0.0305606	0	304	0.068637	0	
305	-0.006796	0	305	0.00511597	0	305	-0.00290945	0	305	-0	0	305	0.0300095	0	305	0.0761985	0	
306	-0.00632735	0	306	0.00521101	0	306	-0.00240644	0	306	-0	0	306	0.0235096	0	306	0.0720607	0	
307	-0.00548764	0	307	0.00423848	0	307	-0.0019273	0	307	-0	0	307	0.0147624	0	307	0.058723	0	
308	-0.00452258	0	308	0.00246174	0	308	-0.00106819	0	308	-0	0	308	0.00557453	0	308	0.0453366	0	
309	-0.00373189	0	309	0.000374523	0	309	-0.000697205	0	309	-0	0	309	0.000471218	0	309	0.0315731	0	
310	-0.00315384	0	310	-0.00183273	0	310	-0.000517819	0	310	-0	0	310	-0.0013338	0	310	0.0193606	0	
311	-0.00258493	0	311	-0.00386484	0	311	-0.000365274	0	311	-0	0	311	-0.00236327	0	311	0.0088717	0	
312	-0.00206209	0	312	-0.00481952	0	312	-4.06941e-05	0	312	-0	0	312	-0.00462625	0	312	0.00520683	0	
313	-0.00189222	0	313	-0.00453687	0	313	0.00017228	0	313	-0	0	313	-0.00713905	0	313	0.00494893	0	
314	-0.0018842	0	314	-0.00396156	0	314	0.000195877	0	314	-0	0	314	-0.00470259	0	314	0.00654988	0	
315	-0.00195067	0	315	-0.00285549	0	315	6.79198e-05	0	315	-0	0	315	-0.00489865	0	315	0.0111456	0	
316	-0.00204147	0	316	-0.00185629	0	316	9.58471e-06	0	316	-0	0	316	-0.00307005	0	316	0.0156533	0	
317	-0.00218038	0	317	-0.000562586	0	317	-3.68765e-05	0	317	-0	0	317	-0.00143936	0	317	0.0226056	0	
318	-0.00231873	0	318	0.000918164	0	318	-0.000184485	0	318	-0	0	318	0.000163205	0	318	0.0296373	0	
319	-0.00238173	0	319	0.00160425	0	319	-0.000207515	0	319	-0	0	319	0.000564623	0	319	0.0309774	0	
320	-0.00242545	0	320	0.00178754	0	320	-0.000295758	0	320	-0	0	320	0.000642284	0	320	0.0307225	0	
321	-0.00218995	0	321	0.00174201	0	321	-0.000169862	0	321	-0	0	321	0.00139839	0	321	0.0324498	0	
322	-0.00204875	0	322	0.00177167	0	322	-7.59982e-05	0	322	-0	0	322	0.00046059	0	322	0.0324036	0	
323	-0.00200497	0	323	0.00177313	0	323	-9.28672e-05	0	323	-0	0	323	0.00114519	0	323	0.0324241	0	
324	-0.00199513	0	324	0.00215421	0	324	-0.000123426	0	324	-0	0	324	0.00249449	0	324	0.0365637	0	
325	-0.00203989	0	325	0.00262663	0	325	-0.00100468	0	325	-0	0	325	0.0124601	0	325	0.0387224	0	
326	-0.00229238	0	326	0.00250722	0	326	-0.00305512	0	326	-0	0	326	0.0342886	0	326	0.0356708	0	
327	-0.00265539	0	327	0.00166058	0	327	-0.00553244	0	327	-0	0	327	0.0714956	0	327	0.0294344	0	
328	-0.00258049	0	328	0.00105332	0	328	-0.0057854	0	328	-0	0	328	0.0775586	0	328	0.0237359	0	
329	-0.00242144	0	329	0.000743226	0	329	-0.0065127	0	329	-0	0	329	0.0822255	0	329	0.0216941	0	
330	-0.00267809	0	330	0.000787968	0	330	-0.00739049	0	330	-0	0	330	0.0885757	0	330	0.019042	0	
331	-0.00248947	0	331	0.0011434	0	331	-0.00743669	0	331	-0	0	331	0.0880628	0	331	0.0183377	0	
332	-0.00214353	0	332	0.0012679	0	332	-0.00668789	0	332	-0	0	332	0.0840883	0	332	0.019777	0	
333	-0.0020209	0	333	0.00144724	0	333	-0.0055025	0	333	-0	0	333	0.066861	0	333	0.0194614	0	
334	-0.00184283	0	334	0.00132179	0	334	-0.00480641	0	334	-0	0	334	0.0548531	0	334	0.0174943	0	
335	-0.00188978	0	335	0.00112826	0	335	-0.00481182	0	335	-0	0	335	0.0551414	0	335	0.0165567	0	
336	-0.00169719	0	336	0.000913896	0	336	-0.00467043	0	336	-0	0	336	0.0608338	0	336	0.0165765	0	
337	-0.00164445	0	337	0.00101866	0	337	-0.00448137	0	337	-0	0	337	0.055904	0	337	0.0161789	0	
338	-0.00155684	0	338	0.0010998	0	338	-0.00411203	0	338	-0	0	338	0.0521318	0	338	0.0156052	0	
339	-0.00135512	0	339	0.000853736	0	339	-0.00391954	0	339	-0	0	339	0.0510807	0	339	0.0138188	0	
340	-0.00126247	0	340	0.000570325	0	340	-0.00390384	0	340	-0	0	340	0.0471874	0	340	0.0113306	0	
341	-0.00111755	0	341	0.000529103	0	341	-0.00387583	0	341	-0	0	341	0.0446797	0	341	0.00966776	0	
342	-0.0009438	0	342	0.000573226	0	342	-0.00361633	0	342	-0	0	342	0.0440434	0	342	0.00972787	0	
343	-0.000723355	0	343	0.000704144	0	343	-0.00311146	0	343	-0	0	343	0.044248	0	343	0.0113832	0	
344	-0.000870241	0	344	0.000959729	0	344	-0.00299946	0	344	-0	0	344	0.0361131	0	344	0.00989857	0	
345	-0.001005	0	345	0.000966105	0	345	-0.00289296	0	345	-0	0	345	0.0341162	0	345	0.00908982	0	
346	-0.000892397	0	346	0.000843301	0	346	-0.00263319	0	346	-0	0	346	0.0326545	0	346	0.00937258	0	
347	-0.000858041	0	347	0.000793066	0	347	-0.00237684	0	347	-0	0	347	0.0295525	0	347	0.00905707	0	
348	-0.000654452	0	348	0.000793303	0	348	-0.00230242	0	348	-0	0	348	0.0268236	0	348	0.00837188	0	
349	-0.00116118	0	349	0.000222705	0	349	-0.00276545	0	349	-0	0	349	0.0221754	0	349	0.000349994	0	
350	-0.00157678	0	350	-0.000114884	0	350	-0.00310259	0	350	-0	0	350	0.0182494	0	350	-0.00367364	0	
351	-0.00070613	0	351	0.000411174	0	351	-0.000610801	0	351	-0	0	351	0.00615633	0	351	0.00556241	0	
352	0	0	352	0	0	352	0	0	352	0	0	352	0	0	352	0	0	
353	0	0	353	0	0	353	0	0	353	0	0	353	0	0	353	0	0	
354	-0.000110884	0	354	-0.00105524	0	354	-0.00228623	0	354	-0	0	354	0.0293033	0	354	-0.0278022	0	
355	-0.000693084	0	355	0.000264702	0	355	-0.00531809	0	355	-0	0	355	0.0686671	0	355	-0.0207457	0	
356	-0.000827354	0	356	0.000922622	0	356	-0.00542579	0	356	-0	0	356	0.0700165	0	356	-0.015793	0	
357	-0.000389059	0	357	0.00140413	0	357	-0.0042684	0	357	-0	0	357	0.0600321	0	357	-0.00971362	0	
358	-0.000453245	0	358	0.00171013	0	358	-0.00208817	0	358	-0	0	358	0.0241131	0	358	-0.00799595	0	
359	7.17415e-05	0	359	0.00144369	0	359	0.000463859	0	359	-0	0	359	-0.0040958	0	359	-0.00603997	0	
360	0	0	360	0	0	360	0	0	360	0	0	360	0	0	360	0	0	
361	0.000102289	0	361	0.000101957	0	361	0.00332804	0	361	-0	0	361	-0.0382226	0	361	-0.00482798	0	
362	-2.50269e-05	0	362	-0.000369519	0	362	0.00430811	0	362	-0	0	362	-0.0521443	0	362	-0.00274749	0	
363	6.83619e-05	0	363	-0.000561742	0	363	0.00461281	0	363	-0	0	363	-0.05454	0	363	-0.0011001	0	
364	-0.000217077	0	364	-0.000246461	0	364	0.00394487	0	364	-0	0	364	-0.0455826	0	364	0.00182333	0	
365	-0.000333233	0	365	5.43757e-05	0	365	0.00359102	0	365	-0	0	365	-0.0427721	0	365	0.00284458	0	
366	-0.000309925	0	366	0.000437028	0	366	0.00342295	0	366	-0	0	366	-0.0403749	0	366	0.0040251	0	
367	-0.000200384	0	367	0.000764765	0	367	0.00335405	0	367	-0	0	367	-0.0378717	0	367	0.00560119	0	
368	-0.000280236	0	368	0.000914981	0	368	0.00302884	0	368	-0	0	368	-0.0369569	0	368	0.00522258	0	
369	-0.000213024	0	369	0.000833894	0	369	0.00287998	0	369	-0	0	369	-0.0352491	0	369	0.00478357	0	
370	-0.000175692	0	370	0.00071561	0	370	0.00280402	0	370	-0	0	370	-0.0333613	0	370	0.00456947	0	
371	-0.000129539	0	371	0.000681483	0	371	0.00267684	0	371	-0	0	371	-0.031583	0	371	0.00455531	0	
372	-5.387e-05	0	372	0.000585018	0	372	0.0025518	0	372	-0	0	372	-0.0295076	0	372	0.00439898	0	
373	2.42482e-05	0	373	0.000455646	0	373	0.0024303	0	373	-0	0	373	-0.027487	0	373	0.00387905	0	
374	6.12262e-05	0	374	0.000341806	0	374	0.00227469	0	374	-0	0	374	-0.025488	0	374	0.0032241	0	
375	8.32105e-05	0	375	0.000221097	0	375	0.00215929	0	375	-0	0	375	-0.0240463	0	375	0.00253984	0	
376	0.000123433	0	376	0.000198367	0	376	0.0020198	0	376	-0	0	376	-0.0227933	0	376	0.0022463	0	
377	0.000151531	0	377	0.000183474	0	377	0.00189764	0	377	-0	0	377	-0.0212039	0	377	0.00199526	0	
378	0.000165824	0	378	0.000165069	0	378	0.00181333	0	378	-0	0	378	-0.0197504	0	378	0.00194015	0	
379	0.000196529	0	379	0.000194603	0	379	0.00172437	0	379	-0	0	379	-0.0177185	0	379	0.0020886	0	
380	0.000120043	0	380	0.00022966	0	380	0.00159135	0	380	-0	0	380	-0.0177317	0	380	0.00192708	0	
381	0.000123301	0	381	0.000182574	0	381	0.00150542	0	381	-0	0	381	-0.0171797	0	381	0.00173033	0	
382	0	0	382	0	0	382	0	0	382	0	0	382	0	0	382	0	0	
383	0	0	383	0	0	383	0	0	383	0	0	383	0	0	383	0	0	
384	0	0	384	0	0	384	0	0	384	0	0	384	0	0	384	0	0	
385	0	0	385	0	0	385	0	0	385	0	0	385	0	0	385	0	0	
386	0	0	386	0	0	386	0	0	386	0	0	386	0	0	386	0	0	
387	0	0	387	0	0	387	0	0	387	0	0	387	0	0	387	0	0	
388	0	0	388	0	0	388	0	0	388	0	0	388	0	0	388	0	0	
389	0	0	389	0	0	389	0	0	389	0	0	389	0	0	389	0	0	
390	0	0	390	0	0	390	0	0	390	0	0	390	0	0	390	0	0	
391	0	0	391	0	0	391	0	0	391	0	0	391	0	0	391	0	0	
392	0	0	392	0	0	392	0	0	392	0	0	392	0	0	392	0	0	
393	-0.000727825	0	393	0.00486231	0	393	0.00157811	0	393	-0	0	393	-0.0130722	0	393	0.0541861	0	
394	-0.0010927	0	394	0.0084786	0	394	0.00179072	0	394	-0	0	394	-0.0165835	0	394	0.0796988	0	
395	-0.00122416	0	395	0.0108043	0	395	0.00241104	0	395	-0	0	395	-0.00989729	0	395	0.1	0	
396	-0.00167417	0	396	0.012123	0	396	0.00264042	0	396	-0	0	396	-0.00499154	0	396	0.1	0	
397	-0.00204654	0	397	0.0132645	0	397	0.00278452	0	397	-0	0	397	0.00867266	0	397	0.1	0	
398	-0.00204534	0	398	0.0130739	0	398	0.00256733	0	398	-0	0	398	0.0125213	0	398	0.1	0	
399	-0.00181416	0	399	0.012083	0	399	0.00220689	0	399	-0	0	399	0.00983679	0	399	0.1	0	
400	-0.00145574	0	400	0.0108809	0	400	0.00235268	0	400	-0	0	400	0.00718308	0	400	0.1	0	
401	-0.00117677	0	401	0.0102394	0	401	0.00221937	0	401	-0	0	401	0.00399417	0	401	0.1	0	
402	-0.00106558	0	402	0.00966874	0	402	0.00232253	0	402	-0	0	402	0.00218372	0	402	0.0977892	0	
403	-0.000972119	0	403	0.00942643	0	403	0.00197169	0	403	-0	0	403	0.000826627	0	403	0.0931826	0	
404	-0.00072258	0	404	0.00914235	0	404	0.00203399	0	404	-0	0	404	0.00324108	0	404	0.0892385	0	
405	-0.000564353	0	405	0.0087502	0	405	0.00181745	0	405	-0	0	405	0.00302093	0	405	0.0846581	0	
406	-0.000443718	0	406	0.00838442	0	406	0.00160639	0	406	-0	0	406	0.00283035	0	406	0.0808782	0	
407	-0.000428724	0	407	0.00809351	0	407	0.00146052	0	407	-0	0	407	0.00311291	0	407	0.0780166	0	
408	-0.0004657	0	408	0.00795545	0	408	0.00101675	0	408	-0	0	408	0.00220891	0	408	0.0746039	0	
409	-0.000409129	0	409	0.00762197	0	409	0.00106213	0	409	-0	0	409	0.00357755	0	409	0.0715226	0	
410	-0.000206498	0	410	0.0073376	0	410	0.000954316	0	410	-0	0	410	0.00569276	0	410	0.0678401	0	
411	-0.000103345	0	411	0.00685288	0	411	0.000879715	0	411	-0	0	411	0.00740501	0	411	0.0644194	0	
412	-0.000557022	0	412	0.0068321	0	412	9.25589e-06	0	412	-0	0	412	-0.00260309	0	412	0.0590367	0	
413	-0.000156699	0	413	0.00623811	0	413	0.000419502	0	413	-0	0	413	0.00264208	0	413	0.0568826	0	
414	-2.3058e-05	0	414	0.00551837	0	414	0.000663686	0	414	-0	0	414	0.00461383	0	414	0.0540235	0	
415	0	0	415	0	0	415	0	0	415	0	0	415	0	0	415	0	0	
416	0	0	416	0	0	416	0	0	416	0	0	416	0	0	416	0	0	
417	0	0	417	0	0	417	0	0	417	0	0	417	0	0	417	0	0	
418	0	0	418	0	0	418	0	0	418	0	0	418	0	0	418	0	0	
419	0	0	419	0	0	419	0	0	419	0	0	419	0	0	419	0	0	
420	0	0	420	0	0	420	0	0	420	0	0	420	0	0	420	0	0	
421	0	0	421	0	0	421	0	0	421	0	0	421	0	0	421	0	0	
422	0	0	422	0	0	422	0	0	422	0	0	422	0	0	422	0	0	
423	0	0	423	0	0	423	0	0	423	0	0	423	0	0	423	0	0	
424	0	0	424	0	0	424	0	0	424	0	0	424	0	0	424	0	0	
425	0	0	425	0	0	425	0	0	425	0	0	425	0	0	425	0	0	
426	0	0	426	0	0	426	0	0	426	0	0	426	0	0	426	0	0	
427	0	0	427	0	0	427	0	0	427	0	0	427	0	0	427	0	0	
428	0	0	428	0	0	428	0	0	428	0	0	428	0	0	428	0	0	
429	0	0	429	0	0	429	0	0	429	0	0	429	0	0	429	0	0	
430	0	0	430	0	0	430	0	0	430	0	0	430	0	0	430	0	0	
431	0	0	431	0	0	431	0	0	431	0	0	431	0	0	431	0	0	
432	0	0	432	0	0	432	0	0	432	0	0	432	0	0	432	0	0	
433	0	0	433	0	0	433	0	0	433	0	0	433	0	0	433	0	0	
434	0	0	434	0	0	434	0	0	434	0	0	434	0	0	434	0	0	
435	0	0	435	0	0	435	0	0	435	0	0	435	0	0	435	0	0	
436	0	0	436	0	0	436	0	0	436	0	0	436	0	0	436	0	0	
437	0	0	437	0	0	437	0	0	437	0	0	437	0	0	437	0	0	
438	0	0	438	0	0	438	0	0	438	0	0	438	0	0	438	0	0	
439	0	0	439	0	0	439	0	0	439	0	0	439	0	0	439	0	0	
440	0	0	440	0	0	440	0	0	440	0	0	440	0	0	440	0	0	
441	0	0	441	0	0	441	0	0	441	0	0	441	0	0	441	0	0	
442	0	0	442	0	0	442	0	0	442	0	0	442	0	0	442	0	0	
443	0	0	443	0	0	443	0	0	443	0	0	443	0	0	443	0	0	
444	0	0	444	0	0	444	0	0	444	0	0	444	0	0	444	0	0	
445	0	0	445	0	0	445	0	0	445	0	0	445	0	0	445	0	0	
446	0	0	446	0	0	446	0	0	446	0	0	446	0	0	446	0	0	
447	0	0	447	0	0	447	0	0	447	0	0	447	0	0	447	0	0	
448	0	0	448	0	0	448	0	0	448	0	0	448	0	0	448	0	0	
449	0	0	449	0	0	449	0	0	449	0	0	449	0	0	449	0	0	
450	0	0	450	0	0	450	0	0	450	0	0	450	0	0	450	0	0	
451	0	0	451	0	0	451	0	0	451	0	0	451	0	0	451	0	0	
452	0	0	452	0	0	452	0	0	452	0	0	452	0	0	452	0	0	
453	0	0	453	0	0	453	0	0	453	0	0	453	0	0	453	0	0	
454	0	0	454	0	0	454	0	0	454	0	0	454	0	0	454	0	0	
455	0	0	455	0	0	455	0	0	455	0	0	455	0	0	455	0	0	
456	0	0	456	0	0	456	0	0	456	0	0	456	0	0	456	0	0	
457	0	0	457	0	0	457	0	0	457	0	0	457	0	0	457	0	0	
458	-0.000416297	0	458	0.000543344	0	458	-0.000530003	0	458	-0	0	458	0.0189498	0	458	0.0227658	0	
459	0	0	459	0	0	459	0	0	459	0	0	459	0	0	459	0	0	
460	0	0	460	0	0	460	0	0	460	0	0	460	0	0	460	0	0	
461	-0.000303368	0	461	-0.00159357	0	461	-0.000532643	0	461	-0	0	461	0.0181962	0	461	0.00820894	0	
462	-0.00013565	0	462	-0.0015055	0	462	-0.00054752	0	462	-0	0	462	0.0179045	0	462	0.00540919	0	
463	-5.82384e-05	0	463	-0.00149102	0	463	-0.000554432	0	463	-0	0	463	0.0169141	0	463	0.00394101	0	
464	4.45757e-06	0	464	-0.00158237	0	464	-0.000504051	0	464	-0	0	464	0.0152798	0	464	0.00240396	0	
465	0	0	465	0	0	465	0	0	465	0	0	465	0	0	465	0	0	
466	0	0	466	0	0	466	0	0	466	0	0	466	0	0	466	0	0	
467	6.54464e-05	0	467	-0.00246041	0	467	-0.00222711	0	467	-0	0	467	0.0340744	0	467	-0.00741096	0	
468	-0.000151875	0	468	-0.00298999	0	468	-0.002703	0	468	-0	0	468	0.035491	0	468	-0.00921122	0	
469	-0.000116499	0	469	-0.00282617	0	469	-0.00179944	0	469	-0	0	469	0.0277853	0	469	-0.00760957	0	
470	0.000122005	0	470	-0.00246563	0	470	-0.00113174	0	470	-0	0	470	0.0202805	0	470	-0.00514242	0	
471	0.000147112	0	471	-0.00197666	0	471	-0.000814546	0	471	-0	0	471	0.0182235	0	471	-0.00486148	0	
472	0.000151151	0	472	-0.00180931	0	472	-0.000690416	0	472	-0	0	472	0.0173938	0	472	-0.00470203	0	
473	0.000251005	0	473	-0.00211188	0	473	-0.000708316	0	473	-0	0	473	0.0175357	0	473	-0.00613737	0	
474	0.00018244	0	474	-0.00221906	0	474	-0.00058475	0	474	-0	0	474	0.0168025	0	474	-0.0059958	0	
475	0.000180598	0	475	-0.00217994	0	475	-0.0005229	0	475	-0	0	475	0.0155532	0	475	-0.00626248	0	
476	0	0	476	0	0	476	0	0	476	0	0	476	0	0	476	0	0	
477	0	0	477	0	0	477	0	0	477	0	0	477	0	0	477	0	0	
478	0	0	478	0	0	478	0	0	478	0	0	478	0	0	478	0	0	
479	0	0	479	0	0	479	0	0	479	0	0	479	0	0	479	0	0	
480	0.00095312	0	480	-0.00350001	0	480	-0.000486665	0	480	-0	0	480	0.0143217	0	480	-0.0321891	0	
481	0.00114263	0	481	-0.00530403	0	481	-0.000530268	0	481	-0	0	481	0.01138	0	481	-0.0517417	0	
482	0.00088716	0	482	-0.00599266	0	482	-0.000339184	0	482	-0	0	482	0.0104354	0	482	-0.055342	0	
483	0.0008208	0	483	-0.00605874	0	483	-0.000572624	0	483	-0	0	483	0.0112705	0	483	-0.0550049	0	
484	0.000773717	0	484	-0.00568446	0	484	-0.000656905	0	484	-0	0	484	0.0116377	0	484	-0.0521278	0	
485	0.00071834	0	485	-0.00488158	0	485	-0.000355821	0	485	-0	0	485	0.0120905	0	485	-0.0465976	0	
486	0.000697487	0	486	-0.00438033	0	486	-0.000430398	0	486	-0	0	486	0.0106158	0	486	-0.0438796	0	
487	0.000727226	0	487	-0.00415519	0	487	-0.000511538	0	487	-0	0	487	0.00989624	0	487	-0.042523	0	
488	0.000675655	0	488	-0.0040281	0	488	-0.000438044	0	488	-0	0	488	0.00919783	0	488	-0.040758	0	
489	0.000633972	0	489	-0.00383172	0	489	-0.000512131	0	489	-0	0	489	0.00789392	0	489	-0.0393462	0	
490	0.000680552	0	490	-0.00376962	0	490	-0.000402916	0	490	-0	0	490	0.00681035	0	490	-0.038876	0	
491	0.000940526	0	491	-0.00427682	0	491	-0.000765817	0	491	-0	0	491	0.0113202	0	491	-0.0486651	0	
492	0.000976851	0	492	-0.00468986	0	492	-0.00188463	0	492	-0	0	492	0.0230805	0	492	-0.0550725	0	
493	0.000802801	0	493	-0.00470942	0	493	-0.00242758	0	493	-0	0	493	0.0292943	0	493	-0.0546332	0	
494	0.000756095	0	494	-0.00432055	0	494	-0.00235609	0	494	-0	0	494	0.0273369	0	494	-0.0491366	0	
495	0.000878165	0	495	-0.00388659	0	495	-0.00216678	0	495	-0	0	495	0.0293435	0	495	-0.0457774	0	
496	0.000829339	0	496	-0.00357329	0	496	-0.00220274	0	496	-0	0	496	0.0283862	0	496	-0.0433772	0	
497	0.000848276	0	497	-0.00323328	0	497	-0.00209746	0	497	-0	0	497	0.026343	0	497	-0.0405496	0	
498	0.000786971	0	498	-0.00289732	0	498	-0.00180639	0	498	-0	0	498	0.0228894	0	498	-0.0368613	0	
499	0.000786212	0	499	-0.00256417	0	499	-0.00151486	0	499	-0	0	499	0.0201797	0	499	-0.0346263	0	
500	0.000784379	0	500	-0.00215151	0	500	-0.000789099	0	500	-0	0	500	0.0139715	0	500	-0.0284392	0	
501	0.000494181	0	501	-0.00107961	0	501	0.000877282	0	501	-0	0	501	-0.00712728	0	501	-0.0198483	0	
502	-2.3148e-05	0	502	-0.000272094	0	502	0.000659198	0	502	-0	0	502	-0.0285521	0	502	-0.0165115	0	
503	-3.04107e-05	0	503	0.000452259	0	503	0.00130082	0	503	-0	0	503	-0.0367186	0	503	-0.0145241	0	
504	0.000205211	0	504	0.000646541	0	504	0.00201251	0	504	-0	0	504	-0.0426055	0	504	-0.0120926	0	
505	0.000657982	0	505	3.26203e-05	0	505	0.00225552	0	505	-0	0	505	-0.0420036	0	505	-0.0126641	0	
506	0.000935983	0	506	-0.000393324	0	506	0.00254246	0	506	-0	0	506	-0.0468651	0	506	-0.0159238	0	
507	0.0012116	0	507	-0.00051652	0	507	0.00252462	0	507	-0	0	507	-0.0464192	0	507	-0.0161886	0	
508	0.00113943	0	508	-0.000492999	0	508	0.00215842	0	508	-0	0	508	-0.039638	0	508	-0.0148927	0	
509	0.000991512	0	509	-0.000794638	0	509	0.00152625	0	509	-0	0	509	-0.0302866	0	509	-0.0175444	0	
510	0.00115511	0	510	-0.00170343	0	510	0.000734131	0	510	-0	0	510	-0.023382	0	510	-0.038391	0	
511	0.00149214	0	511	-0.00423422	0	511	0.000115713	0	511	-0	0	511	-0.0211367	0	511	-0.0739288	0	
512	0.00179219	0	512	-0.0075788	0	512	0.000239124	0	512	-0	0	512	-0.0215462	0	512	-0.0972896	0	
513	0.00202032	0	513	-0.00930425	0	513	0.000477929	0	513	-0	0	513	-0.0218623	0	513	-0.1	0	
514	0.00195411	0	514	-0.0091186	0	514	0.00063604	0	514	-0	0	514	-0.021525	0	514	-0.0928654	0	
515	0.00183908	0	515	-0.00795601	0	515	0.000902504	0	515	-0	0	515	-0.0191469	0	515	-0.0832609	0	
516	0.00184931	0	516	-0.00671036	0	516	0.000534568	0	516	-0	0	516	-0.0183449	0	516	-0.0787654	0	
517	0.00164122	0	517	-0.00617984	0	517	0.000449369	0	517	-0	0	517	-0.017094	0	517	-0.0748676	0	
518	0.00152997	0	518	-0.00561997	0	518	5.76053e-05	0	518	-0	0	518	-0.0110953	0	518	-0.0675349	0	
519	0.00119585	0	519	-0.00486741	0	519	-0.000385284	0	519	-0	0	519	0.000886965	0	519	-0.0486734	0	
520	0.000207187	0	520	-0.00253774	0	520	-0.00111555	0	520	-0	0	520	0.0121925	0	520	-0.0235107	0	
521	-0.000470843	0	521	-0.000376673	0	521	-0.00127154	0	521	-0	0	521	0.0113131	0	521	-0.00854111	0	
522	-0.000516474	0	522	0.0013881	0	522	-0.000726274	0	522	-0	0	522	0.00388462	0	522	0.00674019	0	
523	-0.000318492	0	523	0.00258077	0	523	0.000295653	0	523	-0	0	523	-0.00805333	0	523	0.0218696	0	
524	-1.29086e-05	0	524	0.00332015	0	524	0.00154064	0	524	-0	0	524	-0.0255733	0	524	0.0295999	0	
525	0.0007976	0	525	0.00330863	0	525	0.00236238	0	525	-0	0	525	-0.0346475	0	525	0.0293554	0	
526	0.00135823	0	526	0.00196119	0	526	0.00231362	0	526	-0	0	526	-0.0313093	0	526	0.0244598	0	
527	0.000956039	0	527	0.000914035	0	527	0.00165394	0	527	-0	0	527	-0.0265207	0	527	0.0174359	0	
528	0.000488775	0	528	0.000365115	0	528	0.0010476	0	528	-0	0	528	-0.0211797	0	528	0.0123127	0	
529	0.000142206	0	529	-0.000112404	0	529	0.000864069	0	529	-0	0	529	-0.0190425	0	529	0.00993519	0	
530	0.000247184	0	530	-6.93259e-05	0	530	0.000937721	0	530	-0	0	530	-0.0174895	0	530	0.00896937	0	
531	0.000451174	0	531	1.16766e-05	0	531	0.000933006	0	531	-0	0	531	-0.0176265	0	531	0.00841394	0	
532	0.000363476	0	532	-5.61367e-05	0	532	0.0011879	0	532	-0	0	532	-0.021741	0	532	0.00806978	0	
533	0.000479708	0	533	-0.000348852	0	533	0.00196379	0	533	-0	0	533	-0.0279692	0	533	0.00608016	0	
534	0.000805737	0	534	-0.000115863	0	534	0.000238985	0	534	-0	0	534	-0.00923833	0	534	0.0072187	0	
535	0	0	535	0	0	535	0	0	535	0	0	535	0	0	535	0	0	
536	-0.000103764	0	536	-0.000485505	0	536	3.20647e-05	0	536	-0	0	536	-0.00262799	0	536	0.00958773	0	
537	0	0	537	0	0	537	0	0	537	0	0	537	0	0	537	0	0	
538	0	0	538	0	0	538	0	0	538	0	0	538	0	0	538	0	0	
539	0	0	539	0	0	539	0	0	539	0	0	539	0	0	539	0	0	
540	0	0	540	0	0	540	0	0	540	0	0	540	0	0	540	0	0	
541	0	0	541	0	0	541	0	0	541	0	0	541	0	0	541	0	0	
542	0	0	542	0	0	542	0	0	542	0	0	542	0	0	542	0	0	
543	0	0	543	0	0	543	0	0	543	0	0	543	0	0	543	0	0	
544	0	0	544	0	0	544	0	0	544	0	0	544	0	0	544	0	0	
545	0	0	545	0	0	545	0	0	545	0	0	545	0	0	545	0	0	
546	-0.00184605	0	546	-0.00105013	0	546	-0.00316442	0	546	-0	0	546	-0.0030155	0	546	-0.00272946	0	
547	-0.00180066	0	547	-0.00108109	0	547	-0.00271432	0	547	-0	0	547	-0.0038426	0	547	-0.00268308	0	
548	-0.00192459	0	548	-0.000981402	0	548	-0.0025352	0	548	-0	0	548	-0.00331748	0	548	-0.00280122	0	
549	-0.00188081	0	549	-0.00082215	0	549	-0.00239458	0	549	-0	0	549	-0.00318944	0	549	-0.00251324	0	
550	-0.00176649	0	550	-0.000687543	0	550	-0.00217456	0	550	-0	0	550	-0.0038861	0	550	-0.00119628	0	
551	-0.00155294	0	551	-0.000544483	0	551	-0.00201927	0	551	-0	0	551	-0.00481888	0	551	0.00172544	0	
552	-0.00148261	0	552	-0.000499026	0	552	-0.00196697	0	552	-0	0	552	-0.0046424	0	552	0.00222691	0	
553	-0.00133813	0	553	-0.000423315	0	553	-0.00187279	0	553	-0	0	553	-0.00474112	0	553	0.00307122	0	
554	-0.00122993	0	554	-0.000415917	0	554	-0.0017274	0	554	-0	0	554	-0.00465676	0	554	0.00309605	0	
555	-0.00111597	0	555	-0.000375503	0	555	-0.00161679	0	555	-0	0	555	-0.00439615	0	555	0.00330962	0	
556	-0.00106327	0	556	-0.000397411	0	556	-0.00148619	0	556	-0	0	556	-0.00391252	0	556	0.00276368	0	
557	-0.00100677	0	557	-0.000379093	0	557	-0.00143234	0	557	-0	0	557	-0.00346542	0	557	0.00216435	0	
558	-0.00100393	0	558	-0.000393251	0	558	-0.0014105	0	558	-0	0	558	-0.0028815	0	558	0.00137255	0	
559	-0.00100349	0	559	-0.000405985	0	559	-0.00139132	0	559	-0	0	559	-0.0023865	0	559	0.000606261	0	
560	-0.0009991	0	560	-0.000419116	0	560	-0.00141294	0	560	-0	0	560	-0.00187069	0	560	-9.15757e-05	0	
561	-0.000971218	0	561	-0.000412825	0	561	-0.00138845	0	561	-0	0	561	-0.00158677	0	561	-0.00021541	0	
562	-0.000960433	0	562	-0.000423043	0	562	-0.00132196	0	562	-0	0	562	-0.00128402	0	562	-0.000373235	0	
563	-0.000947311	0	563	-0.000437769	0	563	-0.00126673	0	563	-0	0	563	-0.000927431	0	563	-0.000697348	0	
564	-0.00086603	0	564	-0.000391334	0	564	-0.0011989	0	564	-0	0	564	-0.000571067	0	564	-0.000545231	0	
565	-0.000844111	0	565	-0.000383372	0	565	-0.00118724	0	565	-0	0	565	-6.3716e-05	0	565	-0.000416872	0	
566	-0.000809218	0	566	-0.000395637	0	566	-0.00110133	0	566	-0	0	566	0.000436731	0	566	-0.00030653	0	
567	-0.000736	0	567	-0.000382422	0	567	-0.001072	0	567	-0	0	567	0.00088417	0	567	-0.000382022	0	
568	-0.000699588	0	568	-0.000377566	0	568	-0.0010787	0	568	-0	0	568	0.00137017	0	568	-0.000418898	0	
569	-0.000679118	0	569	-0.000390375	0	569	-0.00102011	0	569	-0	0	569	0.00162902	0	569	-0.000287427	0	
570	-0.000624184	0	570	-0.000366831	0	570	-0.00102705	0	570	-0	0	570	0.0018923	0	570	-0.00024341	0	
571	-0.000598266	0	571	-0.000336922	0	571	-0.00100329	0	571	-0	0	571	0.00211436	0	571	-0.000130786	0	
572	-0.000568856	0	572	-0.000289333	0	572	-0.000965039	0	572	-0	0	572	0.00203324	0	572	0.00042381	0	
573	-0.000245634	0	573	0.000298644	0	573	-0.000787792	0	573	-0	0	573	0.00020754	0	573	0.00610374	0	
574	-0.000535445	0	574	0.000482209	0	574	-0.000824834	0	574	-0	0	574	0.00315927	0	574	0.00291342	0	
575	-0.000596701	0	575	0.00066962	0	575	-0.000827593	0	575	-0	0	575	0.00285302	0	575	0.0032396	0	
576	-0.000358122	0	576	0.000935055	0	576	-0.000693326	0	576	-0	0	576	0.000726647	0	576	0.00644539	0	
577	-0.000240397	0	577	0.00118017	0	577	-0.000510583	0	577	-0	0	577	0.000656396	0	577	0.00791974	0	
578	-0.000250686	0	578	0.00100147	0	578	-0.000636353	0	578	-0	0	578	0.000724968	0	578	0.00652943	0	
579	-0.00014643	0	579	0.000876993	0	579	-0.000574207	0	579	-0	0	579	-0.00050431	0	579	0.00669134	0	
580	-0.000286308	0	580	0.000754685	0	580	-0.000682307	0	580	-0	0	580	0.000315782	0	580	0.00501043	0	
581	-0.000346986	0	581	0.000731941	0	581	-0.00075232	0	581	-0	0	581	-0.000108684	0	581	0.00538113	0	
582	-0.000328291	0	582	0.000701083	0	582	-0.000687794	0	582	-0	0	582	2.29306e-05	0	582	0.00513448	0	
583	-0.000351499	0	583	0.00067922	0	583	-0.000639778	0	583	-0	0	583	6.71011e-05	0	583	0.00492521	0	
584	-0.000400328	0	584	0.000531696	0	584	-0.000457636	0	584	-0	0	584	0.000232467	0	584	0.00413673	0	
585	-0.000471783	0	585	0.000299727	0	585	-0.000298675	0	585	-0	0	585	0.000666376	0	585	0.00216594	0	
586	-0.000517307	0	586	0.000138266	0	586	-0.000260959	0	586	-0	0	586	0.00105222	0	586	0.000601691	0	
587	-0.000572171	0	587	-2.12866e-05	0	587	-0.000223391	0	587	-0	0	587	0.00142327	0	587	-0.000645121	0	
588	-0.000287629	0	588	2.72832e-05	0	588	-0.000199535	0	588	-0	0	588	-0.00181315	0	588	0.0016525	0	
589	0.000220777	0	589	0.000565008	0	589	-3.7015e-05	0	589	-0	0	589	-0.019106	0	589	0.00287209	0	
590	0.000225252	0	590	0.00100111	0	590	-0.000249782	0	590	-0	0	590	-0.0364356	0	590	-0.0018772	0	
591	-0.000490177	0	591	0.0010172	0	591	0.000573594	0	591	-0	0	591	-0.0278778	0	591	-0.00715004	0	
592	0.000144747	0	592	0.000636826	0	592	0.00123646	0	592	-0	0	592	-0.00886414	0	592	-0.00575966	0	
593	0.00209695	0	593	-0.000195565	0	593	-5.22305e-05	0	593	-0	0	593	-0.0376693	0	593	-0.0118309	0	
594	0.000973348	0	594	-0.000185046	0	594	0.0017868	0	594	-0	0	594	-0.0522121	0	594	-0.00989298	0	
595	0.0017243	0	595	-0.000477056	0	595	0.0027987	0	595	-0	0	595	-0.0263777	0	595	-0.00886111	0	
596	0.0033074	0	596	-0.000798767	0	596	-0.0018032	0	596	-0	0	596	-0.0115281	0	596	-0.016853	0	
597	0.00170416	0	597	0.000475177	0	597	-0.00114812	0	597	-0	0	597	-0.0390443	0	597	-0.0113454	0	
598	-0.000554582	0	598	0.00131259	0	598	0.00297184	0	598	-0	0	598	-0.027566	0	598	0.000598967	0	
599	0.00103893	0	599	0.000740662	0	599	-0.00295084	0	599	-0	0	599	0.0138774	0	599	-0.00741973	0	
600	0.00150021	0	600	0.000510799	0	600	-0.00457466	0	600	-0	0	600	-0.0115552	0	600	-0.019812	0	
601	0.000286089	0	601	0.000806558	0	601	0.0038575	0	601	-0	0	601	-0.0405016	0	601	-0.0182608	0	
602	0.00173244	0	602	0.00025766	0	602	-0.00212553	0	602	-0	0	602	0.0118903	0	602	-0.0239106	0	
603	0.00286467	0	603	0.000497767	0	603	-0.00651372	0	603	-0	0	603	0.0102681	0	603	-0.0284405	0	
604	0.00269554	0	604	0.00134067	0	604	0.0031421	0	604	-0	0	604	-0.0374844	0	604	-0.0210804	0	
605	0.00264427	0	605	0.00165454	0	605	0.00376594	0	605	-0	0	605	-0.0187621	0	605	-0.0109954	0	
606	0.00244821	0	606	0.00133185	0	606	-0.00347865	0	606	-0	0	606	0.0124404	0	606	-0.0154252	0	
607	0.000296599	0	607	8.33464e-05	0	607	0.000752202	0	607	-0	0	607	-0.0354945	0	607	-0.0208891	0	
608	0.000239259	0	608	-0.00203986	0	608	0.00610016	0	608	-0	0	608	-0.0383022	0	608	-0.029915	0	
609	0.00168321	0	609	-0.0033855	0	609	-0.00511342	0	609	-0	0	609	0.0173988	0	609	-0.0425728	0	
610	0.00133014	0	610	-0.00215061	0	610	-0.00260571	0	610	-0	0	610	-0.00678101	0	610	-0.0331235	0	
611	0.000464344	0	611	-0.000495326	0	611	0.00616156	0	611	-0	0	611	-0.0450799	0	611	-0.0206349	0	
612	0.00154289	0	612	0.000164805	0	612	-0.00264703	0	612	-0	0	612	0.00792679	0	612	-0.0211925	0	
613	0.00189625	0	613	0.00155074	0	613	-0.00549569	0	613	-0	0	613	0.00905411	0	613	-0.0182438	0	
614	0.00155711	0	614	0.0026961	0	614	0.0058363	0	614	-0	0	614	-0.0410802	0	614	-0.00907439	0	
615	0.00204299	0	615	0.00279309	0	615	-0.000666946	0	615	-0	0	615	0.0035992	0	615	-0.00810641	0	
616	0.00222657	0	616	0.00196054	0	616	-0.00425695	0	616	-0	0	616	0.0052736	0	616	-0.0123541	0	
617	0.00207255	0	617	-0.0013641	0	617	0.00387846	0	617	-0	0	617	-0.0395506	0	617	-0.0276061	0	
618	0.00332887	0	618	-0.0168678	0	618	0.00580764	0	618	-0	0	618	-0.0212353	0	618	-0.0759	0	
619	0.00172499	0	619	-0.027034	0	619	0.00238385	0	619	-0	0	619	-0.0364836	0	619	-0.1	0	
620	0.00231816	0	620	-0.0184893	0	620	0.00445989	0	620	-0	0	620	-0.0405019	0	620	-0.0717648	0	
621	0.00152338	0	621	0.00172844	0	621	0.00477137	0	621	-0	0	621	-0.0184567	0	621	0.0414401	0	
622	0.0023629	0	622	0.00681984	0	622	-0.0012062	0	622	-0	0	622	-0.00790163	0	622	0.0517142	0	
623	0.00225476	0	623	-0.00390463	0	623	0.000330772	0	623	-0	0	623	-0.0218604	0	623	-0.0231581	0	
624	0.00367351	0	624	-0.0131892	0	624	0.00805763	0	624	-0	0	624	-0.0162609	0	624	-0.0705499	0	
625	0.00174584	0	625	0.00106253	0	625	-0.000837718	0	625	-0	0	625	-0.0117278	0	625	-0.0336375	0	
626	0.00119829	0	626	0.00918375	0	626	0.000198785	0	626	-0	0	626	-0.0187416	0	626	0.0338157	0	
627	0.00102227	0	627	0.00181903	0	627	0.00299962	0	627	-0	0	627	-0.0249329	0	627	0.00554472	0	
628	0.0024368	0	628	-0.00475514	0	628	0.00223356	0	628	-0	0	628	-0.0175294	0	628	-0.0518304	0	
629	0.00176184	0	629	0.00474344	0	629	-0.00179228	0	629	-0	0	629	-0.0143827	0	629	-0.0102388	0	
630	0.000473375	0	630	0.00938048	0	630	0.00453863	0	630	-0	0	630	-0.0248982	0	630	0.033876	0	
631	0.00106646	0	631	-0.00272639	0	631	0.00286649	0	631	-0	0	631	-0.0182527	0	631	-0.0116198	0	
632	-2.45014e-05	0	632	-0.00276429	0	632	0.0017652	0	632	-0	0	632	-0.024455	0	632	-0.0370586	0	
633	-0.000910498	0	633	0.00872198	0	633	0.00240155	0	633	-0	0	633	-0.0102186	0	633	0.0126567	0	
634	-0.00154391	0	634	0.00639778	0	634	-0.000557777	0	634	-0	0	634	-0.00963323	0	634	0.0328622	0	
635	-0.000835345	0	635	-0.00730992	0	635	0.00232827	0	635	-0	0	635	-0.012951	0	635	-0.0435038	0	
636	0.00177872	0	636	0.001112	0	636	0.00475573	0	636	-0	0	636	-0.0145257	0	636	-0.00616439	0	
637	0.00109461	0	637	0.00865646	0	637	0.00389897	0	637	-0	0	637	-0.030376	0	637	0.0320957	0	
638	0.00215015	0	638	-0.00377988	0	638	0.00585446	0	638	-0	0	638	-0.0547117	0	638	-0.00139722	0	
639	0.000459746	0	639	-0.00538136	0	639	0.0065806	0	639	-0	0	639	-0.0405496	0	639	-0.0362972	0	
640	-0.000797411	0	640	0.011727	0	640	0.00164082	0	640	-0	0	640	0.0144013	0	640	0.0175131	0	
641	-0.00240669	0	641	0.00566715	0	641	0.00137619	0	641	-0	0	641	0.00913717	0	641	0.021268	0	
642	-0.00067795	0	642	-0.00749644	0	642	0.00501732	0	642	-0	0	642	-0.00174846	0	642	-0.0220114	0	
643	-0.000957124	0	643	-0.00194753	0	643	0.00134794	0	643	-0	0	643	-0.0233278	0	643	-0.0413442	0	
644	0.000459102	0	644	-0.00106686	0	644	0.00244973	0	644	-0	0	644	-0.0299393	0	644	-0.0084695	0	
645	0.0031551	0	645	-0.0112183	0	645	0.00689613	0	645	-0	0	645	-0.019306	0	645	-0.00687529	0	
646	-0.000330425	0	646	-0.00404441	0	646	0.000935075	0	646	-0	0	646	-0.0129681	0	646	-0.0101488	0	
647	-0.00146221	0	647	0.00996141	0	647	-0.000388219	0	647	-0	0	647	0.0166075	0	647	0.0248715	0	
648	-0.000623515	0	648	0.00734802	0	648	0.00189645	0	648	-0	0	648	0.0124573	0	648	0.0358085	0	
649	-0.00129178	0	649	0.00409376	0	649	-0.0045811	0	649	-0	0	649	0.0743064	0	649	0.00438722	0	
650	-0.00178182	0	650	0.000615169	0	650	-0.00890334	0	650	-0	0	650	0.1	0	650	-0.0350205	0	
651	-0.00196066	0	651	-0.00562617	0	651	-0.00720573	0	651	-0	0	651	0.1	0	651	-0.0707677	0	
652	7.23226e-05	0	652	-0.00800603	0	652	-0.000351252	0	652	-0	0	652	0.0564861	0	652	-0.0707462	0	
653	0.00242586	0	653	9.95992e-05	0	653	0.00289165	0	653	-0	0	653	-0.00746768	0	653	-0.0183935	0	
654	0.000206336	0	654	0.0148829	0	654	0.00487633	0	654	-0	0	654	-0.00142628	0	654	0.0745174	0	
655	-0.00229331	0	655	0.0135936	0	655	0.00290817	0	655	-0	0	655	0.00235704	0	655	0.0915909	0	
656	-0.000570814	0	656	-0.00366171	0	656	0.00254591	0	656	-0	0	656	-0.00870149	0	656	0.0072969	0	
657	-0.00110953	0	657	-0.00961493	0	657	0.00278269	0	657	-0	0	657	-0.0227386	0	657	-0.0548835	0	
658	-0.000143955	0	658	-0.000413431	0	658	-0.00118009	0	658	-0	0	658	0.00289382	0	658	-0.00651167	0	
659	-4.35511e-05	0	659	0.00258775	0	659	-0.000121528	0	659	-0	0	659	0.00686689	0	659	0.0199836	0	
660	-0.000339756	0	660	0.000903582	0	660	0.000582099	0	660	-0	0	660	-0.0114704	0	660	0.0122181	0	
661	-0.00152079	0	661	0.000212105	0	661	0.000826391	0	661	-0	0	661	-0.0186338	0	661	0.000611352	0	
662	-0.00302348	0	662	-0.0002907	0	662	5.4929e-05	0	662	-0	0	662	-0.00958631	0	662	0.00396378	0	
663	-0.0040948	0	663	-0.00135514	0	663	-0.000279477	0	663	-0	0	663	-0.00371565	0	663	0.00716236	0	
664	-0.00313712	0	664	-0.0020457	0	664	0.000333301	0	664	-0	0	664	0.00274569	0	664	0.0103798	0	
665	0	0	665	0	0	665	0	0	665	0	0	665	0	0	665	0	0	
666	-0.00162078	0	666	-0.000786038	0	666	0.00113213	0	666	-0	0	666	0.00456228	0	666	0.0163127	0	
667	0	0	667	0	0	667	0	0	667	0	0	667	0	0	667	0	0	
668	0	0	668	0	0	668	0	0	668	0	0	668	0	0	668	0	0	
669	0	0	669	0	0	669	0	0	669	0	0	669	0	0	669	0	0	
670	-0.000733513	0	670	-0.00226059	0	670	0.000636748	0	670	-0	0	670	0.00722116	0	670	0.00924349	0	
671	0	0	671	0	0	671	0	0	671	0	0	671	0	0	671	0	0	
672	0	0	672	0	0	672	0	0	672	0	0	672	0	0	672	0	0	
673	0.000338431	0	673	-0.00817148	0	673	-0.00291646	0	673	-0	0	673	0.0488746	0	673	-0.0568862	0	
674	-0.000853154	0	674	-0.0157041	0	674	-0.00494374	0	674	-0	0	674	0.0935512	0	674	-0.1	0	
675	-0.00149545	0	675	-0.0216349	0	675	-0.00557547	0	675	-0	0	675	0.094989	0	675	-0.1	0	
676	-0.00109848	0	676	-0.0229485	0	676	-0.0050973	0	676	-0	0	676	0.0890727	0	676	-0.1	0	
677	-0.00126905	0	677	-0.0230129	0	677	-0.00501003	0	677	-0	0	677	0.0900279	0	677	-0.1	0	
678	-0.00133607	0	678	-0.0219422	0	678	-0.00424908	0	678	-0	0	678	0.0928737	0	678	-0.1	0	
679	-0.000562987	0	679	-0.0205271	0	679	-0.00410551	0	679	-0	0	679	0.0870691	0	679	-0.1	0	
680	-0.000508572	0	680	-0.0189526	0	680	-0.00430499	0	680	-0	0	680	0.080475	0	680	-0.1	0	
681	-0.000169668	0	681	-0.0179719	0	681	-0.00379656	0	681	-0	0	681	0.0697824	0	681	-0.1	0	
682	0.000298059	0	682	-0.017284	0	682	-0.00282012	0	682	-0	0	682	0.0664947	0	682	-0.1	0	
683	0.000243009	0	683	-0.0177003	0	683	0.000398921	0	683	-0	0	683	0.0484045	0	683	-0.1	0	
684	0.000462329	0	684	-0.0180243	0	684	-0.000224719	0	684	-0	0	684	0.0438594	0	684	-0.1	0	
685	0.000546644	0	685	-0.0175596	0	685	-6.21111e-06	0	685	-0	0	685	0.0455121	0	685	-0.1	0	
686	0.00057274	0	686	-0.0177648	0	686	0.00143604	0	686	-0	0	686	0.0359992	0	686	-0.1	0	
687	0.00070206	0	687	-0.0176623	0	687	9.66661e-05	0	687	-0	0	687	0.0374432	0	687	-0.1	0	
688	0.00209031	0	688	-0.0168311	0	688	0.00108901	0	688	-0	0	688	0.029936	0	688	-0.1	0	
689	0.00159796	0	689	-0.0197637	0	689	0.00176283	0	689	-0	0	689	0.0251826	0	689	-0.1	0	
690	0.00210862	0	690	-0.0223592	0	690	0.00134658	0	690	-0	0	690	0.020905	0	690	-0.1	0	
691	0.00249914	0	691	-0.0247691	0	691	0.00188912	0	691	-0	0	691	0.0150013	0	691	-0.1	0	
692	0.00146823	0	692	-0.0262507	0	692	0.00209179	0	692	-0	0	692	0.0171264	0	692	-0.1	0	
693	0.0020523	0	693	-0.0257359	0	693	0.00188305	0	693	-0	0	693	0.0205513	0	693	-0.1	0	
694	0	0	694	0	0	694	0	0	694	0	0	694	0	0	694	0	0	
695	0	0	695	0	0	695	0	0	695	0	0	695	0	0	695	0	0	
696	0	0	696	0	0	696	0	0	696	0	0	696	0	0	696	0	0	
697	0	0	697	0	0	697	0	0	697	0	0	697	0	0	697	0	0	
698	0	0	698	0	0	698	0	0	698	0	0	698	0	0	698	0	0	
699	0	0	699	0	0	699	0	0	699	0	0	699	0	0	699	0	0	
700	0	0	700	0	0	700	0	0	700	0	0	700	0	0	700	0	0	
701	0	0	701	0	0	701	0	0	701	0	0	701	0	0	701	0	0	
702	0	0	702	0	0	702	0	0	702	0	0	702	0	0	702	0	0	
703	0	0	703	0	0	703	0	0	703	0	0	703	0	0	703	0	0	
704	0	0	704	0	0	704	0	0	704	0	0	704	0	0	704	0	0	
705	0	0	705	0	0	705	0	0	705	0	0	705	0	0	705	0	0	
706	0	0	706	0	0	706	0	0	706	0	0	706	0	0	706	0	0	
707	0	0	707	0	0	707	0	0	707	0	0	707	0	0	707	0	0	
708	0	0	708	0	0	708	0	0	708	0	0	708	0	0	708	0	0	
709	0	0	709	0	0	709	0	0	709	0	0	709	0	0	709	0	0	
710	0	0	710	0	0	710	0	0	710	0	0	710	0	0	710	0	0	
711	0	0	711	0	0	711	0	0	711	0	0	711	0	0	711	0	0	
712	0	0	712	0	0	712	0	0	712	0	0	712	0	0	712	0	0	
713	0	0	713	0	0	713	0	0	713	0	0	713	0	0	713	0	0	
714	0	0	714	0	0	714	0	0	714	0	0	714	0	0	714	0	0	
715	6.47321e-05	0	715	0.00641707	0	715	0.00243072	0	715	-0	0	715	-0.0464752	0	715	0.0356855	0	
716	-0.000632625	0	716	0.005852	0	716	0.00415728	0	716	-0	0	716	-0.0591684	0	716	0.0449648	0	
717	-0.00104462	0	717	0.00372598	0	717	0.00543605	0	717	-0	0	717	-0.0719369	0	717	0.0174714	0	
718	0.000432382	0	718	0.00179529	0	718	0.0044254	0	718	-0	0	718	-0.0560294	0	718	0.00873656	0	
719	0.000407174	0	719	0.000474831	0	719	0.00454833	0	719	-0	0	719	-0.0542888	0	719	0.00161847	0	
720	-0.000601386	0	720	-0.00187469	0	720	0.00464866	0	720	-0	0	720	-0.0708941	0	720	-0.0181917	0	
721	0.00139952	0	721	-0.00196142	0	721	0.0036722	0	721	-0	0	721	-0.0534797	0	721	-0.00903619	0	
722	0.00184607	0	722	-0.00108751	0	722	0.00389605	0	722	-0	0	722	-0.0599165	0	722	-0.00894928	0	
723	0.000857654	0	723	0.000185401	0	723	0.00355063	0	723	-0	0	723	-0.0566473	0	723	0.00267247	0	
724	0.00023398	0	724	0.00143173	0	724	0.00311375	0	724	-0	0	724	-0.0490116	0	724	0.0139704	0	
725	0.00118936	0	725	0.00119039	0	725	0.00403627	0	725	-0	0	725	-0.0549752	0	725	0.0145845	0	
726	0.00145646	0	726	0.000305253	0	726	0.00436893	0	726	-0	0	726	-0.0562312	0	726	0.0173095	0	
727	0.00106366	0	727	-1.29892e-05	0	727	0.00320637	0	727	-0	0	727	-0.0484981	0	727	0.0112904	0	
728	0.00118486	0	728	0.000569498	0	728	0.00320294	0	728	-0	0	728	-0.0472177	0	728	0.0101306	0	
729	0.0011016	0	729	0.000961921	0	729	0.00291123	0	729	-0	0	729	-0.0406895	0	729	0.00874537	0	
730	0.00109285	0	730	6.89023e-05	0	730	0.00294903	0	730	-0	0	730	-0.0351559	0	730	0.002983	0	
731	0.00127209	0	731	-0.00133833	0	731	0.00279486	0	731	-0	0	731	-0.0373358	0	731	-0.00409728	0	
732	0.00148616	0	732	-0.00190739	0	732	0.00253636	0	732	-0	0	732	-0.0344907	0	732	-0.00333648	0	
733	0.00141529	0	733	-0.00133325	0	733	0.00223979	0	733	-0	0	733	-0.0317203	0	733	-0.00350202	0	
734	0.00102022	0	734	-0.000595013	0	734	0.00233911	0	734	-0	0	734	-0.0339702	0	734	-0.00151669	0	
735	0	0	735	0	0	735	0	0	735	0	0	735	0	0	735	0	0	
736	0	0	736	0	0	736	0	0	736	0	0	736	0	0	736	0	0	
737	0	0	737	0	0	737	0	0	737	0	0	737	0	0	737	0	0	
738	0	0	738	0	0	738	0	0	738	0	0	738	0	0	738	0	0	
739	0	0	739	0	0	739	0	0	739	0	0	739	0	0	739	0	0	
740	0	0	740	0	0	740	0	0	740	0	0	740	0	0	740	0	0	
741	0	0	741	0	0	741	0	0	741	0	0	741	0	0	741	0	0	
742	0	0	742	0	0	742	0	0	742	0	0	742	0	0	742	0	0	
743	0	0	743	0	0	743	0	0	743	0	0	743	0	0	743	0	0	
744	0	0	744	0	0	744	0	0	744	0	0	744	0	0	744	0	0	
745	0	0	745	0	0	745	0	0	745	0	0	745	0	0	745	0	0	
746	0	0	746	0	0	746	0	0	746	0	0	746	0	0	746	0	0	
747	0	0	747	0	0	747	0	0	747	0	0	747	0	0	747	0	0	
748	0	0	748	0	0	748	0	0	748	0	0	748	0	0	748	0	0	
749	0	0	749	0	0	749	0	0	749	0	0	749	0	0	749	0	0	
750	0	0	750	0	0	750	0	0	750	0	0	750	0	0	750	0	0	
751	0	0	751	0	0	751	0	0	751	0	0	751	0	0	751	0	0	
752	0	0	752	0	0	752	0	0	752	0	0	752	0	0	752	0	0	
753	0	0	753	0	0	753	0	0	753	0	0	753	0	0	753	0	0	
754	0	0	754	0	0	754	0	0	754	0	0	754	0	0	754	0	0	
755	0	0	755	0	0	755	0	0	755	0	0	755	0	0	755	0	0	
756	0	0	756	0	0	756	0	0	756	0	0	756	0	0	756	0	0	
757	0	0	757	0	0	757	0	0	757	0	0	757	0	0	757	0	0	
758	0	0	758	0	0	758	0	0	758	0	0	758	0	0	758	0	0	
759	0	0	759	0	0	759	0	0	759	0	0	759	0	0	759	0	0	
760	0	0	760	0	0	760	0	0	760	0	0	760	0	0	760	0	0	
761	0.00100794	0	761	0.00128997	0	761	0.00146402	0	761	-0	0	761	-0.0197174	0	761	0.0147084	0	
762	0	0	762	0	0	762	0	0	762	0	0	762	0	0	762	0	0	
763	0	0	763	0	0	763	0	0	763	0	0	763	0	0	763	0	0	
764	0	0	764	0	0	764	0	0	764	0	0	764	0	0	764	0	0	
765	0	0	765	0	0	765	0	0	765	0	0	765	0	0	765	0	0	
766	0	0	766	0	0	766	0	0	766	0	0	766	0	0	766	0	0	
767	0	0	767	0	0	767	0	0	767	0	0	767	0	0	767	0	0	
768	0	0	768	0	0	768	0	0	768	0	0	768	0	0	768	0	0	
769	0	0	769	0	0	769	0	0	769	0	0	769	0	0	769	0	0	
770	0	0	770	0	0	770	0	0	770	0	0	770	0	0	770	0	0	
771	0	0	771	0	0	771	0	0	771	0	0	771	0	0	771	0	0	
772	0	0	772	0	0	772	0	0	772	0	0	772	0	0	772	0	0	
773	0	0	773	0	0	773	0	0	773	0	0	773	0	0	773	0	0	
774	0	0	774	0	0	774	0	0	774	0	0	774	0	0	774	0	0	
775	0	0	775	0	0	775	0	0	775	0	0	775	0	0	775	0	0	
776	0.00118507	0	776	0.00114463	0	776	0.000979326	0	776	-0	0	776	-0.00402277	0	776	0.0218413	0	
777	0.000891919	0	777	0.00246322	0	777	0.000671015	0	777	-0	0	777	-0.000840557	0	777	0.0325665	0	
778	-0.000301968	0	778	0.00682142	0	778	0.00059104	0	778	-0	0	778	0.00314564	0	778	0.0833192	0	
779	-0.00145353	0	779	0.00942592	0	779	0.000234128	0	779	-0	0	779	-0.00851297	0	779	0.0932016	0	
780	-0.00204457	0	780	0.0107188	0	780	-0.000386705	0	780	-0	0	780	-0.00668079	0	780	0.0951537	0	
781	-0.00297739	0	781	0.0142586	0	781	0.00039649	0	781	-0	0	781	-0.0098311	0	781	0.1	0	
782	-0.00229416	0	782	0.014694	0	782	0.000566983	0	782	-0	0	782	-0.0141875	0	782	0.1	0	
783	-0.00181661	0	783	0.0130507	0	783	0.000513447	0	783	-0	0	783	-0.0133925	0	783	0.0989817	0	
784	-0.00240966	0	784	0.0122582	0	784	3.52903e-05	0	784	-0	0	784	-0.0111359	0	784	0.0974529	0	
785	-0.00211833	0	785	0.0107979	0	785	0.000349296	0	785	-0	0	785	-0.0139416	0	785	0.0892817	0	
786	-0.00114322	0	786	0.00921937	0	786	0.000381299	0	786	-0	0	786	-0.0167939	0	786	0.0727613	0	
787	-6.53796e-05	0	787	0.00623434	0	787	0.000884344	0	787	-0	0	787	-0.017334	0	787	0.0501727	0	
788	0.000394233	0	788	0.00319636	0	788	0.0011527	0	788	-0	0	788	-0.0169055	0	788	0.042524	0	
789	0.000509974	0	789	0.00249111	0	789	0.00124696	0	789	-0	0	789	-0.0163325	0	789	0.0422275	0	
790	0.000257724	0	790	0.00315499	0	790	0.00108551	0	790	-0	0	790	-0.0162151	0	790	0.0419875	0	
791	-0.000284584	0	791	0.00404661	0	791	0.00067205	0	791	-0	0	791	-0.00991852	0	791	0.0410475	0	
792	-0.000374437	0	792	0.00388366	0	792	0.00068294	0	792	-0	0	792	-0.0134798	0	792	0.0374492	0	
793	-0.00101272	0	793	-0.00139243	0	793	0.00147489	0	793	-0	0	793	-0.0409176	0	793	-0.0332483	0	
794	-0.000458383	0	794	-0.000955661	0	794	0.00162694	0	794	-0	0	794	-0.0209405	0	794	0.00607522	0	
795	-0.00148454	0	795	-0.00108513	0	795	-0.000663378	0	795	-0	0	795	-0.0200411	0	795	-0.00546851	0	
796	-0.00124925	0	796	0.00110859	0	796	-0.000414397	0	796	-0	0	796	-0.0153312	0	796	0.0110151	0	
797	-0.00159731	0	797	0.00240527	0	797	-0.000906961	0	797	-0	0	797	-0.0135253	0	797	0.0150804	0	
798	-0.00145491	0	798	0.00382426	0	798	-0.00113843	0	798	-0	0	798	-0.0106262	0	798	0.026027	0	
799	-0.00220018	0	799	0.00714392	0	799	-0.00154394	0	799	-0	0	799	-0.00420517	0	799	0.0641301	0	
800	-0.00314109	0	800	0.0109508	0	800	-0.0016293	0	800	-0	0	800	-0.00167706	0	800	0.1	0	
801	-0.00374139	0	801	0.0142823	0	801	-0.0012143	0	801	-0	0	801	-0.00155563	0	801	0.1	0	
802	-0.00389951	0	802	0.0133672	0	802	-0.00143409	0	802	-0	0	802	0.0022034	0	802	0.1	0	
803	-0.00319652	0	803	0.0126616	0	803	-0.000979898	0	803	-0	0	803	0.00125687	0	803	0.1	0	
804	-0.0029717	0	804	0.0118531	0	804	-0.00119921	0	804	-0	0	804	0.00143577	0	804	0.0998461	0	
805	-0.00218172	0	805	0.0113372	0	805	-0.000844706	0	805	-0	0	805	-0.00203308	0	805	0.0935878	0	
806	-0.00194114	0	806	0.00971372	0	806	-0.000751211	0	806	-0	0	806	-0.00511716	0	806	0.0794833	0	
807	-0.00127996	0	807	0.00701071	0	807	-0.00065336	0	807	-0	0	807	-0.00671942	0	807	0.0567307	0	
808	-0.000634865	0	808	0.00379945	0	808	-0.000605149	0	808	-0	0	808	-0.0094458	0	808	0.0337505	0	
809	-0.000295722	0	809	0.00128466	0	809	-0.000378229	0	809	-0	0	809	-0.0127214	0	809	0.0200096	0	
810	0.000946103	0	810	0.00190913	0	810	0.00176631	0	810	-0	0	810	-0.0102348	0	810	0.0233953	0	
811	0.000909099	0	811	0.000728039	0	811	0.00147353	0	811	-0	0	811	-0.00742763	0	811	0.0101449	0	
812	0.000975764	0	812	0.000312562	0	812	0.00133729	0	812	-0	0	812	-0.00528605	0	812	0.00693043	0	
813	0	0	813	0	0	813	0	0	813	0	0	813	0	0	813	0	0	
814	0.000376051	0	814	0.000375835	0	814	-9.69813e-05	0	814	-0	0	814	0.0105266	0	814	0.0102844	0	
815	-0.000507125	0	815	0.000816762	0	815	-0.00329066	0	815	-0	0	815	0.0466398	0	815	0.00743395	0	
816	-0.000676696	0	816	0.00129904	0	816	-0.0052347	0	816	-0	0	816	0.0689135	0	816	0.00673864	0	
817	-0.000765532	0	817	0.00175698	0	817	-0.00521091	0	817	-0	0	817	0.0677483	0	817	0.00888431	0	
818	-0.000699016	0	818	0.00192322	0	818	-0.00447375	0	818	-0	0	818	0.0593174	0	818	0.00907968	0	
819	-0.000484308	0	819	0.00174802	0	819	-0.00429993	0	819	-0	0	819	0.0575777	0	819	0.00804233	0	
820	-0.000254882	0	820	0.00158978	0	820	-0.00358916	0	820	-0	0	820	0.0476816	0	820	0.009378	0	
821	-0.00022442	0	821	0.00169456	0	821	-0.00279032	0	821	-0	0	821	0.0378641	0	821	0.010995	0	
822	-0.000269018	0	822	0.00185064	0	822	-0.00227835	0	822	-0	0	822	0.0341118	0	822	0.0117846	0	
823	-0.000201822	0	823	0.00182486	0	823	-0.00199941	0	823	-0	0	823	0.029328	0	823	0.0111128	0	
824	-0.0001658	0	824	0.0016679	0	824	-0.0019296	0	824	-0	0	824	0.0280393	0	824	0.0101093	0	
825	2.14468e-05	0	825	0.00141824	0	825	-0.00154096	0	825	-0	0	825	0.0253206	0	825	0.0100467	0	
826	1.9941e-05	0	826	0.00145077	0	826	-0.00127604	0	826	-0	0	826	0.0205912	0	826	0.0090316	0	
827	0.000164861	0	827	0.00123757	0	827	-0.000857775	0	827	-0	0	827	0.0171729	0	827	0.0079815	0	
828	0.000183911	0	828	0.000906079	0	828	-0.000730038	0	828	-0	0	828	0.0149552	0	828	0.00658249	0	
829	0.000249988	0	829	0.000671322	0	829	-0.000496483	0	829	-0	0	829	0.0115012	0	829	0.00599396	0	
830	0	0	830	0	0	830	0	0	830	0	0	830	0	0	830	0	0	
831	0	0	831	0	0	831	0	0	831	0	0	831	0	0	831	0	0	
832	0	0	832	0	0	832	0	0	832	0	0	832	0	0	832	0	0	
833	0	0	833	0	0	833	0	0	833	0	0	833	0	0	833	0	0	
834	0	0	834	0	0	834	0	0	834	0	0	834	0	0	834	0	0	
835	0	0	835	0	0	835	0	0	835	0	0	835	0	0	835	0	0	
836	0	0	836	0	0	836	0	0	836	0	0	836	0	0	836	0	0	
837	0	0	837	0	0	837	0	0	837	0	0	837	0	0	837	0	0	
838	0	0	838	0	0	838	0	0	838	0	0	838	0	0	838	0	0	
839	0	0	839	0	0	839	0	0	839	0	0	839	0	0	839	0	0	
840	-0.00147669	0	840	-0.000768656	0	840	-0.00261975	0	840	-0	0	840	-0.000241686	0	840	-0.00603215	0	
841	-0.000401397	0	841	-0.000539201	0	841	-0.000167908	0	841	-0	0	841	-0.00911398	0	841	-0.00458495	0	
842	-0.000859083	0	842	-0.00058275	0	842	-0.00173564	0	842	-0	0	842	-0.000471973	0	842	-0.00541174	0	
843	-0.000505491	0	843	-0.000215811	0	843	-0.000927593	0	843	-0	0	843	-0.00591168	0	843	-0.00183492	0	
844	-0.00043556	0	844	0.000482023	0	844	-0.00083255	0	844	-0	0	844	-0.00180917	0	844	0.0042947	0	
845	-0.000705318	0	845	0.000725473	0	845	-0.00102562	0	845	-0	0	845	-0.00272911	0	845	0.00261281	0	
846	-0.000630056	0	846	0.000892616	0	846	-0.000829237	0	846	-0	0	846	-0.00270139	0	846	0.00363381	0	
847	-0.000614067	0	847	0.000889265	0	847	-0.00081686	0	847	-0	0	847	-0.00195504	0	847	0.00343989	0	
848	-0.000678215	0	848	0.000916023	0	848	-0.00077592	0	848	-0	0	848	-0.00148905	0	848	0.00344543	0	
849	-0.00070025	0	849	0.000978392	0	849	-0.000808888	0	849	-0	0	849	-0.00183584	0	849	0.00364966	0	
850	-0.000690766	0	850	0.000956996	0	850	-0.000792368	0	850	-0	0	850	-0.00153199	0	850	0.00346521	0	
851	-0.000628739	0	851	0.000877015	0	851	-0.000664958	0	851	-0	0	851	-0.00111598	0	851	0.0035674	0	
852	-0.000582929	0	852	0.000710273	0	852	-0.000697277	0	852	-0	0	852	-0.000432736	0	852	0.00281686	0	
853	-0.000566663	0	853	0.000506076	0	853	-0.000782441	0	853	-0	0	853	-8.63318e-05	0	853	0.00173995	0	
854	-0.000582482	0	854	0.000295813	0	854	-0.000624177	0	854	-0	0	854	-0.00566048	0	854	0.00106102	0	
855	0.00127004	0	855	-8.44021e-05	0	855	0.00712957	0	855	-0	0	855	-0.0802428	0	855	-0.00445348	0	
856	0.00282441	0	856	-0.00166511	0	856	0.00294539	0	856	-0	0	856	-0.0392965	0	856	-0.0112951	0	
857	0.000146906	0	857	-0.00182616	0	857	-0.000309661	0	857	-0	0	857	-0.015298	0	857	-0.00278124	0	
858	0.00295262	0	858	0.000213588	0	858	0.00879914	0	858	-0	0	858	-0.0803289	0	858	-0.00285161	0	
859	0.00309709	0	859	0.00102579	0	859	0.00126799	0	859	-0	0	859	7.02436e-06	0	859	0.00351623	0	
860	0	0	860	0	0	860	0	0	860	0	0	860	0	0	860	0	0	
861	0.00400673	0	861	0.00245453	0	861	0.00426464	0	861	-0	0	861	-0.0329619	0	861	0.00271209	0	
862	0.00304845	0	862	0.00341205	0	862	0.00256027	0	862	-0	0	862	-0.0136856	0	862	0.00521249	0	
863	0	0	863	0	0	863	0	0	863	0	0	863	0	0	863	0	0	
864	0.00398798	0	864	0.00344077	0	864	0.0037639	0	864	-0	0	864	-0.00853648	0	864	0.0104465	0	
865	0	0	865	0	0	865	0	0	865	0	0	865	0	0	865	0	0	
866	0.00457593	0	866	0.00546818	0	866	0.00528802	0	866	-0	0	866	-0.041509	0	866	0.0188028	0	
867	0.00189056	0	867	0.0115512	0	867	0.00288069	0	867	-0	0	867	-0.0130385	0	867	0.0764589	0	
868	-0.000408956	0	868	0.0208886	0	868	0.0060765	0	868	-0	0	868	0.0225533	0	868	0.1	0	
869	0.00129422	0	869	0.0134337	0	869	0.00408415	0	869	-0	0	869	-0.00365774	0	869	0.1	0	
870	0.003789	0	870	0.00175912	0	870	0.00516626	0	870	-0	0	870	-0.0150086	0	870	-0.0100152	0	
871	0.00202556	0	871	0.00768964	0	871	0.00365005	0	871	-0	0	871	-0.0109641	0	871	0.0646276	0	
872	0.00224994	0	872	0.0015735	0	872	0.00314533	0	872	-0	0	872	-0.0207081	0	872	0.0320108	0	
873	0.00186677	0	873	0.00256645	0	873	0.00300489	0	873	-0	0	873	-0.0188298	0	873	0.012909	0	
874	0.00163595	0	874	0.00732339	0	874	0.00285723	0	874	-0	0	874	0.00342898	0	874	0.0772309	0	
875	0.00242055	0	875	0.000517033	0	875	0.00269706	0	875	-0	0	875	-0.0284315	0	875	0.00473787	0	
876	0.00135404	0	876	0.00885975	0	876	0.00173471	0	876	-0	0	876	-0.0163613	0	876	0.0552408	0	
877	0.00243189	0	877	0.00208896	0	877	0.0023345	0	877	-0	0	877	-0.00336531	0	877	0.0365573	0	
878	0.00324221	0	878	-0.00179293	0	878	0.00274909	0	878	-0	0	878	-0.02706	0	878	-0.0322988	0	
879	0.00355553	0	879	0.000282421	0	879	0.00144781	0	879	-0	0	879	-0.0151192	0	879	-0.014976	0	
880	0.00343763	0	880	0.00129373	0	880	0.00127756	0	880	-0	0	880	-0.015737	0	880	-0.012429	0	
881	0.00309038	0	881	0.00203201	0	881	0.00111035	0	881	-0	0	881	-0.0137748	0	881	-0.0164098	0	
882	0.00301085	0	882	0.00322217	0	882	0.000876761	0	882	-0	0	882	-0.0140953	0	882	-0.00893953	0	
883	0.00259448	0	883	0.00381325	0	883	0.000952188	0	883	-0	0	883	-0.0152147	0	883	-0.00661197	0	
884	0.000821935	0	884	0.00336088	0	884	0.000828546	0	884	-0	0	884	-0.0109434	0	884	-0.00931983	0	
885	-0.00202504	0	885	0.00297177	0	885	-1.97931e-05	0	885	-0	0	885	-0.00173432	0	885	-0.00815437	0	
886	-0.00422439	0	886	0.00287111	0	886	-0.00367024	0	886	-0	0	886	0.0321792	0	886	-0.00748092	0	
887	-0.00401381	0	887	0.00220111	0	887	-0.00406294	0	887	-0	0	887	0.0414777	0	887	-0.00440916	0	
888	-0.00285805	0	888	0.00150412	0	888	-0.00236866	0	888	-0	0	888	0.0453704	0	888	-0.00235082	0	
889	-0.00265628	0	889	0.000854553	0	889	-0.000933753	0	889	-0	0	889	0.0293358	0	889	-0.00319891	0	
890	-0.00211346	0	890	4.02887e-05	0	890	-0.000674484	0	890	-0	0	890	0.0273445	0	890	-0.00597938	0	
891	-0.0018439	0	891	-6.62006e-05	0	891	-0.000869068	0	891	-0	0	891	0.0307522	0	891	-0.00380075	0	
892	-0.00178373	0	892	0.000220421	0	892	-0.00081245	0	892	-0	0	892	0.0298233	0	892	-0.00154449	0	
893	-0.00175755	0	893	0.000560923	0	893	-0.000975627	0	893	-0	0	893	0.0294007	0	893	0.000687043	0	
894	-0.00164891	0	894	0.0007891	0	894	-0.00106859	0	894	-0	0	894	0.0282226	0	894	0.00171692	0	
895	-0.00154436	0	895	0.000813066	0	895	-0.00106063	0	895	-0	0	895	0.0274091	0	895	0.00222804	0	
896	-0.00143032	0	896	0.000728655	0	896	-0.00103949	0	896	-0	0	896	0.0269986	0	896	0.00245645	0	
897	-0.0012165	0	897	0.000416959	0	897	-0.00103779	0	897	-0	0	897	0.0269054	0	897	0.00125646	0	
898	-0.00121888	0	898	0.000469196	0	898	-0.00110814	0	898	-0	0	898	0.0261118	0	898	0.00233137	0	
899	-0.00109376	0	899	0.000686935	0	899	-0.00107897	0	899	-0	0	899	0.0250925	0	899	0.00264107	0	
900	-0.000962413	0	900	0.000996949	0	900	-0.0010564	0	900	-0	0	900	0.0237129	0	900	0.00343952	0	
901	-0.000934586	0	901	0.00113675	0	901	-0.000974297	0	901	-0	0	901	0.0223754	0	901	0.00340796	0	
902	-0.000807601	0	902	0.000961106	0	902	0.000499791	0	902	-0	0	902	0.00340809	0	902	0.00123249	0	
903	0	0	903	0	0	903	0	0	903	0	0	903	0	0	903	0	0	
904	-0.00098784	0	904	-0.000112088	0	904	-0.00135755	0	904	-0	0	904	0.0249262	0	904	-0.00145216	0	
905	-0.000682709	0	905	-0.000289149	0	905	-0.00100847	0	905	-0	0	905	0.0212653	0	905	-0.00093936	0	
906	-0.000721733	0	906	-6.52338e-05	0	906	-0.00169647	0	906	-0	0	906	0.0239162	0	906	-0.00241724	0	
907	-0.000454865	0	907	0.000188101	0	907	-0.0011536	0	907	-0	0	907	0.0207561	0	907	-4.04034e-06	0	
908	-0.000618689	0	908	-8.92568e-05	0	908	-0.00118915	0	908	-0	0	908	0.0218568	0	908	-0.00156268	0	
909	-0.000304844	0	909	-0.000144229	0	909	-0.00128245	0	909	-0	0	909	0.0208881	0	909	-0.00105369	0	
910	-0.000531016	0	910	-6.58979e-07	0	910	-0.0012682	0	910	-0	0	910	0.0217742	0	910	-0.00118899	0	
911	-0.000619695	0	911	0.000101348	0	911	-0.0012045	0	911	-0	0	911	0.0216368	0	911	-0.000585157	0	
912	-0.00030906	0	912	0.000150098	0	912	-0.00125981	0	912	-0	0	912	0.0185854	0	912	-0.000613465	0	
913	-0.000116967	0	913	-0.000286274	0	913	-0.0010236	0	913	-0	0	913	0.0167421	0	913	-0.00202351	0	
914	-0.000146516	0	914	-0.000681962	0	914	-0.000999804	0	914	-0	0	914	0.0164345	0	914	-0.00332019	0	
915	0	0	915	0	0	915	0	0	915	0	0	915	0	0	915	0	0	
916	-0.000135425	0	916	-0.000966672	0	916	-0.00105349	0	916	-0	0	916	0.0183556	0	916	-0.00261872	0	
917	-0.000336633	0	917	-0.000654052	0	917	-0.00123866	0	917	-0	0	917	0.0175391	0	917	-0.00186775	0	
918	-0.000151256	0	918	-0.000435679	0	918	-0.00117312	0	918	-0	0	918	0.0180812	0	918	-0.00108585	0	
919	-8.12109e-05	0	919	-0.000599528	0	919	-0.00089451	0	919	-0	0	919	0.015277	0	919	-0.00168218	0	
920	0	0	920	0	0	920	0	0	920	0	0	920	0	0	920	0	0	
921	0	0	921	0	0	921	0	0	921	0	0	921	0	0	921	0	0	
922	0	0	922	0	0	922	0	0	922	0	0	922	0	0	922	0	0	
923	0	0	923	0	0	923	0	0	923	0	0	923	0	0	923	0	0	
924	0	0	924	0	0	924	0	0	924	0	0	924	0	0	924	0	0	
925	0	0	925	0	0	925	0	0	925	0	0	925	0	0	925	0	0	
926	0	0	926	0	0	926	0	0	926	0	0	926	0	0	926	0	0	
