Velocities
0	0	0	0	0	0	0	0	0	0	0	0	0	0	0	0	0	0	
1	0	0	1	0	0	1	0	0	1	0	0	1	0	0	1	0	0	
2	0	0	2	0	0	2	0	0	2	0	0	2	0	0	2	0	0	
3	0	0	3	0	0	3	0	0	3	0	0	3	0	0	3	0	0	
4	-0.00129018	0	4	-1.95438e-05	0	4	-0.00363682	0	4	-2.79623e-06	0	4	0.0145607	0	4	-0.0113991	0	
5	-0.0010923	0	5	-0.000728427	0	5	-0.00333569	0	5	-0.00252342	0	5	0.0120801	0	5	-0.0122132	0	
6	0	0	6	0	0	6	0	0	6	0	0	6	0	0	6	0	0	
7	-0.000643239	0	7	-0.00191089	0	7	-0.0032534	0	7	-0.0110889	0	7	0.011688	0	7	-0.0149906	0	
8	-0.000577126	0	8	-0.00116356	0	8	-0.00322286	0	8	-0.0104453	0	8	0.0118805	0	8	-0.0117309	0	
9	-0.000638088	0	9	-0.000399154	0	9	-0.00333702	0	9	-0.00985903	0	9	0.0128043	0	9	-0.00926146	0	
10	-0.000901109	0	10	-0.000557355	0	10	-0.00361094	0	10	-0.00884121	0	10	0.0135488	0	10	-0.0093746	0	
11	-0.000928362	0	11	-0.000810598	0	11	-0.00386301	0	11	-0.00963259	0	11	0.0153589	0	11	-0.0111268	0	
12	-0.000931135	0	12	-0.00147887	0	12	-0.00352564	0	12	-0.00965819	0	12	0.0132897	0	12	-0.0128237	0	
13	-0.000905425	0	13	-0.00178977	0	13	-0.00310352	0	13	-0.00838032	0	13	0.0115497	0	13	-0.0126121	0	
14	-0.000929304	0	14	-0.00117421	0	14	-0.00287625	0	14	-0.00701187	0	14	0.0108204	0	14	-0.00891692	0	
15	0	0	15	0	0	15	0	0	15	0	0	15	0	0	15	0	0	
16	0	0	16	0	0	16	0	0	16	0	0	16	0	0	16	0	0	
17	0	0	17	0	0	17	0	0	17	0	0	17	0	0	17	0	0	
18	0	0	18	0	0	18	0	0	18	0	0	18	0	0	18	0	0	
19	0	0	19	0	0	19	0	0	19	0	0	19	0	0	19	0	0	
20	0	0	20	0	0	20	0	0	20	0	0	20	0	0	20	0	0	
21	0	0	21	0	0	21	0	0	21	0	0	21	0	0	21	0	0	
22	0	0	22	0	0	22	0	0	22	0	0	22	0	0	22	0	0	
23	0	0	23	0	0	23	0	0	23	0	0	23	0	0	23	0	0	
24	0	0	24	0	0	24	0	0	24	0	0	24	0	0	24	0	0	
25	-0.000872285	0	25	-0.00207587	0	25	-0.00248017	0	25	-0.00378856	0	25	0.00992551	0	25	-0.0172563	0	
26	-0.000428532	0	26	-0.00189217	0	26	-0.00193628	0	26	-0.00195743	0	26	0.00787068	0	26	-0.0167308	0	
27	-0.000287691	0	27	-0.00151299	0	27	-0.00161719	0	27	-0.00261375	0	27	0.00624336	0	27	-0.0152633	0	
28	0	0	28	0	0	28	0	0	28	0	0	28	0	0	28	0	0	
29	-0.000416398	0	29	-0.00160874	0	29	-0.00152089	0	29	-0.00378134	0	29	0.00455086	0	29	-0.0133175	0	
30	0	0	30	0	0	30	0	0	30	0	0	30	0	0	30	0	0	
31	0	0	31	0	0	31	0	0	31	0	0	31	0	0	31	0	0	
32	0	0	32	0	0	32	0	0	32	0	0	32	0	0	32	0	0	
33	0	0	33	0	0	33	0	0	33	0	0	33	0	0	33	0	0	
34	0	0	34	0	0	34	0	0	34	0	0	34	0	0	34	0	0	
35	0	0	35	0	0	35	0	0	35	0	0	35	0	0	35	0	0	
36	0	0	36	0	0	36	0	0	36	0	0	36	0	0	36	0	0	
37	0	0	37	0	0	37	0	0	37	0	0	37	0	0	37	0	0	
38	0	0	38	0	0	38	0	0	38	0	0	38	0	0	38	0	0	
39	0	0	39	0	0	39	0	0	39	0	0	39	0	0	39	0	0	
40	0	0	40	0	0	40	0	0	40	0	0	40	0	0	40	0	0	
41	0	0	41	0	0	41	0	0	41	0	0	41	0	0	41	0	0	
42	0	0	42	0	0	42	0	0	42	0	0	42	0	0	42	0	0	
43	0	0	43	0	0	43	0	0	43	0	0	43	0	0	43	0	0	
44	0	0	44	0	0	44	0	0	44	0	0	44	0	0	44	0	0	
45	0	0	45	0	0	45	0	0	45	0	0	45	0	0	45	0	0	
46	0	0	46	0	0	46	0	0	46	0	0	46	0	0	46	0	0	
47	0	0	47	0	0	47	0	0	47	0	0	47	0	0	47	0	0	
48	0	0	48	0	0	48	0	0	48	0	0	48	0	0	48	0	0	
49	0	0	49	0	0	49	0	0	49	0	0	49	0	0	49	0	0	
50	0	0	50	0	0	50	0	0	50	0	0	50	0	0	50	0	0	
51	0	0	51	0	0	51	0	0	51	0	0	51	0	0	51	0	0	
52	0	0	52	0	0	52	0	0	52	0	0	52	0	0	52	0	0	
53	0	0	53	0	0	53	0	0	53	0	0	53	0	0	53	0	0	
54	0	0	54	0	0	54	0	0	54	0	0	54	0	0	54	0	0	
55	0	0	55	0	0	55	0	0	55	0	0	55	0	0	55	0	0	
56	0	0	56	0	0	56	0	0	56	0	0	56	0	0	56	0	0	
57	0	0	57	0	0	57	0	0	57	0	0	57	0	0	57	0	0	
58	0	0	58	0	0	58	0	0	58	0	0	58	0	0	58	0	0	
59	0	0	59	0	0	59	0	0	59	0	0	59	0	0	59	0	0	
60	0	0	60	0	0	60	0	0	60	0	0	60	0	0	60	0	0	
61	0	0	61	0	0	61	0	0	61	0	0	61	0	0	61	0	0	
62	0	0	62	0	0	62	0	0	62	0	0	62	0	0	62	0	0	
63	0	0	63	0	0	63	0	0	63	0	0	63	0	0	63	0	0	
64	0	0	64	0	0	64	0	0	64	0	0	64	0	0	64	0	0	
65	0	0	65	0	0	65	0	0	65	0	0	65	0	0	65	0	0	
66	0	0	66	0	0	66	0	0	66	0	0	66	0	0	66	0	0	
67	0	0	67	0	0	67	0	0	67	0	0	67	0	0	67	0	0	
68	0	0	68	0	0	68	0	0	68	0	0	68	0	0	68	0	0	
69	0	0	69	0	0	69	0	0	69	0	0	69	0	0	69	0	0	
70	0	0	70	0	0	70	0	0	70	0	0	70	0	0	70	0	0	
71	0	0	71	0	0	71	0	0	71	0	0	71	0	0	71	0	0	
72	0	0	72	0	0	72	0	0	72	0	0	72	0	0	72	0	0	
73	0	0	73	0	0	73	0	0	73	0	0	73	0	0	73	0	0	
74	0	0	74	0	0	74	0	0	74	0	0	74	0	0	74	0	0	
75	0	0	75	0	0	75	0	0	75	0	0	75	0	0	75	0	0	
76	0	0	76	0	0	76	0	0	76	0	0	76	0	0	76	0	0	
77	0	0	77	0	0	77	0	0	77	0	0	77	0	0	77	0	0	
78	0	0	78	0	0	78	0	0	78	0	0	78	0	0	78	0	0	
79	0	0	79	0	0	79	0	0	79	0	0	79	0	0	79	0	0	
80	0	0	80	0	0	80	0	0	80	0	0	80	0	0	80	0	0	
81	0	0	81	0	0	81	0	0	81	0	0	81	0	0	81	0	0	
82	0	0	82	0	0	82	0	0	82	0	0	82	0	0	82	0	0	
83	0	0	83	0	0	83	0	0	83	0	0	83	0	0	83	0	0	
84	0	0	84	0	0	84	0	0	84	0	0	84	0	0	84	0	0	
85	0	0	85	0	0	85	0	0	85	0	0	85	0	0	85	0	0	
86	0	0	86	0	0	86	0	0	86	0	0	86	0	0	86	0	0	
87	0	0	87	0	0	87	0	0	87	0	0	87	0	0	87	0	0	
88	0	0	88	0	0	88	0	0	88	0	0	88	0	0	88	0	0	
89	0	0	89	0	0	89	0	0	89	0	0	89	0	0	89	0	0	
90	0	0	90	0	0	90	0	0	90	0	0	90	0	0	90	0	0	
91	0	0	91	0	0	91	0	0	91	0	0	91	0	0	91	0	0	
92	0	0	92	0	0	92	0	0	92	0	0	92	0	0	92	0	0	
93	0	0	93	0	0	93	0	0	93	0	0	93	0	0	93	0	0	
94	-0.00184025	0	94	-0.00149828	0	94	-0.00292886	0	94	5.60669e-05	0	94	0.011942	0	94	-0.00816613	0	
95	0	0	95	0	0	95	0	0	95	0	0	95	0	0	95	0	0	
96	0	0	96	0	0	96	0	0	96	0	0	96	0	0	96	0	0	
97	0	0	97	0	0	97	0	0	97	0	0	97	0	0	97	0	0	
98	0	0	98	0	0	98	0	0	98	0	0	98	0	0	98	0	0	
99	0	0	99	0	0	99	0	0	99	0	0	99	0	0	99	0	0	
100	0	0	100	0	0	100	0	0	100	0	0	100	0	0	100	0	0	
101	0	0	101	0	0	101	0	0	101	0	0	101	0	0	101	0	0	
102	0	0	102	0	0	102	0	0	102	0	0	102	0	0	102	0	0	
103	0	0	103	0	0	103	0	0	103	0	0	103	0	0	103	0	0	
104	0	0	104	0	0	104	0	0	104	0	0	104	0	0	104	0	0	
105	0	0	105	0	0	105	0	0	105	0	0	105	0	0	105	0	0	
106	0	0	106	0	0	106	0	0	106	0	0	106	0	0	106	0	0	
107	0	0	107	0	0	107	0	0	107	0	0	107	0	0	107	0	0	
108	0	0	108	0	0	108	0	0	108	0	0	108	0	0	108	0	0	
109	0	0	109	0	0	109	0	0	109	0	0	109	0	0	109	0	0	
110	0	0	110	0	0	110	0	0	110	0	0	110	0	0	110	0	0	
111	0	0	111	0	0	111	0	0	111	0	0	111	0	0	111	0	0	
112	0	0	112	0	0	112	0	0	112	0	0	112	0	0	112	0	0	
113	0	0	113	0	0	113	0	0	113	0	0	113	0	0	113	0	0	
114	0	0	114	0	0	114	0	0	114	0	0	114	0	0	114	0	0	
115	0	0	115	0	0	115	0	0	115	0	0	115	0	0	115	0	0	
116	0	0	116	0	0	116	0	0	116	0	0	116	0	0	116	0	0	
117	0	0	117	0	0	117	0	0	117	0	0	117	0	0	117	0	0	
118	0	0	118	0	0	118	0	0	118	0	0	118	0	0	118	0	0	
119	0	0	119	0	0	119	0	0	119	0	0	119	0	0	119	0	0	
120	0	0	120	0	0	120	0	0	120	0	0	120	0	0	120	0	0	
121	0	0	121	0	0	121	0	0	121	0	0	121	0	0	121	0	0	
122	0	0	122	0	0	122	0	0	122	0	0	122	0	0	122	0	0	
123	0	0	123	0	0	123	0	0	123	0	0	123	0	0	123	0	0	
124	0	0	124	0	0	124	0	0	124	0	0	124	0	0	124	0	0	
125	0	0	125	0	0	125	0	0	125	0	0	125	0	0	125	0	0	
126	0	0	126	0	0	126	0	0	126	0	0	126	0	0	126	0	0	
127	0	0	127	0	0	127	0	0	127	0	0	127	0	0	127	0	0	
128	0	0	128	0	0	128	0	0	128	0	0	128	0	0	128	0	0	
129	0	0	129	0	0	129	0	0	129	0	0	129	0	0	129	0	0	
130	0	0	130	0	0	130	0	0	130	0	0	130	0	0	130	0	0	
131	0	0	131	0	0	131	0	0	131	0	0	131	0	0	131	0	0	
132	0	0	132	0	0	132	0	0	132	0	0	132	0	0	132	0	0	
133	0	0	133	0	0	133	0	0	133	0	0	133	0	0	133	0	0	
134	0	0	134	0	0	134	0	0	134	0	0	134	0	0	134	0	0	
135	0	0	135	0	0	135	0	0	135	0	0	135	0	0	135	0	0	
136	0	0	136	0	0	136	0	0	136	0	0	136	0	0	136	0	0	
137	0	0	137	0	0	137	0	0	137	0	0	137	0	0	137	0	0	
138	0	0	138	0	0	138	0	0	138	0	0	138	0	0	138	0	0	
139	0	0	139	0	0	139	0	0	139	0	0	139	0	0	139	0	0	
140	0	0	140	0	0	140	0	0	140	0	0	140	0	0	140	0	0	
141	0	0	141	0	0	141	0	0	141	0	0	141	0	0	141	0	0	
142	0	0	142	0	0	142	0	0	142	0	0	142	0	0	142	0	0	
143	0	0	143	0	0	143	0	0	143	0	0	143	0	0	143	0	0	
144	0	0	144	0	0	144	0	0	144	0	0	144	0	0	144	0	0	
145	0	0	145	0	0	145	0	0	145	0	0	145	0	0	145	0	0	
146	0	0	146	0	0	146	0	0	146	0	0	146	0	0	146	0	0	
147	0	0	147	0	0	147	0	0	147	0	0	147	0	0	147	0	0	
148	0	0	148	0	0	148	0	0	148	0	0	148	0	0	148	0	0	
149	0	0	149	0	0	149	0	0	149	0	0	149	0	0	149	0	0	
150	0	0	150	0	0	150	0	0	150	0	0	150	0	0	150	0	0	
151	0	0	151	0	0	151	0	0	151	0	0	151	0	0	151	0	0	
152	0	0	152	0	0	152	0	0	152	0	0	152	0	0	152	0	0	
153	0	0	153	0	0	153	0	0	153	0	0	153	0	0	153	0	0	
154	0	0	154	0	0	154	0	0	154	0	0	154	0	0	154	0	0	
155	0	0	155	0	0	155	0	0	155	0	0	155	0	0	155	0	0	
156	0	0	156	0	0	156	0	0	156	0	0	156	0	0	156	0	0	
157	0	0	157	0	0	157	0	0	157	0	0	157	0	0	157	0	0	
158	-0.00251548	0	158	0.00399826	0	158	-0.000857955	0	158	0.00792177	0	158	0.00378382	0	158	0.0196498	0	
159	-0.00269844	0	159	0.00524259	0	159	-0.000459264	0	159	0.010637	0	159	0.00308856	0	159	0.0274576	0	
160	-0.00275593	0	160	0.00661652	0	160	-0.000188949	0	160	0.0123649	0	160	0.00177967	0	160	0.0337817	0	
161	-0.00279353	0	161	0.00732211	0	161	4.04869e-05	0	161	0.0131191	0	161	0.000882809	0	161	0.0361959	0	
162	-0.00295704	0	162	0.00767812	0	162	0.000234347	0	162	0.0149624	0	162	-0.00154228	0	162	0.0393537	0	
163	-0.00306864	0	163	0.00825541	0	163	0.000178017	0	163	0.0165544	0	163	-0.000110864	0	163	0.0436243	0	
164	-0.00293931	0	164	0.00866872	0	164	-6.83404e-05	0	164	0.0173652	0	164	0.00238335	0	164	0.0446906	0	
165	-0.00275639	0	165	0.00867588	0	165	-0.000164794	0	165	0.0166562	0	165	0.0035017	0	165	0.0448628	0	
166	-0.00281288	0	166	0.00879243	0	166	9.32184e-06	0	166	0.0174017	0	166	0.00300704	0	166	0.0470035	0	
167	-0.00272898	0	167	0.00917885	0	167	-7.90099e-05	0	167	0.0167475	0	167	0.00307733	0	167	0.0483901	0	
168	-0.00249904	0	168	0.00915384	0	168	0.000111888	0	168	0.0168986	0	168	0.00210468	0	168	0.0484725	0	
169	-0.00239509	0	169	0.00880017	0	169	0.000308435	0	169	0.016985	0	169	0.000254503	0	169	0.0472651	0	
170	-0.00222152	0	170	0.00848806	0	170	0.000270277	0	170	0.0155325	0	170	-0.000344531	0	170	0.0460507	0	
171	-0.00193427	0	171	0.00815533	0	171	0.00044147	0	171	0.0140304	0	171	-0.000316331	0	171	0.0436893	0	
172	-0.00176792	0	172	0.00781179	0	172	0.00035737	0	172	0.013117	0	172	2.59627e-05	0	172	0.0418118	0	
173	-0.00178505	0	173	0.00708693	0	173	0.000501327	0	173	0.0149602	0	173	-0.00412701	0	173	0.0398077	0	
174	-0.00162926	0	174	0.00685746	0	174	0.000440724	0	174	0.0129975	0	174	-0.00217866	0	174	0.0388191	0	
175	-0.00154643	0	175	0.00679289	0	175	0.000237554	0	175	0.0139369	0	175	0.00086421	0	175	0.0374444	0	
176	-0.00153068	0	176	0.00686631	0	176	0.000266696	0	176	0.018051	0	176	0.00246931	0	176	0.0394732	0	
177	-0.00154496	0	177	0.00640809	0	177	0.00040427	0	177	0.025518	0	177	0.00292564	0	177	0.0383966	0	
178	-0.0015145	0	178	0.00578	0	178	0.000424555	0	178	0.0316112	0	178	0.00310447	0	178	0.0371701	0	
179	-0.00144744	0	179	0.00454402	0	179	0.000683598	0	179	0.0382448	0	179	0.00119623	0	179	0.0320252	0	
180	-0.00157088	0	180	0.00361707	0	180	0.000781552	0	180	0.0409133	0	180	0.000401198	0	180	0.0301612	0	
181	-0.00166194	0	181	0.0036221	0	181	0.000362885	0	181	0.0392522	0	181	0.00372987	0	181	0.0293273	0	
182	-0.00166477	0	182	0.00382899	0	182	0.000135668	0	182	0.0381648	0	182	0.00614426	0	182	0.0295853	0	
183	-0.00173294	0	183	0.00385958	0	183	-6.32618e-05	0	183	0.0383407	0	183	0.00593376	0	183	0.0291739	0	
184	-0.00173517	0	184	0.00389104	0	184	-0.000121732	0	184	0.0374591	0	184	0.00606026	0	184	0.0292495	0	
185	-0.00170741	0	185	0.00384938	0	185	-3.64068e-05	0	185	0.0372474	0	185	0.00463112	0	185	0.0281326	0	
186	-0.00165057	0	186	0.00382859	0	186	4.70591e-05	0	186	0.0356939	0	186	0.00415532	0	186	0.0277952	0	
187	-0.00160146	0	187	0.00370586	0	187	0.000106515	0	187	0.0346492	0	187	0.00218467	0	187	0.0272658	0	
188	-0.00157858	0	188	0.00366965	0	188	0.000181312	0	188	0.0343228	0	188	0.0039193	0	188	0.0276984	0	
189	-0.00156369	0	189	0.00382328	0	189	0.000143637	0	189	0.0342616	0	189	0.00510047	0	189	0.0274148	0	
190	-0.00153072	0	190	0.00413978	0	190	-1.15556e-06	0	190	0.0333151	0	190	0.00614166	0	190	0.0281108	0	
191	-0.0015602	0	191	0.00426572	0	191	7.89602e-05	0	191	0.0347755	0	191	0.0060334	0	191	0.0283281	0	
192	-0.00174467	0	192	0.00421139	0	192	0.000288654	0	192	0.0359769	0	192	0.00465859	0	192	0.0276672	0	
193	-0.00165988	0	193	0.00411139	0	193	0.000129586	0	193	0.0371682	0	193	0.00443895	0	193	0.0277503	0	
194	-0.00152699	0	194	0.00425604	0	194	0.00021323	0	194	0.0373445	0	194	0.00699009	0	194	0.0282395	0	
195	-0.0015572	0	195	0.00434957	0	195	0.00051953	0	195	0.0388105	0	195	0.00443891	0	195	0.0288766	0	
196	-0.00154039	0	196	0.00435084	0	196	0.000711056	0	196	0.0390881	0	196	0.00190855	0	196	0.0292115	0	
197	-0.00142969	0	197	0.00446499	0	197	0.000979995	0	197	0.0396006	0	197	0.00192479	0	197	0.0297777	0	
198	-0.00122481	0	198	0.00443693	0	198	0.000972573	0	198	0.0388271	0	198	0.00144126	0	198	0.0296149	0	
199	-0.00129928	0	199	0.00384283	0	199	0.0010536	0	199	0.0373021	0	199	-0.000343878	0	199	0.0260946	0	
200	-0.00122614	0	200	0.00340869	0	200	0.00100598	0	200	0.0362563	0	200	0.000475077	0	200	0.0256849	0	
201	-0.00100406	0	201	0.00317427	0	201	0.000711862	0	201	0.0336893	0	201	0.00232702	0	201	0.0238959	0	
202	-0.000997207	0	202	0.00285989	0	202	0.000847881	0	202	0.0318703	0	202	-0.00029744	0	202	0.0218246	0	
203	-0.000964565	0	203	0.00245553	0	203	0.000703892	0	203	0.0267911	0	203	-0.000187459	0	203	0.0186739	0	
204	-0.00057956	0	204	0.00127006	0	204	-0.000137555	0	204	0.010877	0	204	0.00154112	0	204	0.00909783	0	
205	0	0	205	0	0	205	0	0	205	0	0	205	0	0	205	0	0	
206	0	0	206	0	0	206	0	0	206	0	0	206	0	0	206	0	0	
207	0.00102566	0	207	-0.005597	0	207	0.000320201	0	207	-0.0347706	0	207	-0.00664017	0	207	-0.0295919	0	
208	0.00141017	0	208	-0.00717571	0	208	0.000734602	0	208	-0.0393187	0	208	-0.00892093	0	208	-0.0375753	0	
209	0.00152724	0	209	-0.0080969	0	209	0.000879157	0	209	-0.0412831	0	209	-0.00952115	0	209	-0.0420593	0	
210	0.00167929	0	210	-0.00868662	0	210	0.000876873	0	210	-0.0450502	0	210	-0.0112774	0	210	-0.0464316	0	
211	0.00187973	0	211	-0.00905011	0	211	0.000794866	0	211	-0.0473176	0	211	-0.0102312	0	211	-0.0487968	0	
212	0.00201792	0	212	-0.00976835	0	212	0.000805996	0	212	-0.0499751	0	212	-0.0108872	0	212	-0.0530238	0	
213	0.00216413	0	213	-0.0105584	0	213	0.000719457	0	213	-0.0551158	0	213	-0.011698	0	213	-0.0580856	0	
214	0.00203232	0	214	-0.0112161	0	214	0.000509829	0	214	-0.0618655	0	214	-0.0120407	0	214	-0.0643752	0	
215	0.00192558	0	215	-0.0108227	0	215	0.000160416	0	215	-0.0625194	0	215	-0.0121399	0	215	-0.062634	0	
216	0.00181562	0	216	-0.0103512	0	216	-0.000167782	0	216	-0.0638325	0	216	-0.00877551	0	216	-0.0608625	0	
217	0.00173983	0	217	-0.00987938	0	217	-0.00069352	0	217	-0.0665491	0	217	-0.006606	0	217	-0.0599329	0	
218	0.0015558	0	218	-0.00970438	0	218	-0.000998733	0	218	-0.0681811	0	218	-0.00526352	0	218	-0.0600531	0	
219	0.00151666	0	219	-0.0100622	0	219	-0.00123644	0	219	-0.072192	0	219	-0.00518405	0	219	-0.0618999	0	
220	0.00159016	0	220	-0.0103382	0	220	-0.00161456	0	220	-0.0763564	0	220	-0.00168196	0	220	-0.061845	0	
221	0.00157396	0	221	-0.0107587	0	221	-0.00222955	0	221	-0.0799785	0	221	0.00286998	0	221	-0.0627242	0	
222	0.00139174	0	222	-0.0108611	0	222	-0.00271433	0	222	-0.0836217	0	222	0.00418895	0	222	-0.0632657	0	
223	0.00141994	0	223	-0.011027	0	223	-0.00274962	0	223	-0.0855048	0	223	0.0053327	0	223	-0.0616036	0	
224	0.00150485	0	224	-0.010887	0	224	-0.00250127	0	224	-0.0867351	0	224	0.00290443	0	224	-0.0620874	0	
225	0.00167374	0	225	-0.0109451	0	225	-0.00231921	0	225	-0.0860703	0	225	0.00211223	0	225	-0.0611924	0	
226	0.00187604	0	226	-0.0111094	0	226	-0.00220132	0	226	-0.0838525	0	226	0.00199203	0	226	-0.0618209	0	
227	0.00196825	0	227	-0.0111348	0	227	-0.00188866	0	227	-0.0819186	0	227	-0.000345104	0	227	-0.0610641	0	
228	0.00218722	0	228	-0.0110658	0	228	-0.00167394	0	228	-0.0804906	0	228	-0.000144747	0	228	-0.0598239	0	
229	0.00232435	0	229	-0.0110578	0	229	-0.00157549	0	229	-0.0780324	0	229	-0.00098203	0	229	-0.0600576	0	
230	0.00230943	0	230	-0.0108734	0	230	-0.00137164	0	230	-0.0755043	0	230	-0.00194049	0	230	-0.0588352	0	
231	0.00235685	0	231	-0.0106753	0	231	-0.00127667	0	231	-0.0717646	0	231	-0.00150756	0	231	-0.058202	0	
232	0.00231747	0	232	-0.010486	0	232	-0.00105969	0	232	-0.0687459	0	232	-0.00364515	0	232	-0.0574925	0	
233	0.00231399	0	233	-0.0103786	0	233	-0.000950917	0	233	-0.0668266	0	233	-0.00398	0	233	-0.0583449	0	
234	0.00237654	0	234	-0.0103649	0	234	-0.00106479	0	234	-0.0645569	0	234	-0.0016389	0	234	-0.0571637	0	
235	0.00217759	0	235	-0.0102312	0	235	-0.00127748	0	235	-0.0624839	0	235	-0.00066808	0	235	-0.0552325	0	
236	0.00199284	0	236	-0.0102824	0	236	-0.00132604	0	236	-0.0598555	0	236	-0.000983514	0	236	-0.0552694	0	
237	0.00187079	0	237	-0.0105221	0	237	-0.00123981	0	237	-0.0563051	0	237	-0.0020828	0	237	-0.056972	0	
238	0.00199218	0	238	-0.0106483	0	238	-0.001197	0	238	-0.0532834	0	238	-0.00184536	0	238	-0.0573441	0	
239	0.00208502	0	239	-0.0108034	0	239	-0.00103241	0	239	-0.0494551	0	239	-0.000749814	0	239	-0.0575811	0	
240	0.00216004	0	240	-0.0106488	0	240	-0.00105012	0	240	-0.046862	0	240	0.0015556	0	240	-0.0571006	0	
241	0.00189572	0	241	-0.0106026	0	241	-0.000812867	0	241	-0.0429494	0	241	-0.00278011	0	241	-0.0578542	0	
242	0.00184942	0	242	-0.0105738	0	242	-0.000832708	0	242	-0.038493	0	242	-0.00201197	0	242	-0.0577494	0	
243	0.00191324	0	243	-0.0104332	0	243	-0.000846352	0	243	-0.0352614	0	243	9.14513e-05	0	243	-0.0575187	0	
244	0.00186839	0	244	-0.0105285	0	244	-0.000823391	0	244	-0.0299135	0	244	-0.000805861	0	244	-0.0592519	0	
245	0.00178413	0	245	-0.0106564	0	245	-0.000891991	0	245	-0.0245841	0	245	0.000343557	0	245	-0.060245	0	
246	0.00159775	0	246	-0.0105882	0	246	-0.00104979	0	246	-0.0203056	0	246	0.000509984	0	246	-0.0615546	0	
247	0.00142877	0	247	-0.0106972	0	247	-0.00112236	0	247	-0.0147352	0	247	0.00154456	0	247	-0.0619243	0	
248	0.00134657	0	248	-0.0103921	0	248	-0.00122348	0	248	-0.0110582	0	248	0.0026061	0	248	-0.0619249	0	
249	0.00136619	0	249	-0.00999779	0	249	-0.00114779	0	249	-0.00653526	0	249	0.00364477	0	249	-0.0602353	0	
250	0.00146495	0	250	-0.00971651	0	250	-0.000817429	0	250	0.000122588	0	250	0.00145514	0	250	-0.0602	0	
251	0.00165479	0	251	-0.00926771	0	251	-0.000486351	0	251	0.00552224	0	251	0.0016055	0	251	-0.0598711	0	
252	0.00177578	0	252	-0.00884001	0	252	-2.88987e-05	0	252	0.0105637	0	252	3.93367e-05	0	252	-0.0579746	0	
253	0.00181595	0	253	-0.00832031	0	253	9.47556e-05	0	253	0.0151421	0	253	-0.000163947	0	253	-0.0553376	0	
254	0.00176017	0	254	-0.00754457	0	254	-2.67987e-05	0	254	0.0167116	0	254	0.00255183	0	254	-0.0518893	0	
255	0.00152839	0	255	-0.0066309	0	255	0.000112625	0	255	0.0214034	0	255	-0.000233071	0	255	-0.0450059	0	
256	0.00143991	0	256	-0.00528558	0	256	0.000233898	0	256	0.0230792	0	256	0.00197088	0	256	-0.0375382	0	
257	0.0014411	0	257	-0.00385445	0	257	0.000376255	0	257	0.026402	0	257	0.00190037	0	257	-0.030622	0	
258	0.00144606	0	258	-0.00256488	0	258	0.000517103	0	258	0.0300476	0	258	0.00244636	0	258	-0.023603	0	
259	0.00135193	0	259	-0.00132318	0	259	0.000734368	0	259	0.0327867	0	259	0.00186715	0	259	-0.0180308	0	
260	0.00132257	0	260	-0.000473139	0	260	0.000813644	0	260	0.0339945	0	260	0.00264521	0	260	-0.0147575	0	
261	0.00124457	0	261	0.000162803	0	261	0.00102304	0	261	0.0355211	0	261	0.000136998	0	261	-0.0113692	0	
262	0.00128693	0	262	0.00078747	0	262	0.00114374	0	262	0.0364676	0	262	0.00140611	0	262	-0.00651192	0	
263	0.00129233	0	263	0.00148878	0	263	0.00135643	0	263	0.0378866	0	263	0.00150045	0	263	-0.00212292	0	
264	0.00128428	0	264	0.00225606	0	264	0.00182353	0	264	0.0398864	0	264	-0.000545346	0	264	0.0022947	0	
265	0.00129054	0	265	0.00264164	0	265	0.00252789	0	265	0.0418755	0	265	-0.00648469	0	265	0.00445105	0	
266	0.00152483	0	266	0.00267494	0	266	0.00357799	0	266	0.0407725	0	266	-0.0120097	0	266	0.0044953	0	
267	0.00182605	0	267	0.00257023	0	267	0.00490701	0	267	0.0400055	0	267	-0.0203529	0	267	0.00452549	0	
268	0.00196535	0	268	0.00237295	0	268	0.00666894	0	268	0.0390441	0	268	-0.0328605	0	268	0.00523859	0	
269	0.00208229	0	269	0.00222942	0	269	0.00815045	0	269	0.0378454	0	269	-0.0420507	0	269	0.0045245	0	
270	0.00202153	0	270	0.00202525	0	270	0.00933482	0	270	0.0365643	0	270	-0.0514817	0	270	0.00397023	0	
271	0.00203562	0	271	0.00195594	0	271	0.00981115	0	271	0.0337061	0	271	-0.0538386	0	271	0.00366343	0	
272	0.00178503	0	272	0.00166769	0	272	0.00979834	0	272	0.0328938	0	272	-0.0571688	0	272	0.00365444	0	
273	0.00159038	0	273	0.00163025	0	273	0.00910114	0	273	0.0297223	0	273	-0.0521168	0	273	0.00388025	0	
274	0.00142979	0	274	0.00149084	0	274	0.00682988	0	274	0.0262864	0	274	-0.0388475	0	274	0.00309485	0	
275	0.00100302	0	275	0.00185341	0	275	0.00385637	0	275	0.0263799	0	275	-0.0202823	0	275	0.00703474	0	
276	2.5884e-05	0	276	0.00257167	0	276	0.00192981	0	276	0.0283605	0	276	-0.00959208	0	276	0.0119471	0	
277	-0.000194765	0	277	0.00252292	0	277	0.000460698	0	277	0.0276228	0	277	8.57435e-05	0	277	0.0115122	0	
278	-0.000241105	0	278	0.00157831	0	278	-0.000948248	0	278	0.021726	0	278	0.00654678	0	278	0.0056439	0	
279	-0.000747668	0	279	0.000903161	0	279	-0.00194425	0	279	0.0131677	0	279	0.0107782	0	279	0.00354132	0	
280	0	0	280	0	0	280	0	0	280	0	0	280	0	0	280	0	0	
281	0	0	281	0	0	281	0	0	281	0	0	281	0	0	281	0	0	
282	0	0	282	0	0	282	0	0	282	0	0	282	0	0	282	0	0	
283	-0.00181565	0	283	-0.000893616	0	283	-0.00398659	0	283	-0.0189037	0	283	0.0158085	0	283	-0.00838725	0	
284	-0.00200845	0	284	-0.00162735	0	284	-0.00435728	0	284	-0.0234705	0	284	0.0175447	0	284	-0.010091	0	
285	-0.00224255	0	285	-0.00262114	0	285	-0.00454855	0	285	-0.0281931	0	285	0.0174694	0	285	-0.01573	0	
286	-0.0024888	0	286	-0.00347788	0	286	-0.00438557	0	286	-0.0378911	0	286	0.0124868	0	286	-0.0202527	0	
287	-0.00241354	0	287	-0.00400248	0	287	-0.00426516	0	287	-0.0406501	0	287	0.0135845	0	287	-0.0205112	0	
288	-0.0022182	0	288	-0.00426761	0	288	-0.0041745	0	288	-0.04004	0	288	0.0141637	0	288	-0.0204484	0	
289	-0.0021222	0	289	-0.00432497	0	289	-0.00397423	0	289	-0.0394451	0	289	0.0124038	0	289	-0.0227529	0	
290	-0.00198622	0	290	-0.0038145	0	290	-0.00357388	0	290	-0.0360882	0	290	0.0101859	0	290	-0.0213641	0	
291	-0.00173785	0	291	-0.0032394	0	291	-0.00333722	0	291	-0.0335165	0	291	0.0118173	0	291	-0.0185693	0	
292	-0.00175686	0	292	-0.00296707	0	292	-0.00302687	0	292	-0.0308765	0	292	0.00905862	0	292	-0.017829	0	
293	-0.00192747	0	293	-0.00271717	0	293	-0.00285035	0	293	-0.0269794	0	293	0.00718074	0	293	-0.0174905	0	
294	-0.001578	0	294	-0.00249888	0	294	-0.00279568	0	294	-0.0201018	0	294	0.0112844	0	294	-0.0167399	0	
295	-0.0014058	0	295	-0.00159912	0	295	-0.00292128	0	295	-0.0193779	0	295	0.0104323	0	295	-0.011149	0	
296	-0.00171565	0	296	-0.000672901	0	296	-0.00358546	0	296	-0.0203332	0	296	0.0130793	0	296	-0.0051739	0	
297	-0.00196925	0	297	-0.000254758	0	297	-0.00366622	0	297	-0.0176299	0	297	0.0151925	0	297	-0.00450714	0	
298	-0.00215307	0	298	0.000229706	0	298	-0.00314849	0	298	-0.0122452	0	298	0.0120507	0	298	-0.00285439	0	
299	0	0	299	0	0	299	0	0	299	0	0	299	0	0	299	0	0	
300	-0.00131909	0	300	0.000642867	0	300	-0.00321872	0	300	-0.014657	0	300	0.0151993	0	300	0.000564305	0	
301	-0.00145492	0	301	0.000533886	0	301	-0.00230171	0	301	-0.0123097	0	301	0.00526511	0	301	0.000744567	0	
302	0	0	302	0	0	302	0	0	302	0	0	302	0	0	302	0	0	
303	0	0	303	0	0	303	0	0	303	0	0	303	0	0	303	0	0	
304	0	0	304	0	0	304	0	0	304	0	0	304	0	0	304	0	0	
305	0	0	305	0	0	305	0	0	305	0	0	305	0	0	305	0	0	
306	-0.00150358	0	306	0.000661631	0	306	-0.00280997	0	306	-0.0121959	0	306	0.0119935	0	306	0.0019594	0	
307	0	0	307	0	0	307	0	0	307	0	0	307	0	0	307	0	0	
308	0	0	308	0	0	308	0	0	308	0	0	308	0	0	308	0	0	
309	0	0	309	0	0	309	0	0	309	0	0	309	0	0	309	0	0	
310	0	0	310	0	0	310	0	0	310	0	0	310	0	0	310	0	0	
311	0	0	311	0	0	311	0	0	311	0	0	311	0	0	311	0	0	
312	0	0	312	0	0	312	0	0	312	0	0	312	0	0	312	0	0	
313	0	0	313	0	0	313	0	0	313	0	0	313	0	0	313	0	0	
314	-0.000372894	0	314	-8.19998e-05	0	314	-0.00282813	0	314	-0.0325056	0	314	0.0128783	0	314	-0.0045318	0	
315	-5.1146e-05	0	315	-0.000922789	0	315	-0.00270262	0	315	-0.0399636	0	315	0.0101726	0	315	-0.0081484	0	
316	3.17631e-05	0	316	-0.0015353	0	316	-0.00271137	0	316	-0.0462573	0	316	0.00887244	0	316	-0.00884302	0	
317	0	0	317	0	0	317	0	0	317	0	0	317	0	0	317	0	0	
318	0	0	318	0	0	318	0	0	318	0	0	318	0	0	318	0	0	
319	0	0	319	0	0	319	0	0	319	0	0	319	0	0	319	0	0	
320	0	0	320	0	0	320	0	0	320	0	0	320	0	0	320	0	0	
321	0	0	321	0	0	321	0	0	321	0	0	321	0	0	321	0	0	
322	0	0	322	0	0	322	0	0	322	0	0	322	0	0	322	0	0	
323	0	0	323	0	0	323	0	0	323	0	0	323	0	0	323	0	0	
324	0	0	324	0	0	324	0	0	324	0	0	324	0	0	324	0	0	
325	0	0	325	0	0	325	0	0	325	0	0	325	0	0	325	0	0	
326	0	0	326	0	0	326	0	0	326	0	0	326	0	0	326	0	0	
327	0	0	327	0	0	327	0	0	327	0	0	327	0	0	327	0	0	
328	0	0	328	0	0	328	0	0	328	0	0	328	0	0	328	0	0	
329	0	0	329	0	0	329	0	0	329	0	0	329	0	0	329	0	0	
330	0	0	330	0	0	330	0	0	330	0	0	330	0	0	330	0	0	
331	0	0	331	0	0	331	0	0	331	0	0	331	0	0	331	0	0	
332	0	0	332	0	0	332	0	0	332	0	0	332	0	0	332	0	0	
333	0	0	333	0	0	333	0	0	333	0	0	333	0	0	333	0	0	
334	0	0	334	0	0	334	0	0	334	0	0	334	0	0	334	0	0	
335	0	0	335	0	0	335	0	0	335	0	0	335	0	0	335	0	0	
336	0	0	336	0	0	336	0	0	336	0	0	336	0	0	336	0	0	
337	-0.00034184	0	337	-0.00140793	0	337	-0.00257747	0	337	-0.0398505	0	337	0.00850452	0	337	-0.00879654	0	
338	-0.000245771	0	338	0.000380649	0	338	-0.00209276	0	338	-0.0229865	0	338	0.0107109	0	338	-0.00572785	0	
339	-0.00020248	0	339	0.00192531	0	339	-0.00123947	0	339	-0.00514782	0	339	0.00825869	0	339	-0.00204036	0	
340	0	0	340	0	0	340	0	0	340	0	0	340	0	0	340	0	0	
341	0	0	341	0	0	341	0	0	341	0	0	341	0	0	341	0	0	
342	0	0	342	0	0	342	0	0	342	0	0	342	0	0	342	0	0	
343	-0.00106179	0	343	0.00495198	0	343	0.000299328	0	343	0.0317232	0	343	0.00635499	0	343	0.0150718	0	
344	-0.00148089	0	344	0.00533879	0	344	-0.00017773	0	344	0.0380584	0	344	0.00950121	0	344	0.0208968	0	
345	-0.00175873	0	345	0.0057157	0	345	-0.000519812	0	345	0.0437303	0	345	0.0130917	0	345	0.0269164	0	
346	-0.0019611	0	346	0.0061144	0	346	-0.00067022	0	346	0.0472318	0	346	0.0151422	0	346	0.031943	0	
347	-0.00197429	0	347	0.006788	0	347	-0.000245429	0	347	0.0524254	0	347	0.0147605	0	347	0.0369501	0	
348	-0.00174614	0	348	0.00764451	0	348	7.83912e-05	0	348	0.0557288	0	348	0.0150594	0	348	0.0406437	0	
349	-0.00152343	0	349	0.00851343	0	349	0.000304545	0	349	0.0584014	0	349	0.0151385	0	349	0.0448757	0	
350	-0.00145501	0	350	0.00878944	0	350	0.000575195	0	350	0.0618934	0	350	0.0144711	0	350	0.0473499	0	
351	-0.0015154	0	351	0.00907581	0	351	0.00028558	0	351	0.0599968	0	351	0.0162445	0	351	0.0492232	0	
352	-0.00176679	0	352	0.00927904	0	352	0.000287767	0	352	0.0590067	0	352	0.0157041	0	352	0.0519894	0	
353	-0.00195687	0	353	0.00953222	0	353	0.000356903	0	353	0.0578062	0	353	0.0145738	0	353	0.0544547	0	
354	-0.00196149	0	354	0.00968295	0	354	0.000509721	0	354	0.0567811	0	354	0.0128901	0	354	0.0556995	0	
355	-0.00187697	0	355	0.00965556	0	355	0.00094049	0	355	0.0558354	0	355	0.0109249	0	355	0.0564883	0	
356	-0.00168739	0	356	0.00978521	0	356	0.00123922	0	356	0.0548158	0	356	0.00813526	0	356	0.057225	0	
357	-0.00151407	0	357	0.00965664	0	357	0.00223998	0	357	0.0545396	0	357	0.00153398	0	357	0.0580963	0	
358	-0.00117538	0	358	0.00965706	0	358	0.00249958	0	358	0.0529932	0	358	-0.00098392	0	358	0.057101	0	
359	-0.000867327	0	359	0.00931498	0	359	0.00274273	0	359	0.0510003	0	359	-0.00167461	0	359	0.0553372	0	
360	-0.000522569	0	360	0.00876854	0	360	0.00274243	0	360	0.0472095	0	360	-0.00435914	0	360	0.0519204	0	
361	-0.000233827	0	361	0.00756281	0	361	0.0030644	0	361	0.0423427	0	361	-0.00847195	0	361	0.0468707	0	
362	0.000300237	0	362	0.00643331	0	362	0.00339054	0	362	0.0382475	0	362	-0.0111926	0	362	0.04138	0	
363	0.000756696	0	363	0.00549439	0	363	0.00405473	0	363	0.034322	0	363	-0.0159589	0	363	0.0369646	0	
364	0.00116931	0	364	0.00480521	0	364	0.00496405	0	364	0.0319744	0	364	-0.0223756	0	364	0.0336262	0	
365	0.00156948	0	365	0.00446022	0	365	0.0056512	0	365	0.0274907	0	365	-0.0270487	0	365	0.0308743	0	
366	0.00175646	0	366	0.00390269	0	366	0.00612035	0	366	0.0239497	0	366	-0.0317673	0	366	0.0281807	0	
367	0.00184968	0	367	0.00334742	0	367	0.00637144	0	367	0.0199031	0	367	-0.0350436	0	367	0.0259686	0	
368	0.00173535	0	368	0.00287021	0	368	0.00607983	0	368	0.0160065	0	368	-0.0334948	0	368	0.024032	0	
369	0.00158574	0	369	0.00245249	0	369	0.00563559	0	369	0.0126979	0	369	-0.0323541	0	369	0.0219596	0	
370	0.00114171	0	370	0.00232112	0	370	0.00525172	0	370	0.0117296	0	370	-0.0335912	0	370	0.0215394	0	
371	0.000977732	0	371	0.00280438	0	371	0.00441238	0	371	0.0100609	0	371	-0.0261687	0	371	0.0237997	0	
372	0.000595851	0	372	0.00351212	0	372	0.0038172	0	372	0.011099	0	372	-0.0234469	0	372	0.0280499	0	
373	0.000357491	0	373	0.00384062	0	373	0.00322862	0	373	0.0116642	0	373	-0.0192584	0	373	0.0293983	0	
374	0.000400185	0	374	0.00384091	0	374	0.00271826	0	374	0.0138155	0	374	-0.0143299	0	374	0.0301901	0	
375	0.000361387	0	375	0.00377018	0	375	0.00255032	0	375	0.016329	0	375	-0.0126629	0	375	0.0306811	0	
376	0.000380209	0	376	0.00368225	0	376	0.00224319	0	376	0.018786	0	376	-0.00936587	0	376	0.031176	0	
377	0.000387659	0	377	0.00361873	0	377	0.00192853	0	377	0.0182199	0	377	-0.00731166	0	377	0.0302029	0	
378	0.000564006	0	378	0.00317427	0	378	0.00154493	0	378	0.0134672	0	378	-0.0058138	0	378	0.0251495	0	
379	0.000894436	0	379	0.00268495	0	379	0.000882094	0	379	0.00873685	0	379	-0.00163573	0	379	0.020068	0	
380	0.00101353	0	380	0.00230271	0	380	0.000383083	0	380	0.00430534	0	380	0.00175142	0	380	0.0165954	0	
381	0	0	381	0	0	381	0	0	381	0	0	381	0	0	381	0	0	
382	0	0	382	0	0	382	0	0	382	0	0	382	0	0	382	0	0	
383	0	0	383	0	0	383	0	0	383	0	0	383	0	0	383	0	0	
384	0	0	384	0	0	384	0	0	384	0	0	384	0	0	384	0	0	
385	0	0	385	0	0	385	0	0	385	0	0	385	0	0	385	0	0	
386	0	0	386	0	0	386	0	0	386	0	0	386	0	0	386	0	0	
387	0	0	387	0	0	387	0	0	387	0	0	387	0	0	387	0	0	
388	0	0	388	0	0	388	0	0	388	0	0	388	0	0	388	0	0	
389	-0.00119767	0	389	0.00252842	0	389	-0.00272174	0	389	-0.000834573	0	389	0.0155156	0	389	0.0167398	0	
390	-0.0014245	0	390	0.00392466	0	390	-0.00266662	0	390	-0.00191158	0	390	0.015986	0	390	0.0236019	0	
391	-0.00156829	0	391	0.00528255	0	391	-0.00242939	0	391	-0.00190461	0	391	0.0139651	0	391	0.0305449	0	
392	-0.00148073	0	392	0.0061402	0	392	-0.00201561	0	392	-0.00406261	0	392	0.0107703	0	392	0.0353881	0	
393	-0.00131187	0	393	0.00653412	0	393	-0.00210669	0	393	-0.00562196	0	393	0.0105144	0	393	0.0372778	0	
394	-0.00101376	0	394	0.0063832	0	394	-0.00266106	0	394	-0.00342721	0	394	0.0161036	0	394	0.0345583	0	
395	-0.000957043	0	395	0.00620417	0	395	-0.00297144	0	395	-0.0019052	0	395	0.0189164	0	395	0.0322455	0	
396	-0.00138539	0	396	0.00612913	0	396	-0.00305147	0	396	0.000446155	0	396	0.0165361	0	396	0.031592	0	
397	-0.00151338	0	397	0.00646896	0	397	-0.00276206	0	397	0.000369745	0	397	0.0162756	0	397	0.0323318	0	
398	-0.00138988	0	398	0.00652148	0	398	-0.00261707	0	398	0.00199102	0	398	0.0157452	0	398	0.0332554	0	
399	-0.00117712	0	399	0.00566462	0	399	-0.00276327	0	399	0.00130967	0	399	0.0159903	0	399	0.0295703	0	
400	-0.00101214	0	400	0.00462055	0	400	-0.00252003	0	400	4.32672e-05	0	400	0.0144109	0	400	0.0252299	0	
401	-0.00092596	0	401	0.00379691	0	401	-0.00232002	0	401	-0.00148959	0	401	0.0129597	0	401	0.0218667	0	
402	-0.000432673	0	402	0.00344527	0	402	-0.00187577	0	402	-0.0039828	0	402	0.0122507	0	402	0.0189958	0	
403	0.000375562	0	403	0.00227382	0	403	-0.00182779	0	403	-0.00986738	0	403	0.00994209	0	403	0.00853242	0	
404	0	0	404	0	0	404	0	0	404	0	0	404	0	0	404	0	0	
405	0.00039877	0	405	0.000871746	0	405	-0.00211389	0	405	-0.0189594	0	405	0.00855488	0	405	-0.00190354	0	
406	0.000510084	0	406	0.000616757	0	406	-0.0026534	0	406	-0.0163428	0	406	0.0130344	0	406	-0.00397272	0	
407	0.000190872	0	407	0.00108278	0	407	-0.00249306	0	407	-0.0136604	0	407	0.011827	0	407	-0.00284219	0	
408	8.58831e-05	0	408	0.000907995	0	408	-0.00264854	0	408	-0.0189628	0	408	0.0110064	0	408	-0.00656905	0	
409	-0.000565158	0	409	0.00121883	0	409	-0.00219887	0	409	-0.0253433	0	409	0.00575068	0	409	-0.00902467	0	
410	-0.00110738	0	410	0.00140598	0	410	-0.0026941	0	410	-0.0252087	0	410	0.00663421	0	410	-0.00909493	0	
411	-0.00155291	0	411	0.00110107	0	411	-0.0024813	0	411	-0.0211723	0	411	0.00475841	0	411	-0.00871271	0	
412	-0.00167142	0	412	0.000983184	0	412	-0.00215117	0	412	-0.0149277	0	412	0.00281402	0	412	-0.0063532	0	
413	0	0	413	0	0	413	0	0	413	0	0	413	0	0	413	0	0	
414	0	0	414	0	0	414	0	0	414	0	0	414	0	0	414	0	0	
415	0	0	415	0	0	415	0	0	415	0	0	415	0	0	415	0	0	
416	0	0	416	0	0	416	0	0	416	0	0	416	0	0	416	0	0	
417	0	0	417	0	0	417	0	0	417	0	0	417	0	0	417	0	0	
418	0	0	418	0	0	418	0	0	418	0	0	418	0	0	418	0	0	
419	0	0	419	0	0	419	0	0	419	0	0	419	0	0	419	0	0	
420	-0.00162129	0	420	0.00425106	0	420	-0.00237507	0	420	0.00866102	0	420	0.012285	0	420	0.011821	0	
421	-0.00102508	0	421	0.00378818	0	421	-0.00239441	0	421	0.00725973	0	421	0.0135018	0	421	0.0106746	0	
422	-0.000580622	0	422	0.00283478	0	422	-0.00210555	0	422	0.00645331	0	422	0.0122387	0	422	0.00781576	0	
423	0	0	423	0	0	423	0	0	423	0	0	423	0	0	423	0	0	
424	0	0	424	0	0	424	0	0	424	0	0	424	0	0	424	0	0	
425	0	0	425	0	0	425	0	0	425	0	0	425	0	0	425	0	0	
426	0	0	426	0	0	426	0	0	426	0	0	426	0	0	426	0	0	
427	0	0	427	0	0	427	0	0	427	0	0	427	0	0	427	0	0	
428	0	0	428	0	0	428	0	0	428	0	0	428	0	0	428	0	0	
429	0	0	429	0	0	429	0	0	429	0	0	429	0	0	429	0	0	
430	0	0	430	0	0	430	0	0	430	0	0	430	0	0	430	0	0	
431	0	0	431	0	0	431	0	0	431	0	0	431	0	0	431	0	0	
432	0	0	432	0	0	432	0	0	432	0	0	432	0	0	432	0	0	
433	0.000694109	0	433	-0.00170956	0	433	-0.0017779	0	433	-0.0276957	0	433	0.0056878	0	433	-0.017839	0	
434	0.000332805	0	434	-0.00307021	0	434	-0.00142729	0	434	-0.0328846	0	434	0.00174212	0	434	-0.0229602	0	
435	0.000204433	0	435	-0.00408436	0	435	-0.00166964	0	435	-0.0319233	0	435	0.00428243	0	435	-0.0253702	0	
436	2.36414e-06	0	436	-0.00543556	0	436	-0.00197974	0	436	-0.030975	0	436	0.00447854	0	436	-0.0342944	0	
437	-0.000343513	0	437	-0.00622328	0	437	-0.00236433	0	437	-0.0374245	0	437	0.00648037	0	437	-0.0386905	0	
438	-0.000494183	0	438	-0.0061292	0	438	-0.00301156	0	438	-0.0363036	0	438	0.0103467	0	438	-0.0353599	0	
439	-0.000495	0	439	-0.00488461	0	439	-0.00304339	0	439	-0.026712	0	439	0.0123597	0	439	-0.0277314	0	
440	-0.000547406	0	440	-0.00259372	0	440	-0.00223157	0	440	-0.0173438	0	440	0.00878935	0	440	-0.0173276	0	
441	-0.000535147	0	441	-0.000848523	0	441	-0.00167516	0	441	-0.00774899	0	441	0.00536757	0	441	-0.0103553	0	
442	0	0	442	0	0	442	0	0	442	0	0	442	0	0	442	0	0	
443	0	0	443	0	0	443	0	0	443	0	0	443	0	0	443	0	0	
444	0	0	444	0	0	444	0	0	444	0	0	444	0	0	444	0	0	
445	0	0	445	0	0	445	0	0	445	0	0	445	0	0	445	0	0	
446	-0.000986454	0	446	0.0042899	0	446	-0.000395097	0	446	0.0146835	0	446	0.00351898	0	446	0.0233375	0	
447	-0.00149525	0	447	0.00511876	0	447	-0.000408354	0	447	0.0238881	0	447	0.00446305	0	447	0.0288222	0	
448	-0.00190502	0	448	0.00476395	0	448	-0.00095152	0	448	0.0239276	0	448	0.00471744	0	448	0.0261852	0	
449	-0.00196736	0	449	0.00417499	0	449	-0.00137707	0	449	0.0264601	0	449	0.0099986	0	449	0.0261153	0	
450	-0.00194203	0	450	0.00349709	0	450	-0.00112865	0	450	0.0284715	0	450	0.0095382	0	450	0.0271096	0	
451	-0.00181926	0	451	0.00279863	0	451	-0.000895783	0	451	0.0250573	0	451	0.00723796	0	451	0.0243775	0	
452	-0.00159319	0	452	0.00237614	0	452	-0.000903013	0	452	0.019836	0	452	0.00694145	0	452	0.020539	0	
453	-0.0011421	0	453	0.0024666	0	453	-0.000984231	0	453	0.0160234	0	453	0.0083009	0	453	0.0180874	0	
454	-0.000696459	0	454	0.00206914	0	454	-0.000755113	0	454	0.0114195	0	454	0.00539744	0	454	0.0145636	0	
455	-0.000336207	0	455	0.00147596	0	455	-0.000420171	0	455	0.00606222	0	455	0.00431691	0	455	0.0107327	0	
456	0	0	456	0	0	456	0	0	456	0	0	456	0	0	456	0	0	
457	0	0	457	0	0	457	0	0	457	0	0	457	0	0	457	0	0	
458	0	0	458	0	0	458	0	0	458	0	0	458	0	0	458	0	0	
459	0	0	459	0	0	459	0	0	459	0	0	459	0	0	459	0	0	
460	0	0	460	0	0	460	0	0	460	0	0	460	0	0	460	0	0	
461	0	0	461	0	0	461	0	0	461	0	0	461	0	0	461	0	0	
462	0	0	462	0	0	462	0	0	462	0	0	462	0	0	462	0	0	
463	0	0	463	0	0	463	0	0	463	0	0	463	0	0	463	0	0	
464	0	0	464	0	0	464	0	0	464	0	0	464	0	0	464	0	0	
465	0	0	465	0	0	465	0	0	465	0	0	465	0	0	465	0	0	
466	0	0	466	0	0	466	0	0	466	0	0	466	0	0	466	0	0	
467	0	0	467	0	0	467	0	0	467	0	0	467	0	0	467	0	0	
468	0	0	468	0	0	468	0	0	468	0	0	468	0	0	468	0	0	
469	0	0	469	0	0	469	0	0	469	0	0	469	0	0	469	0	0	
470	0	0	470	0	0	470	0	0	470	0	0	470	0	0	470	0	0	
471	0	0	471	0	0	471	0	0	471	0	0	471	0	0	471	0	0	
472	0	0	472	0	0	472	0	0	472	0	0	472	0	0	472	0	0	
473	0	0	473	0	0	473	0	0	473	0	0	473	0	0	473	0	0	
474	0	0	474	0	0	474	0	0	474	0	0	474	0	0	474	0	0	
475	0	0	475	0	0	475	0	0	475	0	0	475	0	0	475	0	0	
476	0	0	476	0	0	476	0	0	476	0	0	476	0	0	476	0	0	
477	0	0	477	0	0	477	0	0	477	0	0	477	0	0	477	0	0	
478	0	0	478	0	0	478	0	0	478	0	0	478	0	0	478	0	0	
479	0	0	479	0	0	479	0	0	479	0	0	479	0	0	479	0	0	
480	0	0	480	0	0	480	0	0	480	0	0	480	0	0	480	0	0	
481	0	0	481	0	0	481	0	0	481	0	0	481	0	0	481	0	0	
482	0	0	482	0	0	482	0	0	482	0	0	482	0	0	482	0	0	
483	0.000924232	0	483	-0.00534336	0	483	0.000867805	0	483	-0.0184229	0	483	-0.00683817	0	483	-0.0251849	0	
484	0.00106884	0	484	-0.00659618	0	484	0.000712022	0	484	-0.0219902	0	484	-0.00554826	0	484	-0.0314018	0	
485	0.00110751	0	485	-0.00764168	0	485	0.000425429	0	485	-0.0238425	0	485	-0.00416951	0	485	-0.0368967	0	
486	0.00112346	0	486	-0.00856184	0	486	0.000260362	0	486	-0.0254062	0	486	-0.00410388	0	486	-0.0415381	0	
487	0.00111911	0	487	-0.00950014	0	487	1.79407e-05	0	487	-0.0282042	0	487	-0.0025338	0	487	-0.0455891	0	
488	0.00113847	0	488	-0.0103878	0	488	-0.00036601	0	488	-0.0307731	0	488	-0.000652337	0	488	-0.0497093	0	
489	0.00113308	0	489	-0.0112593	0	489	-0.000625252	0	489	-0.0327572	0	489	0.000804964	0	489	-0.05385	0	
490	0.00109257	0	490	-0.0118408	0	490	-0.000915327	0	490	-0.0348195	0	490	0.00121822	0	490	-0.0569274	0	
491	0.00105078	0	491	-0.0124607	0	491	-0.00113516	0	491	-0.0380343	0	491	0.00262699	0	491	-0.0594495	0	
492	0.00105096	0	492	-0.0127963	0	492	-0.00137901	0	492	-0.0396577	0	492	0.00435391	0	492	-0.0614864	0	
493	0.00109974	0	493	-0.0127049	0	493	-0.00146352	0	493	-0.0403084	0	493	0.00390302	0	493	-0.0610137	0	
494	0.0011381	0	494	-0.012386	0	494	-0.00143524	0	494	-0.0402768	0	494	0.00368954	0	494	-0.0602812	0	
495	0.00118325	0	495	-0.011771	0	495	-0.00133584	0	495	-0.0402226	0	495	0.00266937	0	495	-0.058928	0	
496	0.00141596	0	496	-0.0109205	0	496	-0.00124964	0	496	-0.0400285	0	496	0.00391349	0	496	-0.0561348	0	
497	0.00155631	0	497	-0.0102021	0	497	-0.00105139	0	497	-0.0381489	0	497	0.00323696	0	497	-0.0525934	0	
498	0.00157	0	498	-0.00945889	0	498	-0.000810964	0	498	-0.0356932	0	498	0.000621108	0	498	-0.0490444	0	
499	0.00150594	0	499	-0.00880136	0	499	-0.000560192	0	499	-0.0334045	0	499	-0.000562407	0	499	-0.0458311	0	
500	0.00162469	0	500	-0.00804756	0	500	-0.000643148	0	500	-0.0321379	0	500	0.000167266	0	500	-0.0427126	0	
501	0.0015948	0	501	-0.00777568	0	501	-0.000754141	0	501	-0.0317465	0	501	0.00148685	0	501	-0.0406621	0	
502	0.00140951	0	502	-0.00763821	0	502	-0.000803079	0	502	-0.0310589	0	502	-0.000531505	0	502	-0.0399106	0	
503	0.00141879	0	503	-0.00732275	0	503	-0.00099951	0	503	-0.0313487	0	503	0.0023731	0	503	-0.0381668	0	
504	0.00124827	0	504	-0.00722929	0	504	-0.000879334	0	504	-0.0314971	0	504	0.000969983	0	504	-0.0372678	0	
505	0.0013905	0	505	-0.00702459	0	505	-0.00112989	0	505	-0.0328486	0	505	0.00442191	0	505	-0.0361752	0	
506	0.00134862	0	506	-0.00700017	0	506	-0.00109219	0	506	-0.0336742	0	506	0.00247595	0	506	-0.0352157	0	
507	0.00144459	0	507	-0.00707854	0	507	-0.00117047	0	507	-0.0343661	0	507	0.00426464	0	507	-0.0341718	0	
508	0.00154873	0	508	-0.00701278	0	508	-0.000991033	0	508	-0.0345469	0	508	0.00191137	0	508	-0.0340171	0	
509	0.00173014	0	509	-0.00695923	0	509	-0.000943416	0	509	-0.0356318	0	509	0.0026985	0	509	-0.0342746	0	
510	0.00194139	0	510	-0.00707209	0	510	-0.00077739	0	510	-0.0360841	0	510	0.00219043	0	510	-0.0332981	0	
511	0.00204319	0	511	-0.0070048	0	511	-0.000671246	0	511	-0.0354542	0	511	0.000734152	0	511	-0.0329423	0	
512	0.00205363	0	512	-0.00702943	0	512	-0.000626524	0	512	-0.0354313	0	512	-0.000586784	0	512	-0.0338349	0	
513	0.00216204	0	513	-0.00681973	0	513	-0.000565624	0	513	-0.0366039	0	513	0.00142179	0	513	-0.0327824	0	
514	0.0020546	0	514	-0.006749	0	514	-0.000365733	0	514	-0.0349985	0	514	-0.0025079	0	514	-0.0328034	0	
515	0.00217418	0	515	-0.0066631	0	515	-0.000296909	0	515	-0.0337566	0	515	-0.00295366	0	515	-0.0316835	0	
516	0.00223111	0	516	-0.00659561	0	516	-0.000106127	0	516	-0.0328137	0	516	-0.00342292	0	516	-0.0308235	0	
517	0.00238224	0	517	-0.00625192	0	517	-0.000340891	0	517	-0.0335043	0	517	0.000784971	0	517	-0.0298028	0	
518	0.00227339	0	518	-0.00619407	0	518	-0.000160438	0	518	-0.0330818	0	518	-0.00072042	0	518	-0.0293678	0	
519	0.00214932	0	519	-0.00614669	0	519	-0.000161677	0	519	-0.0312926	0	519	-0.00174724	0	519	-0.0288471	0	
520	0.00219837	0	520	-0.00582011	0	520	-0.00030337	0	520	-0.0304542	0	520	0.000337972	0	520	-0.0271617	0	
521	0.00213498	0	521	-0.00567878	0	521	-0.00022433	0	521	-0.0291356	0	521	0.000133978	0	521	-0.025923	0	
522	0.00186974	0	522	-0.00562567	0	522	-5.85857e-05	0	522	-0.0273971	0	522	-0.00435269	0	522	-0.0267189	0	
523	0.0017421	0	523	-0.00552917	0	523	4.07931e-05	0	523	-0.0257301	0	523	-0.00635733	0	523	-0.0263791	0	
524	0.00186727	0	524	-0.00529187	0	524	-6.67053e-05	0	524	-0.0252256	0	524	-0.00406284	0	524	-0.0242892	0	
525	0.00193448	0	525	-0.00521209	0	525	-7.61827e-05	0	525	-0.0270636	0	525	-0.00326901	0	525	-0.0227164	0	
526	0	0	526	0	0	526	0	0	526	0	0	526	0	0	526	0	0	
527	0	0	527	0	0	527	0	0	527	0	0	527	0	0	527	0	0	
528	0	0	528	0	0	528	0	0	528	0	0	528	0	0	528	0	0	
529	0	0	529	0	0	529	0	0	529	0	0	529	0	0	529	0	0	
530	0	0	530	0	0	530	0	0	530	0	0	530	0	0	530	0	0	
531	0	0	531	0	0	531	0	0	531	0	0	531	0	0	531	0	0	
532	0	0	532	0	0	532	0	0	532	0	0	532	0	0	532	0	0	
533	0	0	533	0	0	533	0	0	533	0	0	533	0	0	533	0	0	
534	0.00109655	0	534	-0.00165	0	534	0.000621644	0	534	-0.0218315	0	534	-0.00817453	0	534	-0.00449455	0	
535	0.000490569	0	535	0.000770178	0	535	0.000943836	0	535	-0.00860221	0	535	-0.0100459	0	535	0.00718512	0	
536	0	0	536	0	0	536	0	0	536	0	0	536	0	0	536	0	0	
537	-0.00024846	0	537	0.00389754	0	537	0.000449393	0	537	0.0140985	0	537	-0.00269008	0	537	0.0233956	0	
538	-0.000745325	0	538	0.00537853	0	538	-0.000430294	0	538	0.0287458	0	538	0.00650141	0	538	0.0318843	0	
539	-0.00148634	0	539	0.0075933	0	539	-0.00101101	0	539	0.0393793	0	539	0.0136808	0	539	0.0425424	0	
540	-0.00228046	0	540	0.00988995	0	540	-0.00132696	0	540	0.0486775	0	540	0.0178092	0	540	0.0511422	0	
541	-0.00284926	0	541	0.0109802	0	541	-0.00104451	0	541	0.0568645	0	541	0.0165631	0	541	0.0536919	0	
542	-0.00288768	0	542	0.0111298	0	542	-0.000618199	0	542	0.0625263	0	542	0.0152404	0	542	0.054187	0	
543	-0.00271266	0	543	0.0110569	0	543	-0.000135566	0	543	0.0643154	0	543	0.0138688	0	543	0.056532	0	
544	-0.00250989	0	544	0.0113806	0	544	0.000428833	0	544	0.0647085	0	544	0.0112684	0	544	0.0592083	0	
545	-0.00236341	0	545	0.0116967	0	545	0.000924919	0	545	0.064585	0	545	0.00773685	0	545	0.0614307	0	
546	-0.00205593	0	546	0.0114672	0	546	0.000834378	0	546	0.0618363	0	546	0.00880599	0	546	0.0590447	0	
547	-0.00177493	0	547	0.010921	0	547	0.000569033	0	547	0.059222	0	547	0.00929455	0	547	0.0568281	0	
548	-0.00181459	0	548	0.00980013	0	548	0.000723348	0	548	0.0571314	0	548	0.00602523	0	548	0.0540617	0	
549	-0.00160143	0	549	0.00934321	0	549	0.000514751	0	549	0.0532872	0	549	0.00684105	0	549	0.0514563	0	
550	-0.00153852	0	550	0.00891354	0	550	0.000830322	0	550	0.0517258	0	550	0.00502858	0	550	0.0497535	0	
551	-0.00138459	0	551	0.0089116	0	551	0.00099787	0	551	0.0487096	0	551	0.00313312	0	551	0.0488257	0	
552	-0.00121574	0	552	0.00888446	0	552	0.0014051	0	552	0.0477737	0	552	0.000913922	0	552	0.0484605	0	
553	-0.00106357	0	553	0.00873696	0	553	0.0015335	0	553	0.0458192	0	553	-0.000500358	0	553	0.0471942	0	
554	-0.00110363	0	554	0.00839682	0	554	0.00156317	0	554	0.0449128	0	554	-0.00149667	0	554	0.0449144	0	
555	-0.00128326	0	555	0.0084258	0	555	0.00122308	0	555	0.0439343	0	555	0.000792542	0	555	0.045367	0	
556	-0.00150587	0	556	0.00866714	0	556	0.000875575	0	556	0.0428309	0	556	0.00359776	0	556	0.046159	0	
557	-0.00166314	0	557	0.00897704	0	557	0.000597139	0	557	0.0418683	0	557	0.00511108	0	557	0.0467154	0	
558	-0.00171123	0	558	0.00908403	0	558	0.000565793	0	558	0.0417691	0	558	0.00571214	0	558	0.0466838	0	
559	-0.00173094	0	559	0.00929604	0	559	0.000513023	0	559	0.040582	0	559	0.00548637	0	559	0.0470517	0	
560	-0.00170507	0	560	0.00920799	0	560	0.000727964	0	560	0.0404927	0	560	0.0031084	0	560	0.0461245	0	
561	-0.00168133	0	561	0.00908687	0	561	0.000961509	0	561	0.0399421	0	561	0.00151777	0	561	0.0469971	0	
562	-0.0016198	0	562	0.00879498	0	562	0.000954495	0	562	0.0391354	0	562	-0.000500498	0	562	0.0456248	0	
563	-0.00141809	0	563	0.00857604	0	563	0.00111397	0	563	0.0369967	0	563	0.00156599	0	563	0.0450867	0	
564	-0.00121833	0	564	0.00850167	0	564	0.000969935	0	564	0.0342562	0	564	0.00196955	0	564	0.0436971	0	
565	-0.00113792	0	565	0.00796305	0	565	0.00106424	0	565	0.0310164	0	565	0.00103865	0	565	0.0406478	0	
566	-0.001043	0	566	0.0074054	0	566	0.000999046	0	566	0.0305605	0	566	-0.000292328	0	566	0.0386187	0	
567	-0.000887767	0	567	0.00693346	0	567	0.000927792	0	567	0.0275233	0	567	-0.000832429	0	567	0.0361888	0	
568	-0.000563734	0	568	0.00629439	0	568	0.00108168	0	568	0.0256916	0	568	-0.00109962	0	568	0.0330471	0	
569	-0.000285906	0	569	0.00573557	0	569	0.00125636	0	569	0.0232498	0	569	-0.00245162	0	569	0.0303718	0	
570	-0.000132796	0	570	0.00495687	0	570	0.00148506	0	570	0.0217202	0	570	-0.00666136	0	570	0.0270335	0	
571	0.000142381	0	571	0.00439885	0	571	0.00147225	0	571	0.0175474	0	571	-0.00595259	0	571	0.0240877	0	
572	0.000251203	0	572	0.00354623	0	572	0.00148122	0	572	0.0123418	0	572	-0.00677858	0	572	0.0197264	0	
573	0.000346039	0	573	0.00270869	0	573	0.00129195	0	573	0.00787677	0	573	-0.00745164	0	573	0.0153307	0	
574	0.000319256	0	574	0.00205573	0	574	0.00115625	0	574	0.00456573	0	574	-0.0082769	0	574	0.0114883	0	
575	0	0	575	0	0	575	0	0	575	0	0	575	0	0	575	0	0	
576	0	0	576	0	0	576	0	0	576	0	0	576	0	0	576	0	0	
577	0	0	577	0	0	577	0	0	577	0	0	577	0	0	577	0	0	
578	0	0	578	0	0	578	0	0	578	0	0	578	0	0	578	0	0	
579	0	0	579	0	0	579	0	0	579	0	0	579	0	0	579	0	0	
580	0	0	580	0	0	580	0	0	580	0	0	580	0	0	580	0	0	
581	0	0	581	0	0	581	0	0	581	0	0	581	0	0	581	0	0	
582	0	0	582	0	0	582	0	0	582	0	0	582	0	0	582	0	0	
583	0	0	583	0	0	583	0	0	583	0	0	583	0	0	583	0	0	
584	-0.000915756	0	584	0.00154438	0	584	0.00477556	0	584	-0.000486944	0	584	-0.0396758	0	584	0.00534995	0	
585	-0.000745661	0	585	0.00204288	0	585	0.00745906	0	585	-4.72657e-05	0	585	-0.0567306	0	585	0.00598169	0	
586	0.000167703	0	586	0.0015951	0	586	0.0086096	0	586	0.00189691	0	586	-0.0619752	0	586	0.00365697	0	
587	0.000709334	0	587	0.000985234	0	587	0.00770274	0	587	0.00152934	0	587	-0.0548024	0	587	0.00238683	0	
588	0.000976464	0	588	0.000794125	0	588	0.00513692	0	588	-0.00031503	0	588	-0.03481	0	588	0.00166029	0	
589	0.000643872	0	589	0.000871192	0	589	0.00191027	0	589	-2.03951e-05	0	589	-0.0135975	0	589	0.00268748	0	
590	0	0	590	0	0	590	0	0	590	0	0	590	0	0	590	0	0	
591	0	0	591	0	0	591	0	0	591	0	0	591	0	0	591	0	0	
592	0	0	592	0	0	592	0	0	592	0	0	592	0	0	592	0	0	
593	0	0	593	0	0	593	0	0	593	0	0	593	0	0	593	0	0	
594	0	0	594	0	0	594	0	0	594	0	0	594	0	0	594	0	0	
595	0	0	595	0	0	595	0	0	595	0	0	595	0	0	595	0	0	
596	0	0	596	0	0	596	0	0	596	0	0	596	0	0	596	0	0	
597	0	0	597	0	0	597	0	0	597	0	0	597	0	0	597	0	0	
598	0	0	598	0	0	598	0	0	598	0	0	598	0	0	598	0	0	
599	0	0	599	0	0	599	0	0	599	0	0	599	0	0	599	0	0	
600	0	0	600	0	0	600	0	0	600	0	0	600	0	0	600	0	0	
601	0	0	601	0	0	601	0	0	601	0	0	601	0	0	601	0	0	
