Velocities
0	0	0	0	0	0	0	0	0	0	0	0	0	0	0	0	0	0	
1	0	0	1	0	0	1	0	0	1	0	0	1	0	0	1	0	0	
2	0	0	2	0	0	2	0	0	2	0	0	2	0	0	2	0	0	
3	0	0	3	0	0	3	0	0	3	0	0	3	0	0	3	0	0	
4	0.00137854	0	4	-0.00278838	0	4	-0.000299406	0	4	-0.00251265	0	4	-0.0131247	0	4	0.00228623	0	
5	0	0	5	0	0	5	0	0	5	0	0	5	0	0	5	0	0	
6	0	0	6	0	0	6	0	0	6	0	0	6	0	0	6	0	0	
7	0	0	7	0	0	7	0	0	7	0	0	7	0	0	7	0	0	
8	0	0	8	0	0	8	0	0	8	0	0	8	0	0	8	0	0	
9	0	0	9	0	0	9	0	0	9	0	0	9	0	0	9	0	0	
10	0	0	10	0	0	10	0	0	10	0	0	10	0	0	10	0	0	
11	0	0	11	0	0	11	0	0	11	0	0	11	0	0	11	0	0	
12	0	0	12	0	0	12	0	0	12	0	0	12	0	0	12	0	0	
13	0	0	13	0	0	13	0	0	13	0	0	13	0	0	13	0	0	
14	0	0	14	0	0	14	0	0	14	0	0	14	0	0	14	0	0	
15	0	0	15	0	0	15	0	0	15	0	0	15	0	0	15	0	0	
16	0	0	16	0	0	16	0	0	16	0	0	16	0	0	16	0	0	
17	0	0	17	0	0	17	0	0	17	0	0	17	0	0	17	0	0	
18	0	0	18	0	0	18	0	0	18	0	0	18	0	0	18	0	0	
19	0	0	19	0	0	19	0	0	19	0	0	19	0	0	19	0	0	
20	0	0	20	0	0	20	0	0	20	0	0	20	0	0	20	0	0	
21	0	0	21	0	0	21	0	0	21	0	0	21	0	0	21	0	0	
22	0	0	22	0	0	22	0	0	22	0	0	22	0	0	22	0	0	
23	0	0	23	0	0	23	0	0	23	0	0	23	0	0	23	0	0	
24	0	0	24	0	0	24	0	0	24	0	0	24	0	0	24	0	0	
25	0	0	25	0	0	25	0	0	25	0	0	25	0	0	25	0	0	
26	0	0	26	0	0	26	0	0	26	0	0	26	0	0	26	0	0	
27	0	0	27	0	0	27	0	0	27	0	0	27	0	0	27	0	0	
28	0	0	28	0	0	28	0	0	28	0	0	28	0	0	28	0	0	
29	0	0	29	0	0	29	0	0	29	0	0	29	0	0	29	0	0	
30	0	0	30	0	0	30	0	0	30	0	0	30	0	0	30	0	0	
31	0	0	31	0	0	31	0	0	31	0	0	31	0	0	31	0	0	
32	0	0	32	0	0	32	0	0	32	0	0	32	0	0	32	0	0	
33	0	0	33	0	0	33	0	0	33	0	0	33	0	0	33	0	0	
34	0	0	34	0	0	34	0	0	34	0	0	34	0	0	34	0	0	
35	0	0	35	0	0	35	0	0	35	0	0	35	0	0	35	0	0	
36	0	0	36	0	0	36	0	0	36	0	0	36	0	0	36	0	0	
37	0	0	37	0	0	37	0	0	37	0	0	37	0	0	37	0	0	
38	0	0	38	0	0	38	0	0	38	0	0	38	0	0	38	0	0	
39	0	0	39	0	0	39	0	0	39	0	0	39	0	0	39	0	0	
40	0	0	40	0	0	40	0	0	40	0	0	40	0	0	40	0	0	
41	0	0	41	0	0	41	0	0	41	0	0	41	0	0	41	0	0	
42	0	0	42	0	0	42	0	0	42	0	0	42	0	0	42	0	0	
43	0	0	43	0	0	43	0	0	43	0	0	43	0	0	43	0	0	
44	0	0	44	0	0	44	0	0	44	0	0	44	0	0	44	0	0	
45	0	0	45	0	0	45	0	0	45	0	0	45	0	0	45	0	0	
46	0	0	46	0	0	46	0	0	46	0	0	46	0	0	46	0	0	
47	0	0	47	0	0	47	0	0	47	0	0	47	0	0	47	0	0	
48	0	0	48	0	0	48	0	0	48	0	0	48	0	0	48	0	0	
49	0	0	49	0	0	49	0	0	49	0	0	49	0	0	49	0	0	
50	0	0	50	0	0	50	0	0	50	0	0	50	0	0	50	0	0	
51	0	0	51	0	0	51	0	0	51	0	0	51	0	0	51	0	0	
52	0	0	52	0	0	52	0	0	52	0	0	52	0	0	52	0	0	
53	0	0	53	0	0	53	0	0	53	0	0	53	0	0	53	0	0	
54	0	0	54	0	0	54	0	0	54	0	0	54	0	0	54	0	0	
55	0	0	55	0	0	55	0	0	55	0	0	55	0	0	55	0	0	
56	0	0	56	0	0	56	0	0	56	0	0	56	0	0	56	0	0	
57	0	0	57	0	0	57	0	0	57	0	0	57	0	0	57	0	0	
58	0.00115758	0	58	-0.00496566	0	58	-0.000109524	0	58	0.00718052	0	58	-0.0143136	0	58	-0.0209588	0	
59	0.0010686	0	59	-0.00548004	0	59	7.97451e-06	0	59	0.00802952	0	59	-0.0146296	0	59	-0.0262819	0	
60	0.000757725	0	60	-0.00565073	0	60	-0.000284505	0	60	0.00903058	0	60	-0.0120185	0	60	-0.0278714	0	
61	0.00067337	0	61	-0.00552004	0	61	-0.000467598	0	61	0.0111987	0	61	-0.0105027	0	61	-0.0300544	0	
62	0.000661234	0	62	-0.00554167	0	62	-0.000529041	0	62	0.012718	0	62	-0.00637175	0	62	-0.0329562	0	
63	0.00064959	0	63	-0.00608516	0	63	-0.000471412	0	63	0.0155902	0	63	-0.00921732	0	63	-0.0383603	0	
64	0.000680836	0	64	-0.00658587	0	64	-0.000299557	0	64	0.0180474	0	64	-0.00952855	0	64	-0.0440877	0	
65	0.000754324	0	65	-0.00690836	0	65	-0.000204605	0	65	0.0190978	0	65	-0.00897721	0	65	-0.0471024	0	
66	0.000986723	0	66	-0.00703891	0	66	-0.00013522	0	66	0.0192135	0	66	-0.00770337	0	66	-0.0478046	0	
67	0.00109044	0	67	-0.00733579	0	67	-3.23532e-05	0	67	0.0187533	0	67	-0.00779379	0	67	-0.0515393	0	
68	0.00120233	0	68	-0.00727703	0	68	4.25072e-05	0	68	0.0189386	0	68	-0.00716342	0	68	-0.0500226	0	
69	0.00123337	0	69	-0.00666662	0	69	0.000119469	0	69	0.0176641	0	69	-0.0065853	0	69	-0.0467903	0	
70	0.00127174	0	70	-0.00624246	0	70	3.51873e-06	0	70	0.017285	0	70	-0.00514465	0	70	-0.0462653	0	
71	0.0015445	0	71	-0.00596436	0	71	7.94146e-05	0	71	0.0176918	0	71	-0.000280419	0	71	-0.0483781	0	
72	0.00155597	0	72	-0.00568603	0	72	0.000238722	0	72	0.01877	0	72	-0.00413185	0	72	-0.0479508	0	
73	0.00163039	0	73	-0.00540841	0	73	0.000151549	0	73	0.0208177	0	73	-0.00403251	0	73	-0.0475966	0	
74	0.00166676	0	74	-0.00543346	0	74	0.000114028	0	74	0.0209125	0	74	-0.00176766	0	74	-0.0486194	0	
75	0.00166081	0	75	-0.00542338	0	75	-5.37936e-06	0	75	0.0211055	0	75	-0.000221785	0	75	-0.0494197	0	
76	0.00172388	0	76	-0.00533624	0	76	1.63621e-05	0	76	0.0228914	0	76	-0.000633127	0	76	-0.0488445	0	
77	0.00180162	0	77	-0.00530063	0	77	-2.11407e-05	0	77	0.0256026	0	77	-0.000739314	0	77	-0.0488551	0	
78	0.00198432	0	78	-0.0052828	0	78	0.000171159	0	78	0.0270076	0	78	-0.00100268	0	78	-0.0498915	0	
79	0.00207132	0	79	-0.00512414	0	79	0.000418982	0	79	0.0276249	0	79	-0.00257225	0	79	-0.0492337	0	
80	0.00212568	0	80	-0.00478971	0	80	0.000504046	0	80	0.0270173	0	80	-0.00236797	0	80	-0.0455463	0	
81	0.00212308	0	81	-0.00425152	0	81	0.000656828	0	81	0.026346	0	81	-0.00224248	0	81	-0.0425047	0	
82	0.00223938	0	82	-0.00377475	0	82	0.000814196	0	82	0.0261117	0	82	-0.00271713	0	82	-0.039124	0	
83	0.00231033	0	83	-0.00326644	0	83	0.00087838	0	83	0.0261853	0	83	-0.00323453	0	83	-0.0367545	0	
84	0.00219818	0	84	-0.00303238	0	84	0.000818988	0	84	0.0261974	0	84	-0.00145082	0	84	-0.0361087	0	
85	0.00190777	0	85	-0.00282969	0	85	0.000674686	0	85	0.0245554	0	85	-0.00138472	0	85	-0.0368142	0	
86	0.0018731	0	86	-0.00257058	0	86	0.000595003	0	86	0.025339	0	86	0.000139706	0	86	-0.0324292	0	
87	0.00182042	0	87	-0.00232025	0	87	0.000738976	0	87	0.0246419	0	87	-0.000264134	0	87	-0.0313984	0	
88	0.00179541	0	88	-0.00214127	0	88	0.000862493	0	88	0.023874	0	88	-0.00153965	0	88	-0.0306965	0	
89	0.00178662	0	89	-0.00212933	0	89	0.000936645	0	89	0.0238917	0	89	-0.0019144	0	89	-0.0305678	0	
90	0.00171723	0	90	-0.00213892	0	90	0.000941105	0	90	0.0224912	0	90	-0.00273681	0	90	-0.0303257	0	
91	0.0016345	0	91	-0.00244305	0	91	0.00092922	0	91	0.0220916	0	91	-0.00263587	0	91	-0.0312957	0	
92	0.00152284	0	92	-0.00232953	0	92	0.000768867	0	92	0.0208057	0	92	-0.00180745	0	92	-0.0312064	0	
93	0.00184821	0	93	-0.00193575	0	93	0.000651482	0	93	0.0173591	0	93	0.00052167	0	93	-0.0241056	0	
94	0.00140622	0	94	-0.00192166	0	94	0.000408516	0	94	0.0200758	0	94	0.0017928	0	94	-0.027592	0	
95	0.00166592	0	95	-0.00183144	0	95	0.00040285	0	95	0.0177427	0	95	0.00300258	0	95	-0.0223736	0	
96	0.00121481	0	96	-0.00200195	0	96	0.000203838	0	96	0.0198872	0	96	0.00107012	0	96	-0.0280667	0	
97	0.00161668	0	97	-0.00181315	0	97	0.000221851	0	97	0.0156074	0	97	0.0113628	0	97	-0.0249896	0	
98	0.00184903	0	98	-0.00135559	0	98	0.00123055	0	98	0.000748165	0	98	0.0179533	0	98	-0.027777	0	
99	0.00150825	0	99	-0.00170969	0	99	0.000956086	0	99	0.00660119	0	99	0.0166732	0	99	-0.0285592	0	
100	0.00145619	0	100	-0.0016437	0	100	0.00088076	0	100	0.00494984	0	100	0.0168741	0	100	-0.0283222	0	
101	0.00140522	0	101	-0.00159501	0	101	0.000853498	0	101	0.00376109	0	101	0.0172939	0	101	-0.0279819	0	
102	0.00126498	0	102	-0.00152693	0	102	0.000564517	0	102	0.00572196	0	102	0.0175397	0	102	-0.0283816	0	
103	0.00122386	0	103	-0.00151993	0	103	0.000476543	0	103	0.00458695	0	103	0.0181438	0	103	-0.0281655	0	
104	0.00116124	0	104	-0.0015707	0	104	0.000417884	0	104	0.00458605	0	104	0.0177171	0	104	-0.0278397	0	
105	0.00112482	0	105	-0.00169465	0	105	0.000346207	0	105	0.00437982	0	105	0.0170173	0	105	-0.0275715	0	
106	0.00110544	0	106	-0.00175778	0	106	0.000350526	0	106	0.00421423	0	106	0.0160677	0	106	-0.026698	0	
107	0.00111952	0	107	-0.0017537	0	107	0.000387201	0	107	0.00335807	0	107	0.0155159	0	107	-0.0254352	0	
108	0.00111765	0	108	-0.00174264	0	108	0.00036976	0	108	0.00293846	0	108	0.0144618	0	108	-0.0247193	0	
109	0.00109308	0	109	-0.0017538	0	109	0.000413661	0	109	0.00261534	0	109	0.0133443	0	109	-0.0241181	0	
110	0.00105737	0	110	-0.00172438	0	110	0.000391702	0	110	0.00252382	0	110	0.0125615	0	110	-0.0235018	0	
111	0.000995551	0	111	-0.00169072	0	111	0.000369315	0	111	0.00249529	0	111	0.0118854	0	111	-0.0231531	0	
112	0.000933366	0	112	-0.00164664	0	112	0.000341128	0	112	0.00227173	0	112	0.0112243	0	112	-0.0224221	0	
113	0.000908513	0	113	-0.00156981	0	113	0.000249202	0	113	0.00218295	0	113	0.0107466	0	113	-0.0212822	0	
114	0.000853404	0	114	-0.00157624	0	114	0.00023736	0	114	0.00208025	0	114	0.0103532	0	114	-0.020061	0	
115	0.000832721	0	115	-0.00156584	0	115	0.000171655	0	115	0.00157137	0	115	0.00981924	0	115	-0.0186971	0	
116	0.000825634	0	116	-0.00159051	0	116	0.000169572	0	116	0.00105924	0	116	0.00914313	0	116	-0.0173713	0	
117	0.000829717	0	117	-0.00159011	0	117	0.000205509	0	117	0.000611152	0	117	0.00819353	0	117	-0.0165738	0	
118	0.000838755	0	118	-0.00164464	0	118	0.000254678	0	118	8.15532e-05	0	118	0.00731029	0	118	-0.0158381	0	
119	0	0	119	0	0	119	0	0	119	0	0	119	0	0	119	0	0	
120	0.000677989	0	120	-0.00240609	0	120	0.000169925	0	120	0.00435834	0	120	0.00444504	0	120	-0.0233481	0	
121	0.000863996	0	121	-0.00247272	0	121	0.000414043	0	121	0.00437055	0	121	0.00402482	0	121	-0.0247037	0	
122	0.000891554	0	122	-0.00301105	0	122	-0.000623584	0	122	0.0241222	0	122	0.0024807	0	122	-0.028556	0	
123	0.000913508	0	123	-0.00318902	0	123	-0.000345204	0	123	0.0185159	0	123	0.00195809	0	123	-0.0301922	0	
124	0.00102502	0	124	-0.00305013	0	124	0.000453607	0	124	0.00602419	0	124	0.00532541	0	124	-0.030078	0	
125	0.00101501	0	125	-0.00306069	0	125	0.000468412	0	125	0.00601641	0	125	0.00697638	0	125	-0.030852	0	
126	0.00104934	0	126	-0.00301345	0	126	0.000401569	0	126	0.00684294	0	126	0.00717381	0	126	-0.0300081	0	
127	0.00115294	0	127	-0.00304177	0	127	0.000294525	0	127	0.00748514	0	127	0.00826475	0	127	-0.0280444	0	
128	0.00118322	0	128	-0.00310696	0	128	0.000254582	0	128	0.00847149	0	128	0.00799073	0	128	-0.0275832	0	
129	0.00121735	0	129	-0.0032097	0	129	0.000371519	0	129	0.00946116	0	129	0.00687945	0	129	-0.0277787	0	
130	0.000754549	0	130	-0.00373881	0	130	-0.00076093	0	130	0.031506	0	130	-0.000856301	0	130	-0.0341856	0	
131	0.00074499	0	131	-0.00345369	0	131	-0.000795255	0	131	0.0288361	0	131	0.000609199	0	131	-0.032832	0	
132	0.000876243	0	132	-0.00312046	0	132	-0.000100994	0	132	0.0134447	0	132	0.00422641	0	132	-0.0303008	0	
133	0.00100324	0	133	-0.00288148	0	133	0.000283002	0	133	0.00651222	0	133	0.00800014	0	133	-0.0290824	0	
134	0.00116108	0	134	-0.00281442	0	134	0.000331037	0	134	0.00717441	0	134	0.00864836	0	134	-0.0274734	0	
135	0.000936745	0	135	-0.00330644	0	135	-0.000905843	0	135	0.0307365	0	135	0.00267365	0	135	-0.0317127	0	
136	0.0010973	0	136	-0.00322782	0	136	-0.000741805	0	136	0.0296219	0	136	0.00157536	0	136	-0.0326126	0	
137	0.00110246	0	137	-0.00330227	0	137	-0.00057051	0	137	0.0293007	0	137	0.00106864	0	137	-0.0327626	0	
138	0.00119354	0	138	-0.00321518	0	138	-0.000823242	0	138	0.029662	0	138	0.00580135	0	138	-0.0343728	0	
139	0.00112897	0	139	-0.00355083	0	139	-0.000640039	0	139	0.0305518	0	139	0.00241275	0	139	-0.0358765	0	
140	0.00110046	0	140	-0.00355984	0	140	-0.00057477	0	140	0.0289835	0	140	0.00269831	0	140	-0.0351426	0	
141	0.00113132	0	141	-0.00331706	0	141	-0.00066976	0	141	0.0269744	0	141	0.00581225	0	141	-0.0329743	0	
142	0.00102722	0	142	-0.00310102	0	142	-0.00075794	0	142	0.0260722	0	142	0.00626582	0	142	-0.0316449	0	
143	0.00089118	0	143	-0.00306484	0	143	-0.000713931	0	143	0.0251903	0	143	0.00518643	0	143	-0.0311024	0	
144	0.00084988	0	144	-0.00285507	0	144	-0.000693797	0	144	0.0238719	0	144	0.00535183	0	144	-0.0292099	0	
145	0.000801484	0	145	-0.00277256	0	145	-0.000580091	0	145	0.0224622	0	145	0.00483784	0	145	-0.0282422	0	
146	0.000791684	0	146	-0.0026922	0	146	-0.000472328	0	146	0.0212736	0	146	0.00370294	0	146	-0.0268772	0	
147	0.000745116	0	147	-0.00256671	0	147	-0.00039393	0	147	0.0202752	0	147	0.00354163	0	147	-0.0255394	0	
148	0.000737942	0	148	-0.00236197	0	148	-0.000411092	0	148	0.018688	0	148	0.00456207	0	148	-0.0237203	0	
149	0.000630161	0	149	-0.00228212	0	149	-0.000338989	0	149	0.0177903	0	149	0.00416676	0	149	-0.0230158	0	
150	0.000512632	0	150	-0.00213982	0	150	-0.000320408	0	150	0.017259	0	150	0.00334309	0	150	-0.0214801	0	
151	0.00058006	0	151	-0.00170268	0	151	-0.000293394	0	151	0.0165417	0	151	0.00660324	0	151	-0.0192383	0	
152	0.000377419	0	152	-0.00178904	0	152	-4.76305e-05	0	152	0.0164578	0	152	0.000195681	0	152	-0.0184595	0	
153	0.00033232	0	153	-0.00174242	0	153	-6.04465e-05	0	153	0.0155535	0	153	0.000493434	0	153	-0.0174347	0	
154	0.000342538	0	154	-0.00158343	0	154	-4.40276e-05	0	154	0.014918	0	154	0.000685232	0	154	-0.0164596	0	
155	-5.11229e-05	0	155	-0.00189871	0	155	0.000141099	0	155	0.0156466	0	155	-0.013649	0	155	-0.016124	0	
156	0.000134654	0	156	-0.00182055	0	156	0.000273435	0	156	0.0147361	0	156	-0.0140917	0	156	-0.0147548	0	
157	0.000197172	0	157	-0.0015998	0	157	0.00029252	0	157	0.0141074	0	157	-0.0130063	0	157	-0.0133863	0	
158	0.000245464	0	158	-0.00146926	0	158	0.000345659	0	158	0.0131753	0	158	-0.0123014	0	158	-0.0126449	0	
159	0.000630182	0	159	-0.000887309	0	159	0.000346536	0	159	0.0112873	0	159	0.00252357	0	159	-0.0110393	0	
160	0	0	160	0	0	160	0	0	160	0	0	160	0	0	160	0	0	
161	0	0	161	0	0	161	0	0	161	0	0	161	0	0	161	0	0	
162	0	0	162	0	0	162	0	0	162	0	0	162	0	0	162	0	0	
163	0	0	163	0	0	163	0	0	163	0	0	163	0	0	163	0	0	
164	0	0	164	0	0	164	0	0	164	0	0	164	0	0	164	0	0	
165	0	0	165	0	0	165	0	0	165	0	0	165	0	0	165	0	0	
166	0	0	166	0	0	166	0	0	166	0	0	166	0	0	166	0	0	
167	0	0	167	0	0	167	0	0	167	0	0	167	0	0	167	0	0	
168	0	0	168	0	0	168	0	0	168	0	0	168	0	0	168	0	0	
169	0	0	169	0	0	169	0	0	169	0	0	169	0	0	169	0	0	
170	0	0	170	0	0	170	0	0	170	0	0	170	0	0	170	0	0	
171	0	0	171	0	0	171	0	0	171	0	0	171	0	0	171	0	0	
172	0	0	172	0	0	172	0	0	172	0	0	172	0	0	172	0	0	
173	0	0	173	0	0	173	0	0	173	0	0	173	0	0	173	0	0	
174	0	0	174	0	0	174	0	0	174	0	0	174	0	0	174	0	0	
175	0	0	175	0	0	175	0	0	175	0	0	175	0	0	175	0	0	
176	0.000722929	0	176	0.00218622	0	176	0.0014562	0	176	-0.0181857	0	176	0.00188792	0	176	0.0144646	0	
177	0.000640137	0	177	0.00253198	0	177	0.00155649	0	177	-0.0199739	0	177	0.000564905	0	177	0.0185389	0	
178	0.000552824	0	178	0.0028842	0	178	0.00153696	0	178	-0.0218881	0	178	-0.000461411	0	178	0.0224352	0	
179	0.000381514	0	179	0.0031621	0	179	0.00145897	0	179	-0.0231372	0	179	-0.00166615	0	179	0.0252437	0	
180	0.000235044	0	180	0.00340172	0	180	0.0014103	0	180	-0.0244994	0	180	-0.00248603	0	180	0.0283169	0	
181	8.52615e-05	0	181	0.00353146	0	181	0.00140089	0	181	-0.0254838	0	181	-0.00341652	0	181	0.0309536	0	
182	4.47959e-06	0	182	0.00364756	0	182	0.00130747	0	182	-0.0261294	0	182	-0.00385595	0	182	0.0325669	0	
183	-0.000787795	0	183	0.00260205	0	183	0.000168658	0	183	-0.00672859	0	183	-0.0203027	0	183	0.0298767	0	
184	-0.000198631	0	184	0.00374706	0	184	0.000675671	0	184	-0.0235593	0	184	-0.00057382	0	184	0.0351398	0	
185	-0.000243371	0	185	0.0041776	0	185	0.000937425	0	185	-0.0271448	0	185	-0.00283279	0	185	0.0376702	0	
186	-0.000851888	0	186	0.00309263	0	186	-0.000203486	0	186	-0.00731925	0	186	-0.0175586	0	186	0.036638	0	
187	-9.38408e-05	0	187	0.003607	0	187	-2.34254e-05	0	187	-0.017238	0	187	-0.00356912	0	187	0.043911	0	
188	-0.000646592	0	188	0.00406038	0	188	0.000191219	0	188	-0.0247759	0	188	-0.0019331	0	188	0.0415474	0	
189	-0.00114828	0	189	0.00418649	0	189	0.000476191	0	189	-0.0324761	0	189	-0.00217665	0	189	0.0366362	0	
190	-0.000981989	0	190	0.00426508	0	190	0.000565782	0	190	-0.0332882	0	190	-0.00220752	0	190	0.0404797	0	
191	-0.000834304	0	191	0.00429473	0	191	0.000562622	0	191	-0.0317008	0	191	-0.00173118	0	191	0.0424002	0	
192	-0.00135038	0	192	0.0035905	0	192	-0.000416751	0	192	-0.0130906	0	192	-0.0134826	0	192	0.0385902	0	
193	-0.00126817	0	193	0.00356704	0	193	-0.000284875	0	193	-0.0114867	0	193	-0.0161698	0	193	0.0401099	0	
194	-0.00131594	0	194	0.00361007	0	194	-0.000269781	0	194	-0.0110631	0	194	-0.0160011	0	194	0.0397298	0	
195	-0.00130497	0	195	0.00358075	0	195	-0.000333326	0	195	-0.0119867	0	195	-0.0152393	0	195	0.0395703	0	
196	-0.00134645	0	196	0.00365073	0	196	-0.000230526	0	196	-0.0138623	0	196	-0.0146058	0	196	0.0406566	0	
197	-0.00135192	0	197	0.00366599	0	197	-0.000230848	0	197	-0.0154362	0	197	-0.0126686	0	197	0.0410579	0	
198	-0.00145782	0	198	0.00386473	0	198	-0.000283168	0	198	-0.0166216	0	198	-0.0133284	0	198	0.0423676	0	
199	-0.00165679	0	199	0.0038335	0	199	-0.000386517	0	199	-0.0159354	0	199	-0.0151502	0	199	0.0423131	0	
200	-0.0016015	0	200	0.00384247	0	200	-0.000526924	0	200	-0.016657	0	200	-0.0095135	0	200	0.0419176	0	
201	-0.00165678	0	201	0.0038785	0	201	-0.000625035	0	201	-0.0158773	0	201	-0.00835302	0	201	0.0414398	0	
202	-0.00173077	0	202	0.0038167	0	202	-0.00067269	0	202	-0.0154059	0	202	-0.00779433	0	202	0.0407578	0	
203	-0.00177588	0	203	0.00358134	0	203	-0.000744111	0	203	-0.0158663	0	203	-0.00708782	0	203	0.0395207	0	
204	-0.00178754	0	204	0.00335433	0	204	-0.000858927	0	204	-0.0159537	0	204	-0.00611443	0	204	0.0380249	0	
205	-0.00174192	0	205	0.00314043	0	205	-0.000972171	0	205	-0.0163475	0	205	-0.0044966	0	205	0.0367623	0	
206	-0.00169872	0	206	0.00298096	0	206	-0.00108099	0	206	-0.0163148	0	206	-0.00331304	0	206	0.0358466	0	
207	-0.00168773	0	207	0.00293371	0	207	-0.00116383	0	207	-0.0164285	0	207	-0.00213042	0	207	0.0358732	0	
208	-0.001689	0	208	0.0031717	0	208	-0.00130377	0	208	-0.0158267	0	208	-0.00107958	0	208	0.0368688	0	
209	-0.00168396	0	209	0.00328439	0	209	-0.00128672	0	209	-0.0153139	0	209	-0.00095611	0	209	0.0363226	0	
210	-0.00160024	0	210	0.00327913	0	210	-0.0013072	0	210	-0.0148889	0	210	-5.60439e-06	0	210	0.035645	0	
211	-0.00157049	0	211	0.00315683	0	211	-0.00121162	0	211	-0.015167	0	211	1.12093e-05	0	211	0.0341117	0	
212	-0.00160471	0	212	0.0030722	0	212	-0.00100382	0	212	-0.0148652	0	212	-0.000224679	0	212	0.0339538	0	
213	-0.00151026	0	213	0.00284392	0	213	-0.000835229	0	213	-0.0143421	0	213	-0.000837834	0	213	0.0319576	0	
214	-0.00131194	0	214	0.00239887	0	214	-0.000637484	0	214	-0.0145172	0	214	-0.00273981	0	214	0.029342	0	
215	-0.00126598	0	215	0.00176517	0	215	-0.000828253	0	215	-0.0147702	0	215	-0.00167666	0	215	0.0256516	0	
216	-0.00124306	0	216	0.00166977	0	216	-0.00103978	0	216	-0.0141622	0	216	-0.000540978	0	216	0.0243865	0	
217	-0.0012824	0	217	0.00203067	0	217	-0.00104652	0	217	-0.0112585	0	217	0.000974325	0	217	0.0237824	0	
218	-0.0012661	0	218	0.00217797	0	218	-0.00104151	0	218	-0.0101827	0	218	-5.52946e-05	0	218	0.0232711	0	
219	-0.00116684	0	219	0.00209156	0	219	-0.0013085	0	219	-0.00965	0	219	0.00238042	0	219	0.0221952	0	
220	-0.00117194	0	220	0.0020043	0	220	-0.00144758	0	220	-0.00865771	0	220	0.00307623	0	220	0.0206921	0	
221	-0.00078801	0	221	0.00147726	0	221	-0.00172044	0	221	-0.00669616	0	221	0.0063067	0	221	0.016873	0	
222	-0.00066826	0	222	0.000728484	0	222	-0.001199	0	222	-0.00974275	0	222	0.00221168	0	222	0.0150042	0	
223	-0.000691501	0	223	-0.000142318	0	223	-0.00113258	0	223	-0.0119756	0	223	0.000546759	0	223	0.0106615	0	
224	0	0	224	0	0	224	0	0	224	0	0	224	0	0	224	0	0	
225	0	0	225	0	0	225	0	0	225	0	0	225	0	0	225	0	0	
226	0	0	226	0	0	226	0	0	226	0	0	226	0	0	226	0	0	
227	-0.000968506	0	227	-0.000212985	0	227	-0.00254648	0	227	-0.0124256	0	227	0.00933701	0	227	0.00639357	0	
228	0	0	228	0	0	228	0	0	228	0	0	228	0	0	228	0	0	
229	0	0	229	0	0	229	0	0	229	0	0	229	0	0	229	0	0	
230	-0.00155771	0	230	-0.000514511	0	230	-0.00259712	0	230	-0.0124458	0	230	0.00899154	0	230	0.00640418	0	
231	0	0	231	0	0	231	0	0	231	0	0	231	0	0	231	0	0	
232	-0.00156797	0	232	0.000195807	0	232	-0.00253673	0	232	-0.010736	0	232	0.00846622	0	232	0.00916319	0	
233	0	0	233	0	0	233	0	0	233	0	0	233	0	0	233	0	0	
234	0	0	234	0	0	234	0	0	234	0	0	234	0	0	234	0	0	
235	0	0	235	0	0	235	0	0	235	0	0	235	0	0	235	0	0	
236	0	0	236	0	0	236	0	0	236	0	0	236	0	0	236	0	0	
237	0	0	237	0	0	237	0	0	237	0	0	237	0	0	237	0	0	
238	0	0	238	0	0	238	0	0	238	0	0	238	0	0	238	0	0	
239	0	0	239	0	0	239	0	0	239	0	0	239	0	0	239	0	0	
240	0	0	240	0	0	240	0	0	240	0	0	240	0	0	240	0	0	
241	0	0	241	0	0	241	0	0	241	0	0	241	0	0	241	0	0	
242	-0.00113556	0	242	0.000134495	0	242	-0.00248505	0	242	-0.0103926	0	242	0.00954078	0	242	0.0115096	0	
243	-0.00119259	0	243	-0.00067842	0	243	-0.00161266	0	243	-0.011559	0	243	0.00379297	0	243	0.00952092	0	
244	0	0	244	0	0	244	0	0	244	0	0	244	0	0	244	0	0	
245	-0.00156994	0	245	-0.00042828	0	245	-0.00223401	0	245	-0.00981423	0	245	0.00714741	0	245	0.0107063	0	
246	0	0	246	0	0	246	0	0	246	0	0	246	0	0	246	0	0	
247	0	0	247	0	0	247	0	0	247	0	0	247	0	0	247	0	0	
248	0	0	248	0	0	248	0	0	248	0	0	248	0	0	248	0	0	
249	0	0	249	0	0	249	0	0	249	0	0	249	0	0	249	0	0	
250	0	0	250	0	0	250	0	0	250	0	0	250	0	0	250	0	0	
251	-0.0013776	0	251	6.80812e-05	0	251	-0.00151171	0	251	-0.00817829	0	251	0.00167398	0	251	0.0135531	0	
252	0	0	252	0	0	252	0	0	252	0	0	252	0	0	252	0	0	
253	0	0	253	0	0	253	0	0	253	0	0	253	0	0	253	0	0	
254	0	0	254	0	0	254	0	0	254	0	0	254	0	0	254	0	0	
255	0	0	255	0	0	255	0	0	255	0	0	255	0	0	255	0	0	
256	0	0	256	0	0	256	0	0	256	0	0	256	0	0	256	0	0	
257	-0.00169625	0	257	0.000450034	0	257	-0.00153999	0	257	-0.00981353	0	257	0.00183937	0	257	0.0146296	0	
258	-0.00166924	0	258	0.000266872	0	258	-0.0016039	0	258	-0.0106523	0	258	0.00179415	0	258	0.0149474	0	
259	-0.00163594	0	259	0.00025039	0	259	-0.00155478	0	259	-0.0111572	0	259	0.00141156	0	259	0.0157922	0	
260	-0.00165274	0	260	0.000451446	0	260	-0.00164279	0	260	-0.0139373	0	260	0.0026714	0	260	0.0211982	0	
261	-0.00177595	0	261	0.00064675	0	261	-0.00188152	0	261	-0.0147779	0	261	0.00352855	0	261	0.0226234	0	
262	-0.00211147	0	262	0.00112213	0	262	-0.00220005	0	262	-0.014283	0	262	0.00493167	0	262	0.0245319	0	
263	-0.00244544	0	263	0.00210323	0	263	-0.0022512	0	263	-0.0132482	0	263	0.00539991	0	263	0.0310212	0	
264	-0.00240403	0	264	0.00292126	0	264	-0.00218948	0	264	-0.0134406	0	264	0.00593706	0	264	0.0344617	0	
265	-0.00230971	0	265	0.00328591	0	265	-0.00203715	0	265	-0.0124697	0	265	0.00381874	0	265	0.0354687	0	
266	-0.00226452	0	266	0.00335217	0	266	-0.00197471	0	266	-0.011488	0	266	0.00418763	0	266	0.0357928	0	
267	-0.00224993	0	267	0.00352693	0	267	-0.00168449	0	267	-0.0118046	0	267	0.00247387	0	267	0.0359111	0	
268	-0.00211474	0	268	0.00366012	0	268	-0.00156002	0	268	-0.0106374	0	268	0.00210894	0	268	0.0364824	0	
269	-0.00206007	0	269	0.00375234	0	269	-0.00139945	0	269	-0.0101312	0	269	0.000480723	0	269	0.0365422	0	
270	-0.0020235	0	270	0.00386976	0	270	-0.00118878	0	270	-0.0102641	0	270	-0.0012022	0	270	0.035143	0	
271	-0.00167839	0	271	0.00402275	0	271	-0.000972453	0	271	-0.00932333	0	271	-0.000475543	0	271	0.0381477	0	
272	-0.00154637	0	272	0.00419394	0	272	-0.000740183	0	272	-0.00875637	0	272	-0.00200012	0	272	0.0378547	0	
273	-0.00151485	0	273	0.00438936	0	273	-0.000703504	0	273	-0.00799507	0	273	-0.00194805	0	273	0.0386887	0	
274	-0.00146102	0	274	0.00436693	0	274	-0.000779017	0	274	-0.00712724	0	274	-0.000760637	0	274	0.0379389	0	
275	-0.00138246	0	275	0.00413514	0	275	-0.000995	0	275	-0.00709598	0	275	0.00189284	0	275	0.0351607	0	
276	-0.00126578	0	276	0.00383856	0	276	-0.00112507	0	276	-0.00564176	0	276	0.00236907	0	276	0.0325132	0	
277	-0.00123839	0	277	0.00380711	0	277	-0.000921144	0	277	-0.00577326	0	277	0.00257404	0	277	0.0323601	0	
278	-0.00112337	0	278	0.00375968	0	278	-0.000710741	0	278	-0.00546938	0	278	0.00192259	0	278	0.0303653	0	
279	-0.00121015	0	279	0.00371586	0	279	-0.00101802	0	279	-0.00546886	0	279	0.00230675	0	279	0.0282179	0	
280	-0.00127448	0	280	0.00358378	0	280	-0.00118899	0	280	-0.00443953	0	280	0.00316728	0	280	0.0290994	0	
281	-0.00138982	0	281	0.00318537	0	281	-0.00129217	0	281	-0.00504047	0	281	0.0038263	0	281	0.0268684	0	
282	-0.00134068	0	282	0.00285314	0	282	-0.0013502	0	282	-0.00453094	0	282	0.0040514	0	282	0.0239298	0	
283	-0.00108555	0	283	0.00268797	0	283	-0.00121187	0	283	-0.00501588	0	283	0.00487973	0	283	0.0249149	0	
284	-0.000998451	0	284	0.00273247	0	284	-0.000974648	0	284	-0.00599551	0	284	0.00414318	0	284	0.0258782	0	
285	-0.00106805	0	285	0.00284317	0	285	-0.000919124	0	285	-0.00485477	0	285	0.00294043	0	285	0.0251488	0	
286	-0.0010377	0	286	0.002957	0	286	-0.000948984	0	286	-0.00317917	0	286	0.00302907	0	286	0.0244613	0	
287	-0.000668267	0	287	0.00306002	0	287	-0.000554584	0	287	-0.00271883	0	287	0.00175954	0	287	0.0238479	0	
288	-0.000233297	0	288	0.00282281	0	288	-8.66911e-05	0	288	-0.00267601	0	288	-0.000907979	0	288	0.0221907	0	
289	-0.000108082	0	289	0.00232142	0	289	0.000485533	0	289	-0.00291203	0	289	-0.00566547	0	289	0.0194751	0	
290	-0.00046154	0	290	0.00190974	0	290	0.000830153	0	290	-0.00329048	0	290	-0.00933809	0	290	0.0159982	0	
291	-0.000526983	0	291	0.00165743	0	291	0.00075191	0	291	-0.00129086	0	291	-0.0096207	0	291	0.0155674	0	
292	-0.000366374	0	292	0.00162226	0	292	0.000978061	0	292	-0.00133351	0	292	-0.0108134	0	292	0.0155819	0	
293	-0.000299036	0	293	0.00125055	0	293	0.000631189	0	293	-0.00308067	0	293	-0.00915454	0	293	0.0106601	0	
294	0	0	294	0	0	294	0	0	294	0	0	294	0	0	294	0	0	
295	0	0	295	0	0	295	0	0	295	0	0	295	0	0	295	0	0	
296	0	0	296	0	0	296	0	0	296	0	0	296	0	0	296	0	0	
297	0	0	297	0	0	297	0	0	297	0	0	297	0	0	297	0	0	
298	0	0	298	0	0	298	0	0	298	0	0	298	0	0	298	0	0	
299	0	0	299	0	0	299	0	0	299	0	0	299	0	0	299	0	0	
300	0	0	300	0	0	300	0	0	300	0	0	300	0	0	300	0	0	
301	0	0	301	0	0	301	0	0	301	0	0	301	0	0	301	0	0	
302	0	0	302	0	0	302	0	0	302	0	0	302	0	0	302	0	0	
303	0	0	303	0	0	303	0	0	303	0	0	303	0	0	303	0	0	
304	0	0	304	0	0	304	0	0	304	0	0	304	0	0	304	0	0	
305	0	0	305	0	0	305	0	0	305	0	0	305	0	0	305	0	0	
306	0	0	306	0	0	306	0	0	306	0	0	306	0	0	306	0	0	
307	-0.000668148	0	307	0.00325455	0	307	-0.000209544	0	307	-0.0021185	0	307	0.000695822	0	307	0.0257832	0	
308	-0.000535438	0	308	0.0031143	0	308	-0.00021199	0	308	-0.001969	0	308	0.00121048	0	308	0.024219	0	
309	-0.000509096	0	309	0.00284814	0	309	-4.09158e-05	0	309	-0.00253511	0	309	0.000285093	0	309	0.0233312	0	
310	-0.00042435	0	310	0.002574	0	310	4.57133e-05	0	310	-0.0024249	0	310	-0.00018901	0	310	0.0216496	0	
311	-0.000322867	0	311	0.00215996	0	311	0.000109747	0	311	-0.00272909	0	311	-0.000104119	0	311	0.0184575	0	
312	-0.000254871	0	312	0.00198348	0	312	0.00019895	0	312	-0.00360217	0	312	0.00107265	0	312	0.0164393	0	
313	0	0	313	0	0	313	0	0	313	0	0	313	0	0	313	0	0	
314	0	0	314	0	0	314	0	0	314	0	0	314	0	0	314	0	0	
315	0	0	315	0	0	315	0	0	315	0	0	315	0	0	315	0	0	
316	0	0	316	0	0	316	0	0	316	0	0	316	0	0	316	0	0	
317	0	0	317	0	0	317	0	0	317	0	0	317	0	0	317	0	0	
318	0	0	318	0	0	318	0	0	318	0	0	318	0	0	318	0	0	
319	0	0	319	0	0	319	0	0	319	0	0	319	0	0	319	0	0	
320	0	0	320	0	0	320	0	0	320	0	0	320	0	0	320	0	0	
321	0	0	321	0	0	321	0	0	321	0	0	321	0	0	321	0	0	
322	0	0	322	0	0	322	0	0	322	0	0	322	0	0	322	0	0	
323	0	0	323	0	0	323	0	0	323	0	0	323	0	0	323	0	0	
324	0	0	324	0	0	324	0	0	324	0	0	324	0	0	324	0	0	
325	0	0	325	0	0	325	0	0	325	0	0	325	0	0	325	0	0	
326	0	0	326	0	0	326	0	0	326	0	0	326	0	0	326	0	0	
327	0	0	327	0	0	327	0	0	327	0	0	327	0	0	327	0	0	
328	0	0	328	0	0	328	0	0	328	0	0	328	0	0	328	0	0	
329	0	0	329	0	0	329	0	0	329	0	0	329	0	0	329	0	0	
330	0	0	330	0	0	330	0	0	330	0	0	330	0	0	330	0	0	
331	0	0	331	0	0	331	0	0	331	0	0	331	0	0	331	0	0	
332	0	0	332	0	0	332	0	0	332	0	0	332	0	0	332	0	0	
333	0	0	333	0	0	333	0	0	333	0	0	333	0	0	333	0	0	
334	0	0	334	0	0	334	0	0	334	0	0	334	0	0	334	0	0	
335	0	0	335	0	0	335	0	0	335	0	0	335	0	0	335	0	0	
336	0	0	336	0	0	336	0	0	336	0	0	336	0	0	336	0	0	
337	2.11723e-05	0	337	0.00288509	0	337	0.000495482	0	337	-0.0061184	0	337	-7.43185e-05	0	337	0.0250445	0	
338	-0.000269023	0	338	0.00378044	0	338	0.000197462	0	338	-0.00956168	0	338	0.00254006	0	338	0.0331811	0	
339	-0.000410335	0	339	0.00429922	0	339	-6.31493e-05	0	339	-0.0121876	0	339	0.00266283	0	339	0.0378901	0	
340	-0.000525154	0	340	0.00461847	0	340	-0.000324106	0	340	-0.0149345	0	340	0.00526011	0	340	0.0426893	0	
341	-0.000647039	0	341	0.00480921	0	341	-0.000507414	0	341	-0.0183009	0	341	0.00782346	0	341	0.0462041	0	
342	-0.00069409	0	342	0.0052106	0	342	-0.000555208	0	342	-0.0208516	0	342	0.0105615	0	342	0.0490817	0	
343	-0.000741662	0	343	0.00600884	0	343	-0.000731615	0	343	-0.0214837	0	343	0.0101808	0	343	0.0528464	0	
344	-0.000847989	0	344	0.00618985	0	344	-0.000697906	0	344	-0.0208741	0	344	0.00816654	0	344	0.0553997	0	
345	-0.000861076	0	345	0.00646071	0	345	-0.000762647	0	345	-0.021406	0	345	0.00866139	0	345	0.0583112	0	
346	-0.000784923	0	346	0.00651069	0	346	-0.000747877	0	346	-0.0223506	0	346	0.00832607	0	346	0.058348	0	
347	-0.000719201	0	347	0.00649411	0	347	-0.000671384	0	347	-0.0230302	0	347	0.00692361	0	347	0.0597399	0	
348	-0.000619814	0	348	0.00636261	0	348	-0.000724885	0	348	-0.023927	0	348	0.00681966	0	348	0.0599918	0	
349	-0.000548986	0	349	0.00609102	0	349	-0.000642873	0	349	-0.0244074	0	349	0.00630747	0	349	0.0583968	0	
350	-0.000364072	0	350	0.0059031	0	350	-0.000665246	0	350	-0.0260188	0	350	0.00857382	0	350	0.0588059	0	
351	-0.000265689	0	351	0.0057445	0	351	-0.000618563	0	351	-0.0266156	0	351	0.0069719	0	351	0.057168	0	
352	-0.000175762	0	352	0.0055203	0	352	-0.000520174	0	352	-0.0274503	0	352	0.00678667	0	352	0.0555058	0	
353	-0.000100988	0	353	0.00512845	0	353	-0.000460755	0	353	-0.0256041	0	353	0.00435028	0	353	0.0520031	0	
354	0.000190521	0	354	0.00464814	0	354	-0.000209374	0	354	-0.0254921	0	354	0.00456145	0	354	0.0502428	0	
355	0.000181179	0	355	0.0041179	0	355	-7.27401e-05	0	355	-0.0223698	0	355	0.0013362	0	355	0.0451449	0	
356	0.000217624	0	356	0.00380994	0	356	-7.00266e-05	0	356	-0.022587	0	356	0.00195673	0	356	0.0424029	0	
357	0.000174487	0	357	0.00342297	0	357	-0.000118456	0	357	-0.0218393	0	357	0.00255569	0	357	0.0403717	0	
358	0.000119725	0	358	0.00323808	0	358	-0.000242682	0	358	-0.020926	0	358	0.00231167	0	358	0.0372237	0	
359	0.000156002	0	359	0.00309958	0	359	-0.00020667	0	359	-0.0192925	0	359	0.00178333	0	359	0.0355668	0	
360	0.00015366	0	360	0.0029536	0	360	-0.000154478	0	360	-0.0185412	0	360	0.00117758	0	360	0.0337922	0	
361	0.00023169	0	361	0.00282819	0	361	-0.000187594	0	361	-0.0183187	0	361	0.00266293	0	361	0.032221	0	
362	0.000187796	0	362	0.00267611	0	362	-0.000118567	0	362	-0.0165033	0	362	0.00101273	0	362	0.0302945	0	
363	0.000181116	0	363	0.00261332	0	363	-0.000122328	0	363	-0.015756	0	363	0.000849605	0	363	0.0290856	0	
364	0.000163918	0	364	0.00252	0	364	-0.000150068	0	364	-0.0152482	0	364	0.00209389	0	364	0.0282299	0	
365	5.79582e-05	0	365	0.0024439	0	365	-0.000150256	0	365	-0.014615	0	365	0.00210633	0	365	0.0263107	0	
366	0.00011517	0	366	0.00255418	0	366	-0.000210922	0	366	-0.0145094	0	366	0.00303532	0	366	0.0271932	0	
367	0.000178698	0	367	0.00256744	0	367	-0.000171993	0	367	-0.0142204	0	367	0.0040691	0	367	0.0279622	0	
368	2.37342e-05	0	368	0.00259124	0	368	-0.000142694	0	368	-0.013768	0	368	0.00184282	0	368	0.0272561	0	
369	4.22463e-05	0	369	0.00260775	0	369	-0.000202499	0	369	-0.0136066	0	369	0.0024488	0	369	0.0266734	0	
370	3.83592e-05	0	370	0.00264137	0	370	-0.000208842	0	370	-0.0139472	0	370	0.00365891	0	370	0.027525	0	
371	-9.33739e-05	0	371	0.00267854	0	371	-0.000254193	0	371	-0.0134991	0	371	0.0027814	0	371	0.0287381	0	
372	-0.000189208	0	372	0.00281191	0	372	-0.000387029	0	372	-0.0143672	0	372	0.00401477	0	372	0.0282889	0	
373	-0.000313619	0	373	0.00283113	0	373	-0.000401136	0	373	-0.0139734	0	373	0.00307584	0	373	0.0292533	0	
374	-0.000343031	0	374	0.00293298	0	374	-0.000385157	0	374	-0.0141295	0	374	0.00325074	0	374	0.0293821	0	
375	-0.00037825	0	375	0.00302571	0	375	-0.000394435	0	375	-0.0141392	0	375	0.00353079	0	375	0.0301217	0	
376	-0.000420307	0	376	0.00305562	0	376	-0.000362646	0	376	-0.0137611	0	376	0.00238049	0	376	0.0303308	0	
377	-0.00052801	0	377	0.00299998	0	377	-0.000442576	0	377	-0.0135256	0	377	0.00295656	0	377	0.0299458	0	
378	-0.000619007	0	378	0.00306827	0	378	-0.000600884	0	378	-0.0134381	0	378	0.0036621	0	378	0.0301534	0	
379	-0.000616422	0	379	0.00308805	0	379	-0.00065931	0	379	-0.0128061	0	379	0.00419778	0	379	0.0300889	0	
380	-0.000480565	0	380	0.0030408	0	380	-0.000628423	0	380	-0.0128274	0	380	0.00433645	0	380	0.029463	0	
381	-0.000345558	0	381	0.00293529	0	381	-0.000539984	0	381	-0.01201	0	381	0.00387378	0	381	0.029288	0	
382	-0.000284851	0	382	0.00292954	0	382	-0.000508298	0	382	-0.0123238	0	382	0.0042616	0	382	0.0287358	0	
383	-0.000294429	0	383	0.00284856	0	383	-0.000561082	0	383	-0.0112191	0	383	0.00317922	0	383	0.0277767	0	
384	-0.000279697	0	384	0.00274675	0	384	-0.000513219	0	384	-0.0112644	0	384	0.00296763	0	384	0.0278775	0	
385	-0.000255585	0	385	0.00262341	0	385	-0.000497746	0	385	-0.0115636	0	385	0.0037419	0	385	0.0267512	0	
386	-0.000210297	0	386	0.00250527	0	386	-0.000494787	0	386	-0.0113266	0	386	0.00401591	0	386	0.0256151	0	
387	-0.000192406	0	387	0.00238275	0	387	-0.000449431	0	387	-0.0107428	0	387	0.00377523	0	387	0.0246182	0	
388	-0.000194234	0	388	0.00228984	0	388	-0.000449956	0	388	-0.0101126	0	388	0.00339395	0	388	0.02331	0	
389	-0.000199496	0	389	0.0021626	0	389	-0.000452253	0	389	-0.00963038	0	389	0.00313224	0	389	0.0219676	0	
390	-0.000198089	0	390	0.00207797	0	390	-0.000472563	0	390	-0.00897318	0	390	0.00293731	0	390	0.020806	0	
391	-0.000188578	0	391	0.00196842	0	391	-0.000475294	0	391	-0.00861641	0	391	0.00300415	0	391	0.0196033	0	
392	-0.00016817	0	392	0.00185746	0	392	-0.000439476	0	392	-0.00798902	0	392	0.00268835	0	392	0.0185227	0	
393	-7.36919e-05	0	393	0.00166232	0	393	-0.000344331	0	393	-0.00722686	0	393	0.00298608	0	393	0.0170055	0	
394	-5.98201e-05	0	394	0.00163607	0	394	-0.000322187	0	394	-0.0066731	0	394	0.00260496	0	394	0.0163191	0	
395	-3.85288e-05	0	395	0.00167135	0	395	-0.000237335	0	395	-0.00588166	0	395	0.00180415	0	395	0.0156466	0	
396	0	0	396	0	0	396	0	0	396	0	0	396	0	0	396	0	0	
397	0	0	397	0	0	397	0	0	397	0	0	397	0	0	397	0	0	
398	0	0	398	0	0	398	0	0	398	0	0	398	0	0	398	0	0	
399	0	0	399	0	0	399	0	0	399	0	0	399	0	0	399	0	0	
400	0	0	400	0	0	400	0	0	400	0	0	400	0	0	400	0	0	
401	0	0	401	0	0	401	0	0	401	0	0	401	0	0	401	0	0	
402	0	0	402	0	0	402	0	0	402	0	0	402	0	0	402	0	0	
403	0	0	403	0	0	403	0	0	403	0	0	403	0	0	403	0	0	
404	0	0	404	0	0	404	0	0	404	0	0	404	0	0	404	0	0	
405	0	0	405	0	0	405	0	0	405	0	0	405	0	0	405	0	0	
406	0	0	406	0	0	406	0	0	406	0	0	406	0	0	406	0	0	
407	0	0	407	0	0	407	0	0	407	0	0	407	0	0	407	0	0	
408	0	0	408	0	0	408	0	0	408	0	0	408	0	0	408	0	0	
409	0	0	409	0	0	409	0	0	409	0	0	409	0	0	409	0	0	
410	0	0	410	0	0	410	0	0	410	0	0	410	0	0	410	0	0	
411	0	0	411	0	0	411	0	0	411	0	0	411	0	0	411	0	0	
412	0	0	412	0	0	412	0	0	412	0	0	412	0	0	412	0	0	
413	0	0	413	0	0	413	0	0	413	0	0	413	0	0	413	0	0	
414	0	0	414	0	0	414	0	0	414	0	0	414	0	0	414	0	0	
415	0	0	415	0	0	415	0	0	415	0	0	415	0	0	415	0	0	
416	0	0	416	0	0	416	0	0	416	0	0	416	0	0	416	0	0	
417	0	0	417	0	0	417	0	0	417	0	0	417	0	0	417	0	0	
418	0	0	418	0	0	418	0	0	418	0	0	418	0	0	418	0	0	
419	0	0	419	0	0	419	0	0	419	0	0	419	0	0	419	0	0	
420	0	0	420	0	0	420	0	0	420	0	0	420	0	0	420	0	0	
421	0	0	421	0	0	421	0	0	421	0	0	421	0	0	421	0	0	
422	0	0	422	0	0	422	0	0	422	0	0	422	0	0	422	0	0	
423	0	0	423	0	0	423	0	0	423	0	0	423	0	0	423	0	0	
424	0	0	424	0	0	424	0	0	424	0	0	424	0	0	424	0	0	
425	0	0	425	0	0	425	0	0	425	0	0	425	0	0	425	0	0	
426	0	0	426	0	0	426	0	0	426	0	0	426	0	0	426	0	0	
427	0	0	427	0	0	427	0	0	427	0	0	427	0	0	427	0	0	
428	0	0	428	0	0	428	0	0	428	0	0	428	0	0	428	0	0	
429	0	0	429	0	0	429	0	0	429	0	0	429	0	0	429	0	0	
430	0	0	430	0	0	430	0	0	430	0	0	430	0	0	430	0	0	
431	0	0	431	0	0	431	0	0	431	0	0	431	0	0	431	0	0	
432	0	0	432	0	0	432	0	0	432	0	0	432	0	0	432	0	0	
433	0	0	433	0	0	433	0	0	433	0	0	433	0	0	433	0	0	
434	-0.00149601	0	434	0.00262399	0	434	-0.00242006	0	434	0.000242482	0	434	0.0115041	0	434	0.0153477	0	
435	-0.00143102	0	435	0.00245581	0	435	-0.00225753	0	435	0.000227983	0	435	0.01126	0	435	0.0137282	0	
436	-0.00132065	0	436	0.00219223	0	436	-0.00218712	0	436	0.00123281	0	436	0.010653	0	436	0.0136829	0	
437	0	0	437	0	0	437	0	0	437	0	0	437	0	0	437	0	0	
438	0	0	438	0	0	438	0	0	438	0	0	438	0	0	438	0	0	
439	0	0	439	0	0	439	0	0	439	0	0	439	0	0	439	0	0	
440	0	0	440	0	0	440	0	0	440	0	0	440	0	0	440	0	0	
441	0	0	441	0	0	441	0	0	441	0	0	441	0	0	441	0	0	
442	0	0	442	0	0	442	0	0	442	0	0	442	0	0	442	0	0	
443	0	0	443	0	0	443	0	0	443	0	0	443	0	0	443	0	0	
444	0	0	444	0	0	444	0	0	444	0	0	444	0	0	444	0	0	
445	0	0	445	0	0	445	0	0	445	0	0	445	0	0	445	0	0	
446	0	0	446	0	0	446	0	0	446	0	0	446	0	0	446	0	0	
447	0	0	447	0	0	447	0	0	447	0	0	447	0	0	447	0	0	
448	0	0	448	0	0	448	0	0	448	0	0	448	0	0	448	0	0	
449	0	0	449	0	0	449	0	0	449	0	0	449	0	0	449	0	0	
450	0	0	450	0	0	450	0	0	450	0	0	450	0	0	450	0	0	
451	0	0	451	0	0	451	0	0	451	0	0	451	0	0	451	0	0	
452	0	0	452	0	0	452	0	0	452	0	0	452	0	0	452	0	0	
453	0	0	453	0	0	453	0	0	453	0	0	453	0	0	453	0	0	
454	-0.000741035	0	454	0.00338731	0	454	-0.000739644	0	454	0.00164483	0	454	0.00271147	0	454	0.0219367	0	
455	-0.000749678	0	455	0.00355744	0	455	-0.000554941	0	455	-0.000984271	0	455	0.0029676	0	455	0.0253634	0	
456	-0.000638604	0	456	0.00352048	0	456	-0.000473142	0	456	-0.00181386	0	456	0.00258209	0	456	0.0250783	0	
457	-0.000536842	0	457	0.00359668	0	457	-0.000452256	0	457	-0.00270663	0	457	0.00432327	0	457	0.0267828	0	
458	-0.000623249	0	458	0.00359983	0	458	-0.000419763	0	458	-0.00201664	0	458	0.00139692	0	458	0.027958	0	
459	-0.000624059	0	459	0.00352714	0	459	-0.000486283	0	459	-0.00227152	0	459	0.00177842	0	459	0.027732	0	
460	-0.000680844	0	460	0.00337751	0	460	-0.000502777	0	460	-0.00227422	0	460	0.00241445	0	460	0.026994	0	
461	-0.000591136	0	461	0.00328411	0	461	-0.000537109	0	461	-0.00221766	0	461	0.00320465	0	461	0.0254823	0	
462	-0.000512468	0	462	0.00304459	0	462	-0.000435368	0	462	-0.00177692	0	462	0.00182933	0	462	0.0245749	0	
463	-0.000495465	0	463	0.00280831	0	463	-0.00037263	0	463	-0.00155822	0	463	0.00101684	0	463	0.0227914	0	
464	-0.000444964	0	464	0.00269125	0	464	-0.000355798	0	464	-0.00149954	0	464	0.0012194	0	464	0.022034	0	
465	-0.000404588	0	465	0.00262864	0	465	-0.000287476	0	465	-0.00113168	0	465	0.000989752	0	465	0.0213962	0	
466	-0.000395722	0	466	0.00254732	0	466	-0.000215907	0	466	-0.000760343	0	466	0.000409799	0	466	0.0203069	0	
467	-0.000392428	0	467	0.00242099	0	467	-0.000188091	0	467	-0.00072838	0	467	0.000327767	0	467	0.0192636	0	
468	-0.00041028	0	468	0.00226408	0	468	-0.000239149	0	468	-0.000914299	0	468	0.000447098	0	468	0.0176714	0	
469	-0.000447894	0	469	0.00206537	0	469	-0.000247714	0	469	-0.00112571	0	469	0.00040741	0	469	0.016064	0	
470	0	0	470	0	0	470	0	0	470	0	0	470	0	0	470	0	0	
471	0	0	471	0	0	471	0	0	471	0	0	471	0	0	471	0	0	
472	0	0	472	0	0	472	0	0	472	0	0	472	0	0	472	0	0	
473	0	0	473	0	0	473	0	0	473	0	0	473	0	0	473	0	0	
474	0	0	474	0	0	474	0	0	474	0	0	474	0	0	474	0	0	
475	0	0	475	0	0	475	0	0	475	0	0	475	0	0	475	0	0	
476	0	0	476	0	0	476	0	0	476	0	0	476	0	0	476	0	0	
477	0	0	477	0	0	477	0	0	477	0	0	477	0	0	477	0	0	
478	0	0	478	0	0	478	0	0	478	0	0	478	0	0	478	0	0	
479	0	0	479	0	0	479	0	0	479	0	0	479	0	0	479	0	0	
480	0	0	480	0	0	480	0	0	480	0	0	480	0	0	480	0	0	
481	0	0	481	0	0	481	0	0	481	0	0	481	0	0	481	0	0	
482	0	0	482	0	0	482	0	0	482	0	0	482	0	0	482	0	0	
483	0	0	483	0	0	483	0	0	483	0	0	483	0	0	483	0	0	
484	0	0	484	0	0	484	0	0	484	0	0	484	0	0	484	0	0	
485	0	0	485	0	0	485	0	0	485	0	0	485	0	0	485	0	0	
486	0	0	486	0	0	486	0	0	486	0	0	486	0	0	486	0	0	
487	0	0	487	0	0	487	0	0	487	0	0	487	0	0	487	0	0	
488	0	0	488	0	0	488	0	0	488	0	0	488	0	0	488	0	0	
489	0	0	489	0	0	489	0	0	489	0	0	489	0	0	489	0	0	
490	0	0	490	0	0	490	0	0	490	0	0	490	0	0	490	0	0	
491	0	0	491	0	0	491	0	0	491	0	0	491	0	0	491	0	0	
492	0	0	492	0	0	492	0	0	492	0	0	492	0	0	492	0	0	
493	0	0	493	0	0	493	0	0	493	0	0	493	0	0	493	0	0	
494	0	0	494	0	0	494	0	0	494	0	0	494	0	0	494	0	0	
495	0	0	495	0	0	495	0	0	495	0	0	495	0	0	495	0	0	
496	0	0	496	0	0	496	0	0	496	0	0	496	0	0	496	0	0	
497	0	0	497	0	0	497	0	0	497	0	0	497	0	0	497	0	0	
498	0	0	498	0	0	498	0	0	498	0	0	498	0	0	498	0	0	
499	0	0	499	0	0	499	0	0	499	0	0	499	0	0	499	0	0	
500	0	0	500	0	0	500	0	0	500	0	0	500	0	0	500	0	0	
501	0	0	501	0	0	501	0	0	501	0	0	501	0	0	501	0	0	
502	0	0	502	0	0	502	0	0	502	0	0	502	0	0	502	0	0	
503	0	0	503	0	0	503	0	0	503	0	0	503	0	0	503	0	0	
504	0	0	504	0	0	504	0	0	504	0	0	504	0	0	504	0	0	
505	0	0	505	0	0	505	0	0	505	0	0	505	0	0	505	0	0	
506	0	0	506	0	0	506	0	0	506	0	0	506	0	0	506	0	0	
507	0	0	507	0	0	507	0	0	507	0	0	507	0	0	507	0	0	
508	0	0	508	0	0	508	0	0	508	0	0	508	0	0	508	0	0	
509	0	0	509	0	0	509	0	0	509	0	0	509	0	0	509	0	0	
510	0	0	510	0	0	510	0	0	510	0	0	510	0	0	510	0	0	
511	0	0	511	0	0	511	0	0	511	0	0	511	0	0	511	0	0	
512	0	0	512	0	0	512	0	0	512	0	0	512	0	0	512	0	0	
513	0	0	513	0	0	513	0	0	513	0	0	513	0	0	513	0	0	
514	0	0	514	0	0	514	0	0	514	0	0	514	0	0	514	0	0	
515	0	0	515	0	0	515	0	0	515	0	0	515	0	0	515	0	0	
516	0	0	516	0	0	516	0	0	516	0	0	516	0	0	516	0	0	
517	0	0	517	0	0	517	0	0	517	0	0	517	0	0	517	0	0	
518	0	0	518	0	0	518	0	0	518	0	0	518	0	0	518	0	0	
519	0	0	519	0	0	519	0	0	519	0	0	519	0	0	519	0	0	
520	0	0	520	0	0	520	0	0	520	0	0	520	0	0	520	0	0	
521	0	0	521	0	0	521	0	0	521	0	0	521	0	0	521	0	0	
522	0	0	522	0	0	522	0	0	522	0	0	522	0	0	522	0	0	
523	0	0	523	0	0	523	0	0	523	0	0	523	0	0	523	0	0	
524	0	0	524	0	0	524	0	0	524	0	0	524	0	0	524	0	0	
525	0	0	525	0	0	525	0	0	525	0	0	525	0	0	525	0	0	
526	0	0	526	0	0	526	0	0	526	0	0	526	0	0	526	0	0	
527	0	0	527	0	0	527	0	0	527	0	0	527	0	0	527	0	0	
528	0	0	528	0	0	528	0	0	528	0	0	528	0	0	528	0	0	
529	0	0	529	0	0	529	0	0	529	0	0	529	0	0	529	0	0	
530	0	0	530	0	0	530	0	0	530	0	0	530	0	0	530	0	0	
531	0	0	531	0	0	531	0	0	531	0	0	531	0	0	531	0	0	
532	0	0	532	0	0	532	0	0	532	0	0	532	0	0	532	0	0	
533	0	0	533	0	0	533	0	0	533	0	0	533	0	0	533	0	0	
534	0	0	534	0	0	534	0	0	534	0	0	534	0	0	534	0	0	
535	0	0	535	0	0	535	0	0	535	0	0	535	0	0	535	0	0	
536	0	0	536	0	0	536	0	0	536	0	0	536	0	0	536	0	0	
537	0	0	537	0	0	537	0	0	537	0	0	537	0	0	537	0	0	
538	0	0	538	0	0	538	0	0	538	0	0	538	0	0	538	0	0	
539	0	0	539	0	0	539	0	0	539	0	0	539	0	0	539	0	0	
540	0	0	540	0	0	540	0	0	540	0	0	540	0	0	540	0	0	
541	0	0	541	0	0	541	0	0	541	0	0	541	0	0	541	0	0	
542	0	0	542	0	0	542	0	0	542	0	0	542	0	0	542	0	0	
543	0	0	543	0	0	543	0	0	543	0	0	543	0	0	543	0	0	
544	0	0	544	0	0	544	0	0	544	0	0	544	0	0	544	0	0	
545	0	0	545	0	0	545	0	0	545	0	0	545	0	0	545	0	0	
546	0	0	546	0	0	546	0	0	546	0	0	546	0	0	546	0	0	
547	0	0	547	0	0	547	0	0	547	0	0	547	0	0	547	0	0	
548	0	0	548	0	0	548	0	0	548	0	0	548	0	0	548	0	0	
549	0	0	549	0	0	549	0	0	549	0	0	549	0	0	549	0	0	
550	0	0	550	0	0	550	0	0	550	0	0	550	0	0	550	0	0	
551	0	0	551	0	0	551	0	0	551	0	0	551	0	0	551	0	0	
552	0	0	552	0	0	552	0	0	552	0	0	552	0	0	552	0	0	
553	0	0	553	0	0	553	0	0	553	0	0	553	0	0	553	0	0	
554	0	0	554	0	0	554	0	0	554	0	0	554	0	0	554	0	0	
555	0	0	555	0	0	555	0	0	555	0	0	555	0	0	555	0	0	
556	0	0	556	0	0	556	0	0	556	0	0	556	0	0	556	0	0	
557	0	0	557	0	0	557	0	0	557	0	0	557	0	0	557	0	0	
558	0	0	558	0	0	558	0	0	558	0	0	558	0	0	558	0	0	
559	0	0	559	0	0	559	0	0	559	0	0	559	0	0	559	0	0	
560	0	0	560	0	0	560	0	0	560	0	0	560	0	0	560	0	0	
561	0	0	561	0	0	561	0	0	561	0	0	561	0	0	561	0	0	
562	0	0	562	0	0	562	0	0	562	0	0	562	0	0	562	0	0	
563	0	0	563	0	0	563	0	0	563	0	0	563	0	0	563	0	0	
564	0	0	564	0	0	564	0	0	564	0	0	564	0	0	564	0	0	
565	0	0	565	0	0	565	0	0	565	0	0	565	0	0	565	0	0	
566	0	0	566	0	0	566	0	0	566	0	0	566	0	0	566	0	0	
567	0	0	567	0	0	567	0	0	567	0	0	567	0	0	567	0	0	
568	0	0	568	0	0	568	0	0	568	0	0	568	0	0	568	0	0	
569	0	0	569	0	0	569	0	0	569	0	0	569	0	0	569	0	0	
570	0	0	570	0	0	570	0	0	570	0	0	570	0	0	570	0	0	
571	0	0	571	0	0	571	0	0	571	0	0	571	0	0	571	0	0	
572	0	0	572	0	0	572	0	0	572	0	0	572	0	0	572	0	0	
573	0	0	573	0	0	573	0	0	573	0	0	573	0	0	573	0	0	
574	0	0	574	0	0	574	0	0	574	0	0	574	0	0	574	0	0	
575	0	0	575	0	0	575	0	0	575	0	0	575	0	0	575	0	0	
576	0	0	576	0	0	576	0	0	576	0	0	576	0	0	576	0	0	
577	0	0	577	0	0	577	0	0	577	0	0	577	0	0	577	0	0	
578	0	0	578	0	0	578	0	0	578	0	0	578	0	0	578	0	0	
579	0	0	579	0	0	579	0	0	579	0	0	579	0	0	579	0	0	
580	0	0	580	0	0	580	0	0	580	0	0	580	0	0	580	0	0	
581	0	0	581	0	0	581	0	0	581	0	0	581	0	0	581	0	0	
