Velocities
0	0	0	0	0	0	0	0	0	0	0	0	0	0	0	0	0	0	
1	0	0	1	0	0	1	0	0	1	0	0	1	0	0	1	0	0	
2	0	0	2	0	0	2	0	0	2	0	0	2	0	0	2	0	0	
3	-0.000139386	0	3	-0.000720272	0	3	-4.45695e-05	0	3	-0.00571625	0	3	0.00186918	0	3	-0.000230879	0	
4	0	0	4	0	0	4	0	0	4	0	0	4	0	0	4	0	0	
5	0	0	5	0	0	5	0	0	5	0	0	5	0	0	5	0	0	
6	0	0	6	0	0	6	0	0	6	0	0	6	0	0	6	0	0	
7	0	0	7	0	0	7	0	0	7	0	0	7	0	0	7	0	0	
8	0	0	8	0	0	8	0	0	8	0	0	8	0	0	8	0	0	
9	0	0	9	0	0	9	0	0	9	0	0	9	0	0	9	0	0	
10	0	0	10	0	0	10	0	0	10	0	0	10	0	0	10	0	0	
11	0	0	11	0	0	11	0	0	11	0	0	11	0	0	11	0	0	
12	0	0	12	0	0	12	0	0	12	0	0	12	0	0	12	0	0	
13	0	0	13	0	0	13	0	0	13	0	0	13	0	0	13	0	0	
14	0	0	14	0	0	14	0	0	14	0	0	14	0	0	14	0	0	
15	0	0	15	0	0	15	0	0	15	0	0	15	0	0	15	0	0	
16	0	0	16	0	0	16	0	0	16	0	0	16	0	0	16	0	0	
17	0	0	17	0	0	17	0	0	17	0	0	17	0	0	17	0	0	
18	0	0	18	0	0	18	0	0	18	0	0	18	0	0	18	0	0	
19	0	0	19	0	0	19	0	0	19	0	0	19	0	0	19	0	0	
20	0	0	20	0	0	20	0	0	20	0	0	20	0	0	20	0	0	
21	0	0	21	0	0	21	0	0	21	0	0	21	0	0	21	0	0	
22	0	0	22	0	0	22	0	0	22	0	0	22	0	0	22	0	0	
23	0	0	23	0	0	23	0	0	23	0	0	23	0	0	23	0	0	
24	0	0	24	0	0	24	0	0	24	0	0	24	0	0	24	0	0	
25	0	0	25	0	0	25	0	0	25	0	0	25	0	0	25	0	0	
26	0	0	26	0	0	26	0	0	26	0	0	26	0	0	26	0	0	
27	0	0	27	0	0	27	0	0	27	0	0	27	0	0	27	0	0	
28	0	0	28	0	0	28	0	0	28	0	0	28	0	0	28	0	0	
29	0	0	29	0	0	29	0	0	29	0	0	29	0	0	29	0	0	
30	0	0	30	0	0	30	0	0	30	0	0	30	0	0	30	0	0	
31	0	0	31	0	0	31	0	0	31	0	0	31	0	0	31	0	0	
32	0	0	32	0	0	32	0	0	32	0	0	32	0	0	32	0	0	
33	0	0	33	0	0	33	0	0	33	0	0	33	0	0	33	0	0	
34	0	0	34	0	0	34	0	0	34	0	0	34	0	0	34	0	0	
35	0	0	35	0	0	35	0	0	35	0	0	35	0	0	35	0	0	
36	0	0	36	0	0	36	0	0	36	0	0	36	0	0	36	0	0	
37	0	0	37	0	0	37	0	0	37	0	0	37	0	0	37	0	0	
38	0	0	38	0	0	38	0	0	38	0	0	38	0	0	38	0	0	
39	0	0	39	0	0	39	0	0	39	0	0	39	0	0	39	0	0	
40	0	0	40	0	0	40	0	0	40	0	0	40	0	0	40	0	0	
41	0	0	41	0	0	41	0	0	41	0	0	41	0	0	41	0	0	
42	0	0	42	0	0	42	0	0	42	0	0	42	0	0	42	0	0	
43	0	0	43	0	0	43	0	0	43	0	0	43	0	0	43	0	0	
44	0	0	44	0	0	44	0	0	44	0	0	44	0	0	44	0	0	
45	0	0	45	0	0	45	0	0	45	0	0	45	0	0	45	0	0	
46	0	0	46	0	0	46	0	0	46	0	0	46	0	0	46	0	0	
47	0	0	47	0	0	47	0	0	47	0	0	47	0	0	47	0	0	
48	0	0	48	0	0	48	0	0	48	0	0	48	0	0	48	0	0	
49	0	0	49	0	0	49	0	0	49	0	0	49	0	0	49	0	0	
50	0	0	50	0	0	50	0	0	50	0	0	50	0	0	50	0	0	
51	-0.000128534	0	51	-0.00137803	0	51	-0.00129199	0	51	-0.0167146	0	51	0.00877049	0	51	-0.000377491	0	
52	-0.000186211	0	52	-0.00132809	0	52	-0.00103096	0	52	-0.0159892	0	52	0.0043521	0	52	-0.00191447	0	
53	0	0	53	0	0	53	0	0	53	0	0	53	0	0	53	0	0	
54	0	0	54	0	0	54	0	0	54	0	0	54	0	0	54	0	0	
55	0	0	55	0	0	55	0	0	55	0	0	55	0	0	55	0	0	
56	0	0	56	0	0	56	0	0	56	0	0	56	0	0	56	0	0	
57	0	0	57	0	0	57	0	0	57	0	0	57	0	0	57	0	0	
58	0	0	58	0	0	58	0	0	58	0	0	58	0	0	58	0	0	
59	0	0	59	0	0	59	0	0	59	0	0	59	0	0	59	0	0	
60	0	0	60	0	0	60	0	0	60	0	0	60	0	0	60	0	0	
61	-0.000252074	0	61	-0.00122099	0	61	-0.0015168	0	61	-0.0145592	0	61	0.00799512	0	61	-0.00225802	0	
62	0	0	62	0	0	62	0	0	62	0	0	62	0	0	62	0	0	
63	0	0	63	0	0	63	0	0	63	0	0	63	0	0	63	0	0	
64	0	0	64	0	0	64	0	0	64	0	0	64	0	0	64	0	0	
65	0	0	65	0	0	65	0	0	65	0	0	65	0	0	65	0	0	
66	0	0	66	0	0	66	0	0	66	0	0	66	0	0	66	0	0	
67	0	0	67	0	0	67	0	0	67	0	0	67	0	0	67	0	0	
68	0	0	68	0	0	68	0	0	68	0	0	68	0	0	68	0	0	
69	0	0	69	0	0	69	0	0	69	0	0	69	0	0	69	0	0	
70	0	0	70	0	0	70	0	0	70	0	0	70	0	0	70	0	0	
71	0	0	71	0	0	71	0	0	71	0	0	71	0	0	71	0	0	
72	0	0	72	0	0	72	0	0	72	0	0	72	0	0	72	0	0	
73	0	0	73	0	0	73	0	0	73	0	0	73	0	0	73	0	0	
74	-0.000320938	0	74	-0.0014097	0	74	-0.00167734	0	74	-0.0138826	0	74	0.00927151	0	74	-0.00189074	0	
75	0	0	75	0	0	75	0	0	75	0	0	75	0	0	75	0	0	
76	0	0	76	0	0	76	0	0	76	0	0	76	0	0	76	0	0	
77	0	0	77	0	0	77	0	0	77	0	0	77	0	0	77	0	0	
78	0	0	78	0	0	78	0	0	78	0	0	78	0	0	78	0	0	
79	0	0	79	0	0	79	0	0	79	0	0	79	0	0	79	0	0	
80	-0.00031359	0	80	-0.0014168	0	80	-0.00166411	0	80	-0.0136274	0	80	0.00893505	0	80	-0.0019669	0	
81	0	0	81	0	0	81	0	0	81	0	0	81	0	0	81	0	0	
82	0	0	82	0	0	82	0	0	82	0	0	82	0	0	82	0	0	
83	0	0	83	0	0	83	0	0	83	0	0	83	0	0	83	0	0	
84	0	0	84	0	0	84	0	0	84	0	0	84	0	0	84	0	0	
85	0	0	85	0	0	85	0	0	85	0	0	85	0	0	85	0	0	
86	0	0	86	0	0	86	0	0	86	0	0	86	0	0	86	0	0	
87	0	0	87	0	0	87	0	0	87	0	0	87	0	0	87	0	0	
88	0	0	88	0	0	88	0	0	88	0	0	88	0	0	88	0	0	
89	0	0	89	0	0	89	0	0	89	0	0	89	0	0	89	0	0	
90	0	0	90	0	0	90	0	0	90	0	0	90	0	0	90	0	0	
91	0	0	91	0	0	91	0	0	91	0	0	91	0	0	91	0	0	
92	0	0	92	0	0	92	0	0	92	0	0	92	0	0	92	0	0	
93	0	0	93	0	0	93	0	0	93	0	0	93	0	0	93	0	0	
94	0	0	94	0	0	94	0	0	94	0	0	94	0	0	94	0	0	
95	-0.000324082	0	95	-0.00168335	0	95	-0.00166513	0	95	-0.0134374	0	95	0.00987709	0	95	-0.0038218	0	
96	0	0	96	0	0	96	0	0	96	0	0	96	0	0	96	0	0	
97	0	0	97	0	0	97	0	0	97	0	0	97	0	0	97	0	0	
98	0	0	98	0	0	98	0	0	98	0	0	98	0	0	98	0	0	
99	0	0	99	0	0	99	0	0	99	0	0	99	0	0	99	0	0	
100	0	0	100	0	0	100	0	0	100	0	0	100	0	0	100	0	0	
101	0	0	101	0	0	101	0	0	101	0	0	101	0	0	101	0	0	
102	-0.000401598	0	102	-0.00216841	0	102	-0.00164043	0	102	-0.0137161	0	102	0.00942137	0	102	-0.00710451	0	
103	-0.00040202	0	103	-0.00227499	0	103	-0.00161924	0	103	-0.0133831	0	103	0.00899195	0	103	-0.0076041	0	
104	-0.000335643	0	104	-0.00217808	0	104	-0.00151985	0	104	-0.0126795	0	104	0.00834053	0	104	-0.00670143	0	
105	0	0	105	0	0	105	0	0	105	0	0	105	0	0	105	0	0	
106	0	0	106	0	0	106	0	0	106	0	0	106	0	0	106	0	0	
107	0	0	107	0	0	107	0	0	107	0	0	107	0	0	107	0	0	
108	0	0	108	0	0	108	0	0	108	0	0	108	0	0	108	0	0	
109	0	0	109	0	0	109	0	0	109	0	0	109	0	0	109	0	0	
110	0	0	110	0	0	110	0	0	110	0	0	110	0	0	110	0	0	
111	-0.000294629	0	111	-0.00221417	0	111	-0.00127939	0	111	-0.0122694	0	111	0.00742468	0	111	-0.00670828	0	
112	0	0	112	0	0	112	0	0	112	0	0	112	0	0	112	0	0	
113	0	0	113	0	0	113	0	0	113	0	0	113	0	0	113	0	0	
114	0	0	114	0	0	114	0	0	114	0	0	114	0	0	114	0	0	
115	0	0	115	0	0	115	0	0	115	0	0	115	0	0	115	0	0	
116	0	0	116	0	0	116	0	0	116	0	0	116	0	0	116	0	0	
117	0	0	117	0	0	117	0	0	117	0	0	117	0	0	117	0	0	
118	0	0	118	0	0	118	0	0	118	0	0	118	0	0	118	0	0	
119	0	0	119	0	0	119	0	0	119	0	0	119	0	0	119	0	0	
120	0	0	120	0	0	120	0	0	120	0	0	120	0	0	120	0	0	
121	0	0	121	0	0	121	0	0	121	0	0	121	0	0	121	0	0	
122	0	0	122	0	0	122	0	0	122	0	0	122	0	0	122	0	0	
123	0	0	123	0	0	123	0	0	123	0	0	123	0	0	123	0	0	
124	0	0	124	0	0	124	0	0	124	0	0	124	0	0	124	0	0	
125	0	0	125	0	0	125	0	0	125	0	0	125	0	0	125	0	0	
126	0	0	126	0	0	126	0	0	126	0	0	126	0	0	126	0	0	
127	-0.000147846	0	127	-0.00657581	0	127	-0.000588966	0	127	-0.0161514	0	127	0.00524305	0	127	-0.026629	0	
128	-0.000532532	0	128	0.000507475	0	128	-0.00205781	0	128	-0.00702688	0	128	0.0117955	0	128	0.00830198	0	
129	0	0	129	0	0	129	0	0	129	0	0	129	0	0	129	0	0	
130	0	0	130	0	0	130	0	0	130	0	0	130	0	0	130	0	0	
131	-0.000349783	0	131	-0.00593631	0	131	-0.00151322	0	131	-0.0099031	0	131	0.00992944	0	131	-0.0217699	0	
132	-0.000684405	0	132	0.000667624	0	132	-0.00220289	0	132	-0.00901978	0	132	0.0136014	0	132	0.00959529	0	
133	-0.00012702	0	133	-0.00219794	0	133	0.000604975	0	133	-0.0100148	0	133	0.00251646	0	133	-0.00322327	0	
134	0	0	134	0	0	134	0	0	134	0	0	134	0	0	134	0	0	
135	-0.00103867	0	135	-0.000470771	0	135	-0.00304802	0	135	-0.010859	0	135	0.0199476	0	135	0.00374439	0	
136	-0.000277228	0	136	-0.00222724	0	136	9.00561e-05	0	136	-0.0088071	0	136	0.00405242	0	136	-0.00392736	0	
137	0	0	137	0	0	137	0	0	137	0	0	137	0	0	137	0	0	
138	-0.000821905	0	138	-0.00150637	0	138	-0.00349796	0	138	-0.00879002	0	138	0.0209297	0	138	0.00258414	0	
139	-0.000227612	0	139	-0.00149645	0	139	-0.00121177	0	139	-0.0081858	0	139	0.0107207	0	139	0.00318225	0	
140	0	0	140	0	0	140	0	0	140	0	0	140	0	0	140	0	0	
141	-0.000976789	0	141	-0.0019319	0	141	-0.0041455	0	141	-0.00904449	0	141	0.0235653	0	141	0.0010728	0	
142	-0.00043979	0	142	-0.00179253	0	142	-0.00145539	0	142	-0.00929701	0	142	0.0112055	0	142	0.000130364	0	
143	0	0	143	0	0	143	0	0	143	0	0	143	0	0	143	0	0	
144	-0.000910745	0	144	-0.00269885	0	144	-0.00404036	0	144	-0.0087667	0	144	0.0237702	0	144	-0.0013607	0	
145	-0.000664015	0	145	-0.000151601	0	145	-0.00283223	0	145	-0.00377091	0	145	0.0170991	0	145	0.00928258	0	
146	-0.000186538	0	146	-0.00636011	0	146	-0.00078458	0	146	-0.00940353	0	146	0.00833998	0	146	-0.0173721	0	
147	-0.000771314	0	147	-0.00305513	0	147	-0.0034692	0	147	-0.00728551	0	147	0.0210458	0	147	-0.00296242	0	
148	-0.000720978	0	148	-0.00107674	0	148	-0.00258097	0	148	-0.00626379	0	148	0.0156623	0	148	0.00509636	0	
149	-0.000315554	0	149	-0.00496709	0	149	-0.00133591	0	149	-0.00957491	0	149	0.0118147	0	149	-0.00871917	0	
150	-0.000466689	0	150	-0.00299976	0	150	-0.00203275	0	150	-0.00798009	0	150	0.014132	0	150	-0.00218958	0	
151	0	0	151	0	0	151	0	0	151	0	0	151	0	0	151	0	0	
152	0	0	152	0	0	152	0	0	152	0	0	152	0	0	152	0	0	
153	0	0	153	0	0	153	0	0	153	0	0	153	0	0	153	0	0	
154	0	0	154	0	0	154	0	0	154	0	0	154	0	0	154	0	0	
155	0	0	155	0	0	155	0	0	155	0	0	155	0	0	155	0	0	
156	0	0	156	0	0	156	0	0	156	0	0	156	0	0	156	0	0	
157	0	0	157	0	0	157	0	0	157	0	0	157	0	0	157	0	0	
158	0	0	158	0	0	158	0	0	158	0	0	158	0	0	158	0	0	
159	0	0	159	0	0	159	0	0	159	0	0	159	0	0	159	0	0	
160	0	0	160	0	0	160	0	0	160	0	0	160	0	0	160	0	0	
161	0	0	161	0	0	161	0	0	161	0	0	161	0	0	161	0	0	
162	0	0	162	0	0	162	0	0	162	0	0	162	0	0	162	0	0	
163	0	0	163	0	0	163	0	0	163	0	0	163	0	0	163	0	0	
164	0	0	164	0	0	164	0	0	164	0	0	164	0	0	164	0	0	
165	0	0	165	0	0	165	0	0	165	0	0	165	0	0	165	0	0	
166	0	0	166	0	0	166	0	0	166	0	0	166	0	0	166	0	0	
167	0	0	167	0	0	167	0	0	167	0	0	167	0	0	167	0	0	
168	0	0	168	0	0	168	0	0	168	0	0	168	0	0	168	0	0	
169	0	0	169	0	0	169	0	0	169	0	0	169	0	0	169	0	0	
170	0	0	170	0	0	170	0	0	170	0	0	170	0	0	170	0	0	
171	0	0	171	0	0	171	0	0	171	0	0	171	0	0	171	0	0	
172	0	0	172	0	0	172	0	0	172	0	0	172	0	0	172	0	0	
173	0	0	173	0	0	173	0	0	173	0	0	173	0	0	173	0	0	
174	0	0	174	0	0	174	0	0	174	0	0	174	0	0	174	0	0	
175	0	0	175	0	0	175	0	0	175	0	0	175	0	0	175	0	0	
176	0	0	176	0	0	176	0	0	176	0	0	176	0	0	176	0	0	
177	0	0	177	0	0	177	0	0	177	0	0	177	0	0	177	0	0	
178	0	0	178	0	0	178	0	0	178	0	0	178	0	0	178	0	0	
179	0	0	179	0	0	179	0	0	179	0	0	179	0	0	179	0	0	
180	0	0	180	0	0	180	0	0	180	0	0	180	0	0	180	0	0	
181	0	0	181	0	0	181	0	0	181	0	0	181	0	0	181	0	0	
182	0	0	182	0	0	182	0	0	182	0	0	182	0	0	182	0	0	
183	0	0	183	0	0	183	0	0	183	0	0	183	0	0	183	0	0	
184	-0.000424143	0	184	-0.00420118	0	184	-0.00156272	0	184	-0.0099302	0	184	0.0119217	0	184	-0.00629973	0	
185	0	0	185	0	0	185	0	0	185	0	0	185	0	0	185	0	0	
186	0	0	186	0	0	186	0	0	186	0	0	186	0	0	186	0	0	
187	0	0	187	0	0	187	0	0	187	0	0	187	0	0	187	0	0	
188	0	0	188	0	0	188	0	0	188	0	0	188	0	0	188	0	0	
189	0	0	189	0	0	189	0	0	189	0	0	189	0	0	189	0	0	
190	-0.000396405	0	190	-0.00430126	0	190	-0.00110232	0	190	-0.0110586	0	190	0.00974652	0	190	-0.00843486	0	
191	0	0	191	0	0	191	0	0	191	0	0	191	0	0	191	0	0	
192	0	0	192	0	0	192	0	0	192	0	0	192	0	0	192	0	0	
193	0	0	193	0	0	193	0	0	193	0	0	193	0	0	193	0	0	
194	0	0	194	0	0	194	0	0	194	0	0	194	0	0	194	0	0	
195	0	0	195	0	0	195	0	0	195	0	0	195	0	0	195	0	0	
196	0	0	196	0	0	196	0	0	196	0	0	196	0	0	196	0	0	
197	-0.000426553	0	197	-0.00435172	0	197	-0.000905777	0	197	-0.0121163	0	197	0.00870865	0	197	-0.00936831	0	
198	-0.000549631	0	198	-0.00440825	0	198	-0.000905598	0	198	-0.0129841	0	198	0.0099528	0	198	-0.0104031	0	
199	-0.000356655	0	199	-0.00422802	0	199	-0.0012897	0	199	-0.00982433	0	199	0.0106818	0	199	-0.00675764	0	
200	0	0	200	0	0	200	0	0	200	0	0	200	0	0	200	0	0	
201	0	0	201	0	0	201	0	0	201	0	0	201	0	0	201	0	0	
202	0	0	202	0	0	202	0	0	202	0	0	202	0	0	202	0	0	
203	0	0	203	0	0	203	0	0	203	0	0	203	0	0	203	0	0	
204	0	0	204	0	0	204	0	0	204	0	0	204	0	0	204	0	0	
205	-0.000481774	0	205	-0.00482654	0	205	-0.00180286	0	205	-0.0111655	0	205	0.0120647	0	205	-0.0106739	0	
206	-0.000497643	0	206	-0.00486207	0	206	-0.00148111	0	206	-0.0123153	0	206	0.0109223	0	206	-0.0114753	0	
207	-0.000261668	0	207	-0.00487861	0	207	-0.000958943	0	207	-0.0103863	0	207	0.00804257	0	207	-0.0107388	0	
208	0	0	208	0	0	208	0	0	208	0	0	208	0	0	208	0	0	
209	-0.000413723	0	209	-0.0050011	0	209	-0.00173126	0	209	-0.0111393	0	209	0.0118814	0	209	-0.011123	0	
210	-0.000407536	0	210	-0.00584717	0	210	-0.000238754	0	210	-0.0142909	0	210	0.00681398	0	210	-0.0174442	0	
211	-0.000428853	0	211	-0.00558315	0	211	-0.000981474	0	211	-0.0132052	0	211	0.010427	0	211	-0.0144923	0	
212	-0.000211175	0	212	-0.00456965	0	212	-0.000854908	0	212	-0.0103403	0	212	0.00893795	0	212	-0.00818067	0	
213	0	0	213	0	0	213	0	0	213	0	0	213	0	0	213	0	0	
214	-0.000446227	0	214	-0.00416016	0	214	-0.000969548	0	214	-0.011134	0	214	0.00960971	0	214	-0.00923797	0	
215	0	0	215	0	0	215	0	0	215	0	0	215	0	0	215	0	0	
216	0	0	216	0	0	216	0	0	216	0	0	216	0	0	216	0	0	
217	0	0	217	0	0	217	0	0	217	0	0	217	0	0	217	0	0	
218	0	0	218	0	0	218	0	0	218	0	0	218	0	0	218	0	0	
219	0	0	219	0	0	219	0	0	219	0	0	219	0	0	219	0	0	
220	-0.000393835	0	220	-0.00520134	0	220	-0.000956165	0	220	-0.0108962	0	220	0.00844616	0	220	-0.0118921	0	
221	-0.00043872	0	221	-0.00513726	0	221	-0.00105979	0	221	-0.0108127	0	221	0.00886626	0	221	-0.0117778	0	
222	-0.000462519	0	222	-0.00521778	0	222	-0.000905112	0	222	-0.0119825	0	222	0.00849476	0	222	-0.0130872	0	
223	-0.000356111	0	223	-0.00519728	0	223	-0.00092854	0	223	-0.0106348	0	223	0.00828193	0	223	-0.0120301	0	
224	-0.000355216	0	224	-0.00513599	0	224	-0.000885745	0	224	-0.0106576	0	224	0.00782117	0	224	-0.011341	0	
225	0	0	225	0	0	225	0	0	225	0	0	225	0	0	225	0	0	
226	0	0	226	0	0	226	0	0	226	0	0	226	0	0	226	0	0	
227	0	0	227	0	0	227	0	0	227	0	0	227	0	0	227	0	0	
228	0	0	228	0	0	228	0	0	228	0	0	228	0	0	228	0	0	
229	0	0	229	0	0	229	0	0	229	0	0	229	0	0	229	0	0	
230	0	0	230	0	0	230	0	0	230	0	0	230	0	0	230	0	0	
231	0	0	231	0	0	231	0	0	231	0	0	231	0	0	231	0	0	
232	0	0	232	0	0	232	0	0	232	0	0	232	0	0	232	0	0	
233	0	0	233	0	0	233	0	0	233	0	0	233	0	0	233	0	0	
234	0	0	234	0	0	234	0	0	234	0	0	234	0	0	234	0	0	
235	0	0	235	0	0	235	0	0	235	0	0	235	0	0	235	0	0	
236	0	0	236	0	0	236	0	0	236	0	0	236	0	0	236	0	0	
237	0	0	237	0	0	237	0	0	237	0	0	237	0	0	237	0	0	
238	0	0	238	0	0	238	0	0	238	0	0	238	0	0	238	0	0	
239	0.00016003	0	239	0.000855234	0	239	-0.00558465	0	239	-0.0329396	0	239	0.0274061	0	239	-0.00029469	0	
240	-0.000525408	0	240	0.00520306	0	240	-0.00665077	0	240	-0.0398651	0	240	0.0306573	0	240	0.0210905	0	
241	-0.000596214	0	241	0.00770349	0	241	-0.00694039	0	241	-0.0467771	0	241	0.030591	0	241	0.0336546	0	
242	-0.000553518	0	242	0.00978262	0	242	-0.00779827	0	242	-0.0571421	0	242	0.0328149	0	242	0.0392693	0	
243	-0.000795136	0	243	0.0114497	0	243	-0.00846966	0	243	-0.066357	0	243	0.0336443	0	243	0.0423259	0	
244	-0.000735071	0	244	0.0102932	0	244	-0.00757625	0	244	-0.0642779	0	244	0.028943	0	244	0.0389398	0	
245	-0.000617423	0	245	0.00970249	0	245	-0.00692977	0	245	-0.0645328	0	245	0.0275652	0	245	0.0341602	0	
246	-0.000711687	0	246	0.00931501	0	246	-0.00663081	0	246	-0.0648123	0	246	0.027102	0	246	0.0334757	0	
247	-0.000735773	0	247	0.00967058	0	247	-0.00683675	0	247	-0.0627817	0	247	0.0277777	0	247	0.0358713	0	
248	-0.000749413	0	248	0.00973229	0	248	-0.0069278	0	248	-0.0629919	0	248	0.0280542	0	248	0.0358449	0	
249	-0.000735582	0	249	0.00951955	0	249	-0.00672986	0	249	-0.0628365	0	249	0.0264669	0	249	0.0335129	0	
250	-0.000788771	0	250	0.00922704	0	250	-0.0065655	0	250	-0.0628463	0	250	0.0254838	0	250	0.0322346	0	
251	-0.00079643	0	251	0.00935412	0	251	-0.0066483	0	251	-0.0614173	0	251	0.0264567	0	251	0.0338458	0	
252	-0.000745375	0	252	0.00944349	0	252	-0.00667073	0	252	-0.0617837	0	252	0.0265985	0	252	0.0341569	0	
253	-0.00079812	0	253	0.00929689	0	253	-0.00668383	0	253	-0.0617754	0	253	0.0256566	0	253	0.0327242	0	
254	-0.000751454	0	254	0.00922522	0	254	-0.00658686	0	254	-0.0611847	0	254	0.0256664	0	254	0.0337144	0	
255	-0.000787936	0	255	0.00906521	0	255	-0.00662652	0	255	-0.060396	0	255	0.0261817	0	255	0.0320902	0	
256	-0.000783761	0	256	0.00894675	0	256	-0.00650387	0	256	-0.0598275	0	256	0.024829	0	256	0.031774	0	
257	-0.000738442	0	257	0.00894124	0	257	-0.00648146	0	257	-0.0595556	0	257	0.0256079	0	257	0.0323399	0	
258	-0.000797847	0	258	0.00891119	0	258	-0.00634238	0	258	-0.058951	0	258	0.0258281	0	258	0.03179	0	
259	-0.000775682	0	259	0.00867765	0	259	-0.00613593	0	259	-0.0598891	0	259	0.0267105	0	259	0.0295443	0	
260	-0.0006816	0	260	0.00846868	0	260	-0.00606533	0	260	-0.0585752	0	260	0.0250506	0	260	0.0299748	0	
261	-0.000606156	0	261	0.00775024	0	261	-0.00584676	0	261	-0.0551393	0	261	0.0247085	0	261	0.0247194	0	
262	-0.000410056	0	262	0.00366906	0	262	-0.00446036	0	262	-0.0434722	0	262	0.0216552	0	262	0.00526597	0	
263	-0.000198088	0	263	-0.00213095	0	263	-0.0027366	0	263	-0.0235924	0	263	0.0179395	0	263	-0.0210525	0	
264	2.59948e-05	0	264	-0.00774671	0	264	-0.00138812	0	264	-0.00940482	0	264	0.0135795	0	264	-0.0481732	0	
265	0.000279377	0	265	-0.012197	0	265	-0.000622194	0	265	0.00320291	0	265	0.00992833	0	265	-0.0689408	0	
266	0.000205188	0	266	-0.0150674	0	266	-0.000168802	0	266	0.0114112	0	266	0.00911295	0	266	-0.0834573	0	
267	9.23842e-05	0	267	-0.0168003	0	267	0.000265299	0	267	0.0158752	0	267	0.00676124	0	267	-0.0935089	0	
268	0.000111521	0	268	-0.0171047	0	268	0.00050926	0	268	0.0178478	0	268	0.00663511	0	268	-0.0950477	0	
269	-1.40014e-05	0	269	-0.0183996	0	269	0.000984141	0	269	0.0204624	0	269	0.00444687	0	269	-0.1	0	
270	-6.4024e-05	0	270	-0.0188686	0	270	0.00126224	0	270	0.0223096	0	270	0.00447161	0	270	-0.1	0	
271	-4.22297e-05	0	271	-0.0186095	0	271	0.00150904	0	271	0.0235317	0	271	0.00278221	0	271	-0.1	0	
272	3.25725e-05	0	272	-0.0183735	0	272	0.00158102	0	272	0.0229941	0	272	0.00226927	0	272	-0.0995298	0	
273	9.25295e-05	0	273	-0.0181285	0	273	0.00159916	0	273	0.0230125	0	273	0.00183685	0	273	-0.098716	0	
274	0.000113637	0	274	-0.0180092	0	274	0.00162092	0	274	0.0231275	0	274	0.00215157	0	274	-0.0982453	0	
275	9.72817e-05	0	275	-0.0180104	0	275	0.00157276	0	275	0.0230544	0	275	0.00215983	0	275	-0.0983138	0	
276	9.104e-05	0	276	-0.0181751	0	276	0.00159149	0	276	0.0232901	0	276	0.00205152	0	276	-0.0990592	0	
277	1.34715e-05	0	277	-0.0183545	0	277	0.00151313	0	277	0.023383	0	277	0.00242021	0	277	-0.0999878	0	
278	-4.20957e-05	0	278	-0.0184477	0	278	0.00149209	0	278	0.0235723	0	278	0.00366865	0	278	-0.1	0	
279	1.37616e-05	0	279	-0.018005	0	279	0.00164217	0	279	0.0213324	0	279	0.00203873	0	279	-0.0966411	0	
280	4.15202e-05	0	280	-0.0131994	0	280	0.0013028	0	280	0.0122921	0	280	0.00488129	0	280	-0.0723236	0	
281	-0.000165021	0	281	-0.0034122	0	281	8.20744e-05	0	281	-0.000899279	0	281	0.00753191	0	281	-0.0215461	0	
282	-0.000908101	0	282	0.00407515	0	282	-0.00173172	0	282	-0.00954914	0	282	0.0169654	0	282	0.0188892	0	
283	-0.00129887	0	283	0.00692398	0	283	-0.00206714	0	283	-0.0177826	0	283	0.0173343	0	283	0.0374723	0	
284	-0.00143144	0	284	0.00865873	0	284	-0.00199407	0	284	-0.0251122	0	284	0.014527	0	284	0.0460853	0	
285	-0.00149904	0	285	0.00965985	0	285	-0.00195204	0	285	-0.0276241	0	285	0.0146189	0	285	0.0516937	0	
286	-0.00141963	0	286	0.00846415	0	286	-0.00162572	0	286	-0.0256937	0	286	0.0133795	0	286	0.0454909	0	
287	-0.000742788	0	287	0.00457928	0	287	-0.0010039	0	287	-0.0139418	0	287	0.0133971	0	287	0.0256535	0	
288	-0.000171417	0	288	-0.00507984	0	288	0.000449283	0	288	0.00652867	0	288	0.00854777	0	288	-0.0236433	0	
289	0.000181401	0	289	-0.011141	0	289	0.00173745	0	289	0.0130621	0	289	0.00215207	0	289	-0.0548792	0	
290	0.000245219	0	290	-0.0147217	0	290	0.0020918	0	290	0.0216551	0	290	0.00162078	0	290	-0.0710359	0	
291	0.000249256	0	291	-0.0155561	0	291	0.00208982	0	291	0.0223719	0	291	7.43843e-06	0	291	-0.0771644	0	
292	0.000175683	0	292	-0.01477	0	292	0.00188422	0	292	0.0208347	0	292	0.00292891	0	292	-0.0711507	0	
293	0.000109084	0	293	-0.0123059	0	293	0.00148996	0	293	0.0148382	0	293	0.00393762	0	293	-0.0610905	0	
294	0.000206297	0	294	-0.0123518	0	294	0.000931442	0	294	0.0167479	0	294	0.00697415	0	294	-0.0605582	0	
295	0.000588184	0	295	-0.0141165	0	295	-0.000215645	0	295	0.053346	0	295	0.0199422	0	295	-0.0404616	0	
296	0.00114612	0	296	-0.0193013	0	296	-0.000415717	0	296	0.0758718	0	296	0.0216448	0	296	-0.046232	0	
297	0.00155348	0	297	-0.0246415	0	297	0.000139814	0	297	0.0701819	0	297	0.0169588	0	297	-0.0686889	0	
298	0.00179353	0	298	-0.0273532	0	298	0.000338369	0	298	0.0767083	0	298	0.0176833	0	298	-0.0729163	0	
299	0.00190717	0	299	-0.0312275	0	299	0.000285005	0	299	0.0842095	0	299	0.0172346	0	299	-0.0854224	0	
300	0.00187291	0	300	-0.0330433	0	300	0.000562268	0	300	0.0907147	0	300	0.0159847	0	300	-0.0895535	0	
301	0.00165499	0	301	-0.032088	0	301	0.00076898	0	301	0.0901367	0	301	0.0165464	0	301	-0.0837514	0	
302	0.00165746	0	302	-0.030782	0	302	0.000775831	0	302	0.0901898	0	302	0.0182098	0	302	-0.0773746	0	
303	0.0017104	0	303	-0.0266503	0	303	0.000938228	0	303	0.0727297	0	303	0.0156951	0	303	-0.0717268	0	
304	0.00130763	0	304	-0.0191783	0	304	0.000960053	0	304	0.0381733	0	304	0.0111121	0	304	-0.0537048	0	
305	0.000644022	0	305	-0.00967445	0	305	-0.000161607	0	305	0.00614486	0	305	0.013385	0	305	-0.0226037	0	
306	0.000417427	0	306	-0.00356283	0	306	-0.00219805	0	306	-0.0239243	0	306	0.0157664	0	306	-0.00447944	0	
307	0.000182939	0	307	0.00116066	0	307	-0.00426085	0	307	-0.0462053	0	307	0.0209834	0	307	0.0128215	0	
308	-7.49632e-05	0	308	0.00474748	0	308	-0.00582489	0	308	-0.0565194	0	308	0.0247444	0	308	0.0283601	0	
309	-0.000127742	0	309	0.00602386	0	309	-0.00691993	0	309	-0.0652255	0	309	0.0295563	0	309	0.0322429	0	
310	0.000190029	0	310	0.00627237	0	310	-0.00786306	0	310	-0.0768925	0	310	0.032533	0	310	0.0259662	0	
311	-8.38059e-05	0	311	0.00549678	0	311	-0.0072989	0	311	-0.0728953	0	311	0.0312256	0	311	0.0197973	0	
312	0.000224649	0	312	0.00252943	0	312	-0.00581285	0	312	-0.054773	0	312	0.0284732	0	312	0.0122659	0	
313	0.000132721	0	313	9.09765e-05	0	313	-0.00471997	0	313	-0.00798171	0	313	0.0334289	0	313	0.0238955	0	
314	0.00116075	0	314	0.00126403	0	314	-0.00782585	0	314	0.015741	0	314	0.0556112	0	314	0.043355	0	
315	0.000213299	0	315	0.00694749	0	315	-0.00957799	0	315	0.0254892	0	315	0.0660486	0	315	0.0793971	0	
316	-0.0010687	0	316	0.0096866	0	316	-0.00955751	0	316	0.0221077	0	316	0.0639021	0	316	0.0913831	0	
317	-0.00117648	0	317	0.00922835	0	317	-0.00954667	0	317	0.0188394	0	317	0.0612015	0	317	0.0852725	0	
318	-0.0010544	0	318	0.00667478	0	318	-0.00819935	0	318	0.0214754	0	318	0.0558273	0	318	0.0752287	0	
319	-0.000893581	0	319	0.00418227	0	319	-0.00682112	0	319	0.0190364	0	319	0.0479504	0	319	0.0606747	0	
320	-0.00135136	0	320	0.00233059	0	320	-0.00483557	0	320	0.0183277	0	320	0.0352136	0	320	0.0490914	0	
321	-0.00101592	0	321	0.00054673	0	321	-0.00350598	0	321	0.0198278	0	321	0.0296697	0	321	0.0414917	0	
322	-0.000200336	0	322	-0.00173399	0	322	-0.000859802	0	322	0.0196423	0	322	0.012526	0	322	0.0286191	0	
323	0.000814747	0	323	-0.00228789	0	323	-0.000699798	0	323	0.0164186	0	323	0.0040915	0	323	0.0177952	0	
324	0.000508397	0	324	-0.00188576	0	324	-0.00074361	0	324	0.0154806	0	324	0.00370491	0	324	0.0178502	0	
325	0.000482592	0	325	-0.00429846	0	325	0.00104784	0	325	0.00849297	0	325	-0.00415211	0	325	0.0068754	0	
326	0	0	326	0	0	326	0	0	326	0	0	326	0	0	326	0	0	
327	0	0	327	0	0	327	0	0	327	0	0	327	0	0	327	0	0	
328	0.000407517	0	328	-0.00765589	0	328	0.00425986	0	328	-0.000761836	0	328	-0.0147135	0	328	-0.00954212	0	
329	0.000513951	0	329	-0.0079345	0	329	0.00412934	0	329	0.00451157	0	329	-0.0146553	0	329	-0.00924949	0	
330	0.000376973	0	330	-0.00792525	0	330	0.00376537	0	330	0.00794609	0	330	-0.0128642	0	330	-0.0119481	0	
331	0.000339919	0	331	-0.00740629	0	331	0.00396746	0	331	0.0112886	0	331	-0.0133788	0	331	-0.00796581	0	
332	0.000525032	0	332	-0.00779935	0	332	0.0047837	0	332	0.010921	0	332	-0.016048	0	332	-0.00908015	0	
333	0.000369343	0	333	-0.00882609	0	333	0.00504804	0	333	0.00911992	0	333	-0.017064	0	333	-0.0149878	0	
334	0.000488126	0	334	-0.00811251	0	334	0.00436683	0	334	0.0112338	0	334	-0.0140582	0	334	-0.0100952	0	
335	0.000432395	0	335	-0.00815604	0	335	0.00466457	0	335	0.0125405	0	335	-0.015472	0	335	-0.00982687	0	
336	0.000280947	0	336	-0.00818775	0	336	0.00516587	0	336	0.0122272	0	336	-0.015762	0	336	-0.0116083	0	
337	0.000416097	0	337	-0.00796576	0	337	0.00559018	0	337	0.0155783	0	337	-0.0173693	0	337	-0.00934307	0	
338	0.00036837	0	338	-0.00804003	0	338	0.00557392	0	338	0.0181269	0	338	-0.0168805	0	338	-0.00929377	0	
339	0.000334609	0	339	-0.00823877	0	339	0.00542926	0	339	0.0186767	0	339	-0.017047	0	339	-0.011245	0	
340	0.000386634	0	340	-0.00875146	0	340	0.00577164	0	340	0.020255	0	340	-0.0175853	0	340	-0.0136648	0	
341	0.000327911	0	341	-0.00917042	0	341	0.00602443	0	341	0.0210018	0	341	-0.0176963	0	341	-0.0148524	0	
342	0.000245231	0	342	-0.00933857	0	342	0.00608526	0	342	0.0196555	0	342	-0.0166566	0	342	-0.0150088	0	
343	0.000204555	0	343	-0.00962504	0	343	0.00603032	0	343	0.0198897	0	343	-0.0178857	0	343	-0.0178127	0	
344	0.00017493	0	344	-0.0100008	0	344	0.00587646	0	344	0.0186531	0	344	-0.0182845	0	344	-0.019811	0	
345	0.000212928	0	345	-0.0100357	0	345	0.00591042	0	345	0.0190334	0	345	-0.0182191	0	345	-0.019358	0	
346	0.000338131	0	346	-0.0102134	0	346	0.0061738	0	346	0.0191229	0	346	-0.0184198	0	346	-0.0206168	0	
347	0.000527926	0	347	-0.010521	0	347	0.00647957	0	347	0.0204342	0	347	-0.0197182	0	347	-0.0202946	0	
348	0.000470041	0	348	-0.0106954	0	348	0.00676255	0	348	0.0181518	0	348	-0.0213675	0	348	-0.0213004	0	
349	0.000467825	0	349	-0.0108377	0	349	0.00643462	0	349	0.0182704	0	349	-0.020009	0	349	-0.0220339	0	
350	0.000481956	0	350	-0.0108647	0	350	0.00618136	0	350	0.0186785	0	350	-0.018723	0	350	-0.022744	0	
351	0.000568511	0	351	-0.0110709	0	351	0.00639127	0	351	0.0190648	0	351	-0.0208062	0	351	-0.0232988	0	
352	0.000627486	0	352	-0.0117482	0	352	0.00683035	0	352	0.0182475	0	352	-0.0222477	0	352	-0.0281902	0	
353	0.000700289	0	353	-0.0122601	0	353	0.00677587	0	353	0.0196459	0	353	-0.0225837	0	353	-0.0277999	0	
354	0.000456056	0	354	-0.0116559	0	354	0.0066759	0	354	0.0171076	0	354	-0.0219177	0	354	-0.0282789	0	
355	0.00060493	0	355	-0.0111216	0	355	0.00642954	0	355	0.0197932	0	355	-0.0208295	0	355	-0.0234755	0	
356	0.000591108	0	356	-0.011283	0	356	0.00629632	0	356	0.0197642	0	356	-0.0199425	0	356	-0.0242247	0	
357	0.000361525	0	357	-0.0115492	0	357	0.00650951	0	357	0.0184308	0	357	-0.0214313	0	357	-0.0286377	0	
358	0.000577197	0	358	-0.0113584	0	358	0.00640737	0	358	0.0205251	0	358	-0.0203819	0	358	-0.0244838	0	
359	0.000406138	0	359	-0.0114746	0	359	0.00656976	0	359	0.0194782	0	359	-0.0210501	0	359	-0.0273144	0	
360	0.000570277	0	360	-0.0113672	0	360	0.00648407	0	360	0.021378	0	360	-0.0204702	0	360	-0.0260152	0	
361	0.00061195	0	361	-0.0114504	0	361	0.00642102	0	361	0.0214212	0	361	-0.0201204	0	361	-0.0260331	0	
362	0.000614897	0	362	-0.0114743	0	362	0.00637404	0	362	0.0216306	0	362	-0.019659	0	362	-0.025635	0	
363	0.00031066	0	363	-0.0118256	0	363	0.00660156	0	363	0.0182105	0	363	-0.0196021	0	363	-0.029978	0	
364	0.000667912	0	364	-0.0116839	0	364	0.00637812	0	364	0.021507	0	364	-0.0195	0	364	-0.0258563	0	
365	0.000667964	0	365	-0.0117765	0	365	0.00639668	0	365	0.0216565	0	365	-0.0197752	0	365	-0.0261542	0	
366	0.000676437	0	366	-0.0118294	0	366	0.00642071	0	366	0.0219117	0	366	-0.0198757	0	366	-0.0265493	0	
367	0.000611895	0	367	-0.0118624	0	367	0.00644489	0	367	0.0210457	0	367	-0.0199752	0	367	-0.0277823	0	
368	0.000658481	0	368	-0.0119517	0	368	0.00647492	0	368	0.0231959	0	368	-0.0203676	0	368	-0.0274375	0	
369	0.000658468	0	369	-0.0118678	0	369	0.00657548	0	369	0.0240475	0	369	-0.0204784	0	369	-0.0266611	0	
370	0.000527262	0	370	-0.011943	0	370	0.00638429	0	370	0.0233087	0	370	-0.0194696	0	370	-0.0273384	0	
371	0.00032558	0	371	-0.011617	0	371	0.00569548	0	371	0.0203553	0	371	-0.0161576	0	371	-0.0249811	0	
372	0.000377402	0	372	-0.0116116	0	372	0.0062455	0	372	0.0159806	0	372	-0.0192717	0	372	-0.0250003	0	
373	0.00053964	0	373	-0.0113913	0	373	0.00744527	0	373	0.0211408	0	373	-0.0228556	0	373	-0.023716	0	
374	0.000544843	0	374	-0.0116405	0	374	0.00782042	0	374	0.0237173	0	374	-0.0225701	0	374	-0.0251781	0	
375	0.000603081	0	375	-0.0120499	0	375	0.0075046	0	375	0.028861	0	375	-0.0231483	0	375	-0.0270915	0	
376	0.000600478	0	376	-0.0118265	0	376	0.00707355	0	376	0.0256079	0	376	-0.0204862	0	376	-0.0246824	0	
377	0.000594974	0	377	-0.0122925	0	377	0.00733566	0	377	0.0216345	0	377	-0.0214145	0	377	-0.0264462	0	
378	0.000544982	0	378	-0.0122118	0	378	0.00704119	0	378	0.0218099	0	378	-0.0204297	0	378	-0.0262323	0	
379	0.000394074	0	379	-0.0117785	0	379	0.00623633	0	379	0.0210192	0	379	-0.0152026	0	379	-0.0233499	0	
380	0.000452368	0	380	-0.0107997	0	380	0.00597738	0	380	0.0225842	0	380	-0.0150765	0	380	-0.019264	0	
381	0.000612997	0	381	-0.00837966	0	381	0.00630615	0	381	0.0360844	0	381	-0.0157447	0	381	-0.0104386	0	
382	0.000816599	0	382	-0.00559149	0	382	0.00758448	0	382	0.0611801	0	382	-0.0193999	0	382	-0.00188154	0	
383	0.000464848	0	383	-0.00207808	0	383	0.00894551	0	383	0.090834	0	383	-0.0212113	0	383	0.0119764	0	
384	-3.96395e-05	0	384	0.00168879	0	384	0.00933788	0	384	0.1	0	384	-0.0176159	0	384	0.0255429	0	
385	-0.000197297	0	385	0.00375552	0	385	0.00956625	0	385	0.1	0	385	-0.0151191	0	385	0.0304102	0	
386	-0.000416524	0	386	0.00556629	0	386	0.0104443	0	386	0.1	0	386	-0.0157265	0	386	0.0372414	0	
387	-0.000531424	0	387	0.00675696	0	387	0.0111256	0	387	0.1	0	387	-0.0157584	0	387	0.0400421	0	
388	-0.00074786	0	388	0.00805151	0	388	0.0115487	0	388	0.1	0	388	-0.0139727	0	388	0.0435327	0	
389	-0.00102554	0	389	0.00959644	0	389	0.0118537	0	389	0.1	0	389	-0.0114052	0	389	0.0474118	0	
390	-0.0011107	0	390	0.0102166	0	390	0.0122518	0	390	0.1	0	390	-0.0108202	0	390	0.0476214	0	
391	-0.00119833	0	391	0.0108219	0	391	0.0128929	0	391	0.1	0	391	-0.0110757	0	391	0.048279	0	
392	-0.00153272	0	392	0.0118056	0	392	0.0133954	0	392	0.1	0	392	-0.00914227	0	392	0.0525167	0	
393	-0.00194176	0	393	0.0136579	0	393	0.0140315	0	393	0.1	0	393	-0.00781466	0	393	0.0608501	0	
394	-0.0020677	0	394	0.0146587	0	394	0.014337	0	394	0.1	0	394	-0.00615433	0	394	0.0633803	0	
395	-0.00184679	0	395	0.014144	0	395	0.0142333	0	395	0.1	0	395	-0.00561412	0	395	0.0590798	0	
396	-0.00197637	0	396	0.0142901	0	396	0.0144097	0	396	0.1	0	396	-0.00366852	0	396	0.0597829	0	
397	-0.00206877	0	397	0.014361	0	397	0.0139436	0	397	0.1	0	397	0.000116954	0	397	0.058268	0	
398	-0.00220418	0	398	0.0147991	0	398	0.0140055	0	398	0.1	0	398	0.00225204	0	398	0.0600149	0	
399	-0.00238904	0	399	0.0153585	0	399	0.0141407	0	399	0.1	0	399	0.0049034	0	399	0.0622189	0	
400	-0.00235445	0	400	0.0154958	0	400	0.0143998	0	400	0.1	0	400	0.00358862	0	400	0.0615167	0	
401	-0.0024681	0	401	0.0156734	0	401	0.0145705	0	401	0.1	0	401	0.00529818	0	401	0.0619922	0	
402	-0.00256225	0	402	0.0157306	0	402	0.0141152	0	402	0.1	0	402	0.00832387	0	402	0.0614374	0	
403	-0.00251595	0	403	0.0153482	0	403	0.0135752	0	403	0.1	0	403	0.0108361	0	403	0.059119	0	
404	-0.00247953	0	404	0.0149429	0	404	0.0133509	0	404	0.1	0	404	0.0112605	0	404	0.0574668	0	
405	-0.00245267	0	405	0.0145962	0	405	0.0131679	0	405	0.1	0	405	0.010986	0	405	0.0551873	0	
406	-0.00247601	0	406	0.0145638	0	406	0.0132814	0	406	0.1	0	406	0.0103934	0	406	0.0552875	0	
407	-0.00244716	0	407	0.0144974	0	407	0.0133985	0	407	0.1	0	407	0.0100045	0	407	0.0556686	0	
408	-0.00243702	0	408	0.0145306	0	408	0.0135211	0	408	0.1	0	408	0.0105634	0	408	0.0565334	0	
409	-0.00246228	0	409	0.0146502	0	409	0.0137011	0	409	0.1	0	409	0.00940533	0	409	0.0573349	0	
410	-0.00241303	0	410	0.0144394	0	410	0.0137749	0	410	0.1	0	410	0.00858082	0	410	0.0565892	0	
411	-0.0023836	0	411	0.0141758	0	411	0.0137787	0	411	0.1	0	411	0.00813862	0	411	0.0553828	0	
412	-0.00235794	0	412	0.0140159	0	412	0.013749	0	412	0.1	0	412	0.00784674	0	412	0.0545292	0	
413	-0.00231486	0	413	0.0138294	0	413	0.0136692	0	413	0.1	0	413	0.00759164	0	413	0.0533926	0	
414	-0.00231247	0	414	0.0138105	0	414	0.0136171	0	414	0.1	0	414	0.00755628	0	414	0.0532328	0	
415	-0.00236022	0	415	0.0140002	0	415	0.0136092	0	415	0.1	0	415	0.00873764	0	415	0.0545155	0	
416	-0.0023471	0	416	0.0138798	0	416	0.0135775	0	416	0.1	0	416	0.00868304	0	416	0.0541414	0	
417	-0.0023211	0	417	0.013848	0	417	0.0134908	0	417	0.1	0	417	0.00860856	0	417	0.0535672	0	
418	-0.00234149	0	418	0.0138819	0	418	0.0134891	0	418	0.1	0	418	0.00863376	0	418	0.0541405	0	
419	-0.00231243	0	419	0.0138111	0	419	0.013439	0	419	0.1	0	419	0.00823137	0	419	0.0535514	0	
420	-0.00231274	0	420	0.0136818	0	420	0.0131749	0	420	0.1	0	420	0.00901533	0	420	0.0532407	0	
421	-0.00238231	0	421	0.0133626	0	421	0.0123661	0	421	0.1	0	421	0.0113034	0	421	0.0525983	0	
422	-0.00224248	0	422	0.0126035	0	422	0.0116073	0	422	0.1	0	422	0.01183	0	422	0.047905	0	
423	-0.0018338	0	423	0.0108741	0	423	0.0108737	0	423	0.1	0	423	0.00980712	0	423	0.040304	0	
424	-0.00163932	0	424	0.00932361	0	424	0.0102944	0	424	0.1	0	424	0.00868175	0	424	0.0344869	0	
425	-0.00196743	0	425	0.00967699	0	425	0.0100954	0	425	0.1	0	425	0.0102331	0	425	0.0372998	0	
426	-0.00214713	0	426	0.0103154	0	426	0.00978511	0	426	0.1	0	426	0.0124156	0	426	0.039871	0	
427	-0.00212276	0	427	0.0105632	0	427	0.00974348	0	427	0.1	0	427	0.0122394	0	427	0.0411154	0	
428	-0.00208389	0	428	0.0106112	0	428	0.0097925	0	428	0.1	0	428	0.0113859	0	428	0.0422674	0	
429	-0.00174881	0	429	0.00929841	0	429	0.00944098	0	429	0.1	0	429	0.00910193	0	429	0.0372387	0	
430	-0.00109144	0	430	0.0063389	0	430	0.00825965	0	430	0.1	0	430	0.00752055	0	430	0.024383	0	
431	-0.000735753	0	431	0.00353557	0	431	0.00690279	0	431	0.1	0	431	0.00764996	0	431	0.0145513	0	
432	-0.000956039	0	432	0.00331256	0	432	0.00612915	0	432	0.1	0	432	0.0099347	0	432	0.016324	0	
433	-0.00100385	0	433	0.00330705	0	433	0.00523941	0	433	0.1	0	433	0.0121925	0	433	0.0171681	0	
434	-0.00117725	0	434	0.00387277	0	434	0.00458259	0	434	0.1	0	434	0.0131599	0	434	0.0219771	0	
435	-0.00122125	0	435	0.00374972	0	435	0.00346618	0	435	0.1	0	435	0.0162174	0	435	0.0213333	0	
436	-0.00110493	0	436	0.00305775	0	436	0.00283373	0	436	0.1	0	436	0.0155327	0	436	0.0210721	0	
437	-0.0011784	0	437	0.00248742	0	437	0.00202234	0	437	0.1	0	437	0.0162685	0	437	0.0218496	0	
438	-0.00131486	0	438	0.00223969	0	438	0.00103954	0	438	0.1	0	438	0.0177584	0	438	0.0245104	0	
439	-0.00124078	0	439	0.0013722	0	439	2.00962e-05	0	439	0.1	0	439	0.0184004	0	439	0.0230939	0	
440	-0.0009796	0	440	7.50595e-05	0	440	-5.09257e-05	0	440	0.0859536	0	440	0.0158012	0	440	0.0207129	0	
441	-0.000724129	0	441	-0.00164357	0	441	3.3633e-05	0	441	0.0708093	0	441	0.0127612	0	441	0.0153354	0	
442	-0.000871522	0	442	-0.00187506	0	442	0.000186244	0	442	0.0555977	0	442	0.0118167	0	442	0.0198964	0	
443	-0.000728908	0	443	-0.00238409	0	443	-4.74182e-05	0	443	0.0397192	0	443	0.010189	0	443	0.0195969	0	
444	-0.000191046	0	444	-0.00590522	0	444	0.000213639	0	444	0.0145686	0	444	0.00450519	0	444	0.00580263	0	
445	0	0	445	0	0	445	0	0	445	0	0	445	0	0	445	0	0	
446	0.000880542	0	446	-0.0129275	0	446	0.00293477	0	446	-0.056887	0	446	-0.014602	0	446	-0.0143238	0	
447	0.00128761	0	447	-0.018203	0	447	0.00489199	0	447	-0.0923913	0	447	-0.0242656	0	447	-0.0331703	0	
448	0.00153651	0	448	-0.023031	0	448	0.00678065	0	448	-0.1	0	448	-0.0323993	0	448	-0.0479509	0	
449	0.00137958	0	449	-0.0261243	0	449	0.00749187	0	449	-0.1	0	449	-0.0344824	0	449	-0.0537065	0	
450	0.00106263	0	450	-0.0278937	0	450	0.00684795	0	450	-0.1	0	450	-0.030441	0	450	-0.0545281	0	
451	0.00115347	0	451	-0.0285186	0	451	0.00670377	0	451	-0.1	0	451	-0.0306718	0	451	-0.0557204	0	
452	0.00133133	0	452	-0.0299557	0	452	0.00737221	0	452	-0.1	0	452	-0.032123	0	452	-0.0614648	0	
453	0.00141406	0	453	-0.031897	0	453	0.00823562	0	453	-0.1	0	453	-0.0338901	0	453	-0.0676176	0	
454	0.00135078	0	454	-0.0341657	0	454	0.00987902	0	454	-0.1	0	454	-0.0375274	0	454	-0.0786131	0	
455	0.00124249	0	455	-0.0362519	0	455	0.0117668	0	455	-0.1	0	455	-0.0435746	0	455	-0.0868118	0	
456	0.000999227	0	456	-0.0361374	0	456	0.0113798	0	456	-0.1	0	456	-0.0417552	0	456	-0.0828566	0	
457	0.00131377	0	457	-0.034567	0	457	0.00992451	0	457	-0.1	0	457	-0.0378222	0	457	-0.0784402	0	
458	0.00139133	0	458	-0.0337081	0	458	0.00912515	0	458	-0.1	0	458	-0.0364068	0	458	-0.0751766	0	
459	0.00138063	0	459	-0.0336041	0	459	0.00914309	0	459	-0.1	0	459	-0.0372977	0	459	-0.0752617	0	
460	0.00125381	0	460	-0.0321838	0	460	0.00859437	0	460	-0.1	0	460	-0.0350627	0	460	-0.0731438	0	
461	0.00172927	0	461	-0.0292653	0	461	0.00775043	0	461	-0.1	0	461	-0.0354099	0	461	-0.06402	0	
462	0.00194587	0	462	-0.0249052	0	462	0.00687191	0	462	-0.1	0	462	-0.0367255	0	462	-0.0492789	0	
463	0.00200068	0	463	-0.0212196	0	463	0.00646311	0	463	-0.0928646	0	463	-0.0357957	0	463	-0.0392264	0	
464	0.00192082	0	464	-0.0172046	0	464	0.00590477	0	464	-0.0599455	0	464	-0.0343087	0	464	-0.0275215	0	
465	0.00183727	0	465	-0.0128145	0	465	0.00510531	0	465	-0.0331281	0	465	-0.0320298	0	465	-0.00984799	0	
466	0.00152948	0	466	-0.0126256	0	466	0.0048115	0	466	-0.0222378	0	466	-0.0279186	0	466	-0.0118245	0	
467	0.00169545	0	467	-0.0120581	0	467	0.00483279	0	467	-0.00283151	0	467	-0.0282933	0	467	-0.00953569	0	
468	0.00138766	0	468	-0.00948133	0	468	0.00487127	0	468	0.00840528	0	468	-0.0277314	0	468	0.000210108	0	
469	0.00116682	0	469	-0.0102751	0	469	0.00591416	0	469	0.00737641	0	469	-0.0292249	0	469	-0.00174074	0	
470	0.00169585	0	470	-0.0135616	0	470	0.00755759	0	470	0.00293777	0	470	-0.0370431	0	470	-0.0159389	0	
471	0.00166402	0	471	-0.0141103	0	471	0.00793357	0	471	0.00345742	0	471	-0.0379437	0	471	-0.0189698	0	
472	0.00139066	0	472	-0.011348	0	472	0.00656072	0	472	0.00973441	0	472	-0.0322871	0	472	-0.00653487	0	
473	0.00114407	0	473	-0.0112047	0	473	0.00645788	0	473	0.00942617	0	473	-0.0303254	0	473	-0.00640008	0	
474	0.00130079	0	474	-0.0110755	0	474	0.00661777	0	474	0.0104876	0	474	-0.0317737	0	474	-0.00577124	0	
475	0.00122037	0	475	-0.0105616	0	475	0.00639969	0	475	0.0103202	0	475	-0.0306218	0	475	-0.00378501	0	
476	0.00106035	0	476	-0.0110803	0	476	0.00637427	0	476	0.00890688	0	476	-0.0304367	0	476	-0.00745053	0	
477	0.00123677	0	477	-0.0108136	0	477	0.00606789	0	477	0.00986723	0	477	-0.0279547	0	477	-0.00323258	0	
478	0.00107186	0	478	-0.0110354	0	478	0.00621008	0	478	0.00776362	0	478	-0.0295738	0	478	-0.00629832	0	
479	0.00106246	0	479	-0.011394	0	479	0.00636214	0	479	0.0073459	0	479	-0.0308238	0	479	-0.00778341	0	
480	0.00127096	0	480	-0.0111214	0	480	0.00628065	0	480	0.00912669	0	480	-0.0302397	0	480	-0.00481382	0	
481	0.00118305	0	481	-0.0109956	0	481	0.00622194	0	481	0.00801304	0	481	-0.0295953	0	481	-0.0046334	0	
482	0.00119245	0	482	-0.0107201	0	482	0.0060725	0	482	0.00850157	0	482	-0.0286254	0	482	-0.00258691	0	
483	0.00118945	0	483	-0.0106595	0	483	0.00599636	0	483	0.00795866	0	483	-0.0284236	0	483	-0.00310576	0	
484	0.00116663	0	484	-0.0108457	0	484	0.00608241	0	484	0.00609271	0	484	-0.0285254	0	484	-0.00390086	0	
485	0.00100546	0	485	-0.0104989	0	485	0.00590073	0	485	0.00597736	0	485	-0.0278939	0	485	-0.00129779	0	
486	0.00118911	0	486	-0.00933282	0	486	0.00580643	0	486	0.0121134	0	486	-0.0276742	0	486	0.00245433	0	
487	0.000979277	0	487	-0.00691967	0	487	0.0056954	0	487	0.0314418	0	487	-0.0246634	0	487	0.00943375	0	
488	0.000555253	0	488	-0.00140105	0	488	0.0054554	0	488	0.0615317	0	488	-0.0199933	0	488	0.0324546	0	
489	-7.20808e-05	0	489	0.00272111	0	489	0.00615087	0	489	0.0987092	0	489	-0.0189422	0	489	0.0457764	0	
490	-0.000730567	0	490	0.00624166	0	490	0.0063841	0	490	0.1	0	490	-0.0145958	0	490	0.0565377	0	
491	-0.00164032	0	491	0.0104898	0	491	0.00652814	0	491	0.1	0	491	-0.00803885	0	491	0.0713768	0	
492	-0.0024727	0	492	0.0146035	0	492	0.00689362	0	492	0.1	0	492	-0.00257383	0	492	0.0856988	0	
493	-0.00271847	0	493	0.0169223	0	493	0.0076131	0	493	0.1	0	493	-0.000725406	0	493	0.0914441	0	
494	-0.00342366	0	494	0.0197331	0	494	0.00854275	0	494	0.1	0	494	0.00217053	0	494	0.1	0	
495	-0.00433735	0	495	0.0229919	0	495	0.00908144	0	495	0.1	0	495	0.00933143	0	495	0.1	0	
496	-0.00477351	0	496	0.0250542	0	496	0.00967886	0	496	0.1	0	496	0.0115576	0	496	0.1	0	
497	-0.00517358	0	497	0.0268401	0	497	0.0105909	0	497	0.1	0	497	0.0126808	0	497	0.1	0	
498	-0.00574436	0	498	0.0286113	0	498	0.0115841	0	498	0.1	0	498	0.01374	0	498	0.1	0	
499	-0.00575089	0	499	0.0290122	0	499	0.0118829	0	499	0.1	0	499	0.0147703	0	499	0.1	0	
500	-0.00616208	0	500	0.0305264	0	500	0.0125261	0	500	0.1	0	500	0.0153802	0	500	0.1	0	
501	-0.00647023	0	501	0.0319037	0	501	0.0131792	0	501	0.1	0	501	0.0160279	0	501	0.1	0	
502	-0.00628078	0	502	0.0320632	0	502	0.01348	0	502	0.1	0	502	0.0145311	0	502	0.1	0	
503	-0.00615096	0	503	0.0320035	0	503	0.0137149	0	503	0.1	0	503	0.013013	0	503	0.1	0	
504	-0.00611204	0	504	0.0325191	0	504	0.0133643	0	504	0.1	0	504	0.014566	0	504	0.1	0	
505	-0.00609552	0	505	0.0335117	0	505	0.0130744	0	505	0.1	0	505	0.0165049	0	505	0.1	0	
506	-0.00589906	0	506	0.0336867	0	506	0.0131701	0	506	0.1	0	506	0.0149574	0	506	0.1	0	
507	-0.00595889	0	507	0.033555	0	507	0.013372	0	507	0.1	0	507	0.014562	0	507	0.1	0	
508	-0.00606291	0	508	0.0330395	0	508	0.0133525	0	508	0.1	0	508	0.0119596	0	508	0.1	0	
509	-0.00629759	0	509	0.0331267	0	509	0.0132469	0	509	0.1	0	509	0.014174	0	509	0.1	0	
510	-0.00641706	0	510	0.0332747	0	510	0.0133973	0	510	0.1	0	510	0.0153096	0	510	0.1	0	
511	-0.00645924	0	511	0.033065	0	511	0.0137173	0	511	0.1	0	511	0.0129708	0	511	0.1	0	
512	-0.00649418	0	512	0.0327267	0	512	0.0136463	0	512	0.1	0	512	0.0141416	0	512	0.1	0	
513	-0.00651267	0	513	0.0326974	0	513	0.0137049	0	513	0.1	0	513	0.0141792	0	513	0.1	0	
514	-0.00636278	0	514	0.0325114	0	514	0.0136451	0	514	0.1	0	514	0.0117025	0	514	0.1	0	
515	-0.00631016	0	515	0.0322816	0	515	0.0136285	0	515	0.1	0	515	0.0112258	0	515	0.1	0	
516	-0.00639126	0	516	0.0322004	0	516	0.0135247	0	516	0.1	0	516	0.0131117	0	516	0.1	0	
517	-0.00637675	0	517	0.0321018	0	517	0.0134726	0	517	0.1	0	517	0.0116981	0	517	0.1	0	
518	-0.0064711	0	518	0.0321947	0	518	0.0137141	0	518	0.1	0	518	0.0120788	0	518	0.1	0	
519	-0.00648223	0	519	0.0321389	0	519	0.0135808	0	519	0.1	0	519	0.0140772	0	519	0.1	0	
520	-0.00643932	0	520	0.0319855	0	520	0.0137096	0	520	0.1	0	520	0.0104754	0	520	0.1	0	
521	-0.00648109	0	521	0.0320366	0	521	0.0137104	0	521	0.1	0	521	0.0110354	0	521	0.1	0	
522	-0.0064936	0	522	0.0321107	0	522	0.0137167	0	522	0.1	0	522	0.0112059	0	522	0.1	0	
523	-0.00653656	0	523	0.0321829	0	523	0.0138003	0	523	0.1	0	523	0.011723	0	523	0.1	0	
524	-0.0065453	0	524	0.0322152	0	524	0.013811	0	524	0.1	0	524	0.0111717	0	524	0.1	0	
525	-0.00661171	0	525	0.0322835	0	525	0.0139325	0	525	0.1	0	525	0.01108	0	525	0.1	0	
526	-0.00655971	0	526	0.0321012	0	526	0.0138345	0	526	0.1	0	526	0.0106394	0	526	0.1	0	
527	-0.00653341	0	527	0.0320714	0	527	0.0137828	0	527	0.1	0	527	0.0105294	0	527	0.1	0	
528	-0.00657249	0	528	0.0321381	0	528	0.0138534	0	528	0.1	0	528	0.0104197	0	528	0.1	0	
529	-0.00658097	0	529	0.0321088	0	529	0.0138611	0	529	0.1	0	529	0.0109138	0	529	0.1	0	
530	-0.00658669	0	530	0.032112	0	530	0.0139007	0	530	0.1	0	530	0.0106028	0	530	0.1	0	
531	-0.00661379	0	531	0.032123	0	531	0.0139167	0	531	0.1	0	531	0.0107702	0	531	0.1	0	
532	-0.00663629	0	532	0.0321473	0	532	0.0138918	0	532	0.1	0	532	0.011235	0	532	0.1	0	
533	-0.00663951	0	533	0.032151	0	533	0.0138707	0	533	0.1	0	533	0.011434	0	533	0.1	0	
534	-0.00666678	0	534	0.0321592	0	534	0.013874	0	534	0.1	0	534	0.0118734	0	534	0.1	0	
535	-0.00668069	0	535	0.0321644	0	535	0.0138739	0	535	0.1	0	535	0.01207	0	535	0.1	0	
536	-0.00667478	0	536	0.0321718	0	536	0.0138353	0	536	0.1	0	536	0.012013	0	536	0.1	0	
537	-0.00666689	0	537	0.0321665	0	537	0.0138044	0	537	0.1	0	537	0.0118193	0	537	0.1	0	
538	-0.00666548	0	538	0.032162	0	538	0.0137843	0	538	0.1	0	538	0.0117752	0	538	0.1	0	
539	-0.00667462	0	539	0.0321563	0	539	0.0137586	0	539	0.1	0	539	0.0118801	0	539	0.1	0	
540	-0.00668379	0	540	0.0321605	0	540	0.0137567	0	540	0.1	0	540	0.0120063	0	540	0.1	0	
541	-0.00670796	0	541	0.0321544	0	541	0.0137557	0	541	0.1	0	541	0.0123527	0	541	0.1	0	
542	-0.00672861	0	542	0.0321643	0	542	0.0137755	0	542	0.1	0	542	0.012565	0	542	0.1	0	
543	-0.00678359	0	543	0.0322406	0	543	0.0139707	0	543	0.1	0	543	0.0119096	0	543	0.1	0	
544	-0.00679702	0	544	0.0322278	0	544	0.0139918	0	544	0.1	0	544	0.011936	0	544	0.1	0	
545	-0.00682578	0	545	0.0321027	0	545	0.0139415	0	545	0.1	0	545	0.0138573	0	545	0.1	0	
546	-0.00678656	0	546	0.0320866	0	546	0.0139138	0	546	0.1	0	546	0.0124361	0	546	0.1	0	
547	-0.00683628	0	547	0.0320775	0	547	0.0139689	0	547	0.1	0	547	0.0136365	0	547	0.1	0	
548	-0.00678962	0	548	0.0320696	0	548	0.0138919	0	548	0.1	0	548	0.012465	0	548	0.1	0	
549	-0.00678836	0	549	0.0321269	0	549	0.0139434	0	549	0.1	0	549	0.0118525	0	549	0.1	0	
550	-0.00678144	0	550	0.0321115	0	550	0.0139175	0	550	0.1	0	550	0.0122874	0	550	0.1	0	
551	-0.00676772	0	551	0.0320998	0	551	0.0139199	0	551	0.1	0	551	0.0120999	0	551	0.1	0	
552	-0.00676875	0	552	0.0320837	0	552	0.0139424	0	552	0.1	0	552	0.0119439	0	552	0.1	0	
553	-0.0067911	0	553	0.0320596	0	553	0.0139602	0	553	0.1	0	553	0.0121076	0	553	0.1	0	
554	-0.00687822	0	554	0.032054	0	554	0.0139904	0	554	0.1	0	554	0.014205	0	554	0.1	0	
555	-0.0068998	0	555	0.0320675	0	555	0.0141757	0	555	0.1	0	555	0.0121283	0	555	0.1	0	
556	-0.00685378	0	556	0.032005	0	556	0.0141072	0	556	0.1	0	556	0.0117819	0	556	0.1	0	
557	-0.00686227	0	557	0.0319914	0	557	0.0141271	0	557	0.1	0	557	0.0117964	0	557	0.1	0	
558	-0.00686237	0	558	0.0320062	0	558	0.0141198	0	558	0.1	0	558	0.0114358	0	558	0.1	0	
559	-0.00692217	0	559	0.0320252	0	559	0.0141371	0	559	0.1	0	559	0.014069	0	559	0.1	0	
560	-0.00691232	0	560	0.0320346	0	560	0.0142236	0	560	0.1	0	560	0.0115376	0	560	0.1	0	
561	-0.00692545	0	561	0.0320036	0	561	0.0141849	0	561	0.1	0	561	0.0110366	0	561	0.1	0	
562	-0.00694589	0	562	0.0322076	0	562	0.0142261	0	562	0.1	0	562	0.0103622	0	562	0.1	0	
563	-0.0068934	0	563	0.0321617	0	563	0.014097	0	563	0.1	0	563	0.0112009	0	563	0.1	0	
564	-0.0067954	0	564	0.0318918	0	564	0.0136732	0	564	0.1	0	564	0.012132	0	564	0.1	0	
565	-0.00684324	0	565	0.0317109	0	565	0.0128324	0	565	0.1	0	565	0.0146936	0	565	0.1	0	
566	-0.00679788	0	566	0.0313533	0	566	0.0116281	0	566	0.1	0	566	0.0183736	0	566	0.1	0	
567	-0.00659734	0	567	0.0309198	0	567	0.0103956	0	567	0.1	0	567	0.0197377	0	567	0.1	0	
568	-0.00649308	0	568	0.0306461	0	568	0.00908523	0	568	0.1	0	568	0.0201261	0	568	0.1	0	
569	-0.00624701	0	569	0.0291217	0	569	0.0061275	0	569	0.1	0	569	0.0292546	0	569	0.1	0	
570	-0.00541362	0	570	0.0261265	0	570	0.00182346	0	570	0.1	0	570	0.0387316	0	570	0.1	0	
571	-0.00489777	0	571	0.023581	0	571	-0.00235603	0	571	0.1	0	571	0.0457452	0	571	0.1	0	
572	-0.00504117	0	572	0.0224514	0	572	-0.00610817	0	572	0.1	0	572	0.0559783	0	572	0.0986284	0	
573	-0.00498191	0	573	0.0207388	0	573	-0.00895113	0	573	0.1	0	573	0.0627716	0	573	0.0934198	0	
574	-0.00463705	0	574	0.018336	0	574	-0.00998283	0	574	0.1	0	574	0.0630899	0	574	0.0885537	0	
575	-0.00412711	0	575	0.0151041	0	575	-0.0103467	0	575	0.1	0	575	0.0538873	0	575	0.0806431	0	
576	-0.00313791	0	576	0.0110776	0	576	-0.0106199	0	576	0.1	0	576	0.0456798	0	576	0.0695657	0	
577	-0.00229518	0	577	0.00710056	0	577	-0.0104875	0	577	0.0744401	0	577	0.0399155	0	577	0.0564091	0	
578	-0.00163264	0	578	0.00469596	0	578	-0.0100102	0	578	0.0488199	0	578	0.0343749	0	578	0.0498878	0	
579	-0.00103311	0	579	0.00287323	0	579	-0.0090038	0	579	0.031473	0	579	0.0259426	0	579	0.0439275	0	
580	-0.000655969	0	580	0.000991816	0	580	-0.00775335	0	580	0.0184349	0	580	0.0186827	0	580	0.0372496	0	
581	-8.25389e-05	0	581	-0.00158748	0	581	-0.00673912	0	581	0.00951765	0	581	0.0128828	0	581	0.0265912	0	
582	0.000446218	0	582	-0.00423102	0	582	-0.00514766	0	582	0.00546973	0	582	0.00577194	0	582	0.0150147	0	
583	0	0	583	0	0	583	0	0	583	0	0	583	0	0	583	0	0	
584	1.63487e-05	0	584	-0.00263925	0	584	-0.00470287	0	584	0.00930494	0	584	0.00669665	0	584	0.0203797	0	
585	0.00034658	0	585	-0.00353386	0	585	-0.0042891	0	585	0.0108167	0	585	0.00405396	0	585	0.0178804	0	
586	0.000498695	0	586	-0.00367562	0	586	-0.00417426	0	586	0.0121528	0	586	0.00242953	0	586	0.0175297	0	
587	0.000424114	0	587	-0.00377752	0	587	-0.00418178	0	587	0.0115372	0	587	0.00239156	0	587	0.0163686	0	
588	0.000444892	0	588	-0.00408473	0	588	-0.00415831	0	588	0.0104087	0	588	0.00304971	0	588	0.0154048	0	
589	0.000471198	0	589	-0.00465645	0	589	-0.00405042	0	589	0.00974669	0	589	0.0018042	0	589	0.0128419	0	
590	0	0	590	0	0	590	0	0	590	0	0	590	0	0	590	0	0	
591	0	0	591	0	0	591	0	0	591	0	0	591	0	0	591	0	0	
592	0.000153435	0	592	-0.00405383	0	592	-0.00489536	0	592	0.0105992	0	592	0.00644905	0	592	0.0134221	0	
593	0.000288242	0	593	-0.00392188	0	593	-0.00469479	0	593	0.0123088	0	593	0.00499461	0	593	0.0158052	0	
594	0.000114972	0	594	-0.00375515	0	594	-0.0049039	0	594	0.0118979	0	594	0.0064781	0	594	0.0164096	0	
595	2.92478e-05	0	595	-0.00408647	0	595	-0.00529995	0	595	0.0119837	0	595	0.00846161	0	595	0.0140553	0	
596	-0.000120838	0	596	-0.00369078	0	596	-0.00535579	0	596	0.0107674	0	596	0.00887889	0	596	0.0171298	0	
597	-4.82283e-05	0	597	-0.00327883	0	597	-0.00537165	0	597	0.011599	0	597	0.008682	0	597	0.0192899	0	
598	0.000143891	0	598	-0.00361054	0	598	-0.00515685	0	598	0.0124555	0	598	0.00709126	0	598	0.0173995	0	
599	4.39003e-05	0	599	-0.00374125	0	599	-0.00508645	0	599	0.0117617	0	599	0.00686332	0	599	0.0172919	0	
600	-7.92175e-05	0	600	-0.00346063	0	600	-0.00519217	0	600	0.0110224	0	600	0.0077839	0	600	0.0190917	0	
601	2.0963e-05	0	601	-0.00339371	0	601	-0.00519952	0	601	0.0118949	0	601	0.00766527	0	601	0.0184747	0	
602	8.16473e-05	0	602	-0.00368337	0	602	-0.00518169	0	602	0.0130523	0	602	0.00905015	0	602	0.0163408	0	
603	7.24383e-05	0	603	-0.00423825	0	603	-0.00499738	0	603	0.0124164	0	603	0.00819125	0	603	0.0131529	0	
604	9.2211e-05	0	604	-0.00480279	0	604	-0.00499879	0	604	0.0138916	0	604	0.00785357	0	604	0.0100796	0	
605	2.02739e-05	0	605	-0.00455261	0	605	-0.00505851	0	605	0.0148017	0	605	0.00729992	0	605	0.0127754	0	
606	6.07241e-05	0	606	-0.00429833	0	606	-0.00500649	0	606	0.0135316	0	606	0.00738573	0	606	0.0145537	0	
607	6.21325e-05	0	607	-0.00436062	0	607	-0.00482769	0	607	0.0114864	0	607	0.0067695	0	607	0.0141887	0	
608	2.74281e-05	0	608	-0.00445889	0	608	-0.0048375	0	608	0.0106501	0	608	0.00722544	0	608	0.0129577	0	
609	-0.000112435	0	609	-0.00485621	0	609	-0.00518615	0	609	0.00757017	0	609	0.00939486	0	609	0.0113359	0	
610	0	0	610	0	0	610	0	0	610	0	0	610	0	0	610	0	0	
611	0	0	611	0	0	611	0	0	611	0	0	611	0	0	611	0	0	
612	0	0	612	0	0	612	0	0	612	0	0	612	0	0	612	0	0	
613	0	0	613	0	0	613	0	0	613	0	0	613	0	0	613	0	0	
614	0.000227171	0	614	-0.00939784	0	614	-0.00655001	0	614	-0.0516845	0	614	0.0115639	0	614	0.00382516	0	
615	-8.39522e-05	0	615	-0.00916087	0	615	-0.0084535	0	615	-0.0693125	0	615	0.0186238	0	615	0.00887194	0	
616	8.76778e-05	0	616	-0.0105619	0	616	-0.00877724	0	616	-0.0922117	0	616	0.0171595	0	616	0.00515532	0	
617	0.000622223	0	617	-0.0136707	0	617	-0.00738152	0	617	-0.1	0	617	0.010196	0	617	-0.00457293	0	
618	0.000936122	0	618	-0.017009	0	618	-0.00558509	0	618	-0.1	0	618	0.002168	0	618	-0.0124747	0	
619	0.000795751	0	619	-0.0197004	0	619	-0.00501801	0	619	-0.1	0	619	2.04876e-05	0	619	-0.0156289	0	
620	0.000962866	0	620	-0.0222108	0	620	-0.00425429	0	620	-0.1	0	620	-0.00366534	0	620	-0.0204392	0	
621	0.00150597	0	621	-0.0245279	0	621	-0.00200072	0	621	-0.1	0	621	-0.0140106	0	621	-0.0264915	0	
622	0.00193071	0	622	-0.0273167	0	622	0.00016293	0	622	-0.1	0	622	-0.0217021	0	622	-0.0327801	0	
623	0.00217625	0	623	-0.0297131	0	623	0.00268564	0	623	-0.1	0	623	-0.0321661	0	623	-0.0395021	0	
624	0.00242588	0	624	-0.0314066	0	624	0.00602143	0	624	-0.1	0	624	-0.0443667	0	624	-0.0470377	0	
625	0.00230474	0	625	-0.033882	0	625	0.00747413	0	625	-0.1	0	625	-0.0466323	0	625	-0.0544795	0	
626	0.00200028	0	626	-0.0365423	0	626	0.00886907	0	626	-0.1	0	626	-0.0469714	0	626	-0.0644795	0	
627	0.00158601	0	627	-0.039481	0	627	0.0106948	0	627	-0.1	0	627	-0.04819	0	627	-0.0779524	0	
628	0.00100121	0	628	-0.0429629	0	628	0.0126559	0	628	-0.1	0	628	-0.0484478	0	628	-0.0943301	0	
629	0.000568295	0	629	-0.045492	0	629	0.016554	0	629	-0.1	0	629	-0.0584436	0	629	-0.1	0	
630	0.000149441	0	630	-0.0469477	0	630	0.0195644	0	630	-0.1	0	630	-0.0653074	0	630	-0.1	0	
631	0.00010496	0	631	-0.0476903	0	631	0.0206755	0	631	-0.1	0	631	-0.0668049	0	631	-0.1	0	
632	-9.06339e-05	0	632	-0.0480698	0	632	0.0233727	0	632	-0.1	0	632	-0.0755713	0	632	-0.1	0	
633	-0.000370658	0	633	-0.0487103	0	633	0.0248379	0	633	-0.1	0	633	-0.0796068	0	633	-0.1	0	
634	7.49281e-06	0	634	-0.0470176	0	634	0.0249783	0	634	-0.1	0	634	-0.0838072	0	634	-0.1	0	
635	-0.000863886	0	635	-0.048571	0	635	0.0306158	0	635	-0.1	0	635	-0.0979406	0	635	-0.1	0	
636	-0.00239223	0	636	-0.0518812	0	636	0.0342305	0	636	-0.1	0	636	-0.0974566	0	636	-0.1	0	
637	-0.00275806	0	637	-0.0534463	0	637	0.0343191	0	637	-0.1	0	637	-0.0924007	0	637	-0.1	0	
638	-0.00249538	0	638	-0.0534606	0	638	0.0312418	0	638	-0.1	0	638	-0.0792786	0	638	-0.1	0	
639	-0.00292346	0	639	-0.0547464	0	639	0.032392	0	639	-0.1	0	639	-0.0803694	0	639	-0.1	0	
640	-0.00366264	0	640	-0.0563999	0	640	0.0346766	0	640	-0.1	0	640	-0.0842375	0	640	-0.1	0	
641	-0.00380524	0	641	-0.0567601	0	641	0.0347005	0	641	-0.1	0	641	-0.0821002	0	641	-0.1	0	
642	-0.00367683	0	642	-0.0570737	0	642	0.0334261	0	642	-0.1	0	642	-0.0756905	0	642	-0.1	0	
643	-0.00399573	0	643	-0.0582386	0	643	0.033597	0	643	-0.1	0	643	-0.0734476	0	643	-0.1	0	
644	-0.0040836	0	644	-0.0587673	0	644	0.0328956	0	644	-0.1	0	644	-0.0689183	0	644	-0.1	0	
645	-0.0042001	0	645	-0.0593292	0	645	0.0328729	0	645	-0.1	0	645	-0.0673212	0	645	-0.1	0	
646	-0.00424222	0	646	-0.0601862	0	646	0.0331055	0	646	-0.1	0	646	-0.0665426	0	646	-0.1	0	
647	-0.00449239	0	647	-0.0611672	0	647	0.0335816	0	647	-0.1	0	647	-0.0655759	0	647	-0.1	0	
648	-0.00419167	0	648	-0.061483	0	648	0.0330411	0	648	-0.1	0	648	-0.0644147	0	648	-0.1	0	
649	-0.00422586	0	649	-0.0615308	0	649	0.0331509	0	649	-0.1	0	649	-0.0656714	0	649	-0.1	0	
650	-0.00417733	0	650	-0.0612872	0	650	0.0335686	0	650	-0.1	0	650	-0.0678184	0	650	-0.1	0	
651	-0.00399339	0	651	-0.060801	0	651	0.0335814	0	651	-0.1	0	651	-0.0692091	0	651	-0.1	0	
652	-0.00379597	0	652	-0.0602823	0	652	0.0335662	0	652	-0.1	0	652	-0.071548	0	652	-0.1	0	
653	-0.00376306	0	653	-0.060092	0	653	0.0338429	0	653	-0.1	0	653	-0.0726874	0	653	-0.1	0	
654	-0.00382365	0	654	-0.0601098	0	654	0.0340568	0	654	-0.1	0	654	-0.0730085	0	654	-0.1	0	
655	-0.00384234	0	655	-0.060197	0	655	0.0339843	0	655	-0.1	0	655	-0.0726913	0	655	-0.1	0	
656	-0.00385858	0	656	-0.0602663	0	656	0.0339553	0	656	-0.1	0	656	-0.0725526	0	656	-0.1	0	
657	-0.00409029	0	657	-0.0604341	0	657	0.033442	0	657	-0.1	0	657	-0.0682245	0	657	-0.1	0	
658	-0.00390626	0	658	-0.0604809	0	658	0.0337735	0	658	-0.1	0	658	-0.0714583	0	658	-0.1	0	
659	-0.00384837	0	659	-0.0603384	0	659	0.0341351	0	659	-0.1	0	659	-0.0736345	0	659	-0.1	0	
660	-0.0038016	0	660	-0.0600137	0	660	0.0336564	0	660	-0.1	0	660	-0.0720518	0	660	-0.1	0	
661	-0.00372742	0	661	-0.0598487	0	661	0.033347	0	661	-0.1	0	661	-0.0713242	0	661	-0.1	0	
662	-0.0035997	0	662	-0.0597415	0	662	0.0327345	0	662	-0.1	0	662	-0.0692572	0	662	-0.1	0	
663	-0.00347099	0	663	-0.0595735	0	663	0.0322505	0	663	-0.1	0	663	-0.0683097	0	663	-0.1	0	
664	-0.00351616	0	664	-0.0594845	0	664	0.0330155	0	664	-0.1	0	664	-0.0714176	0	664	-0.1	0	
665	-0.00353537	0	665	-0.0596651	0	665	0.0332525	0	665	-0.1	0	665	-0.0720873	0	665	-0.1	0	
666	-0.00334336	0	666	-0.0596097	0	666	0.0325785	0	666	-0.1	0	666	-0.0708501	0	666	-0.1	0	
667	-0.00313402	0	667	-0.0597605	0	667	0.0313962	0	667	-0.1	0	667	-0.0658322	0	667	-0.1	0	
668	-0.00231543	0	668	-0.0590493	0	668	0.0296043	0	668	-0.1	0	668	-0.0644631	0	668	-0.1	0	
669	-0.00146375	0	669	-0.0583996	0	669	0.0280483	0	669	-0.1	0	669	-0.067977	0	669	-0.1	0	
670	-0.000962285	0	670	-0.0579497	0	670	0.0262895	0	670	-0.1	0	670	-0.0663302	0	670	-0.1	0	
671	-0.000690772	0	671	-0.0573693	0	671	0.0233025	0	671	-0.1	0	671	-0.0585865	0	671	-0.1	0	
672	0.00026194	0	672	-0.0545158	0	672	0.020515	0	672	-0.1	0	672	-0.0551834	0	672	-0.1	0	
673	0.000759277	0	673	-0.0505013	0	673	0.0160424	0	673	-0.1	0	673	-0.0476115	0	673	-0.0984524	0	
674	0.00128547	0	674	-0.0475236	0	674	0.0150993	0	674	-0.1	0	674	-0.0500645	0	674	-0.0863357	0	
675	0.00167455	0	675	-0.0434483	0	675	0.0130358	0	675	-0.1	0	675	-0.0474348	0	675	-0.068128	0	
676	0.00164171	0	676	-0.0407303	0	676	0.00937823	0	676	-0.1	0	676	-0.0347677	0	676	-0.0533672	0	
677	0.00183644	0	677	-0.0367571	0	677	0.00601993	0	677	-0.1	0	677	-0.026905	0	677	-0.0299479	0	
678	0.00201485	0	678	-0.0323644	0	678	0.00385507	0	678	-0.1	0	678	-0.0249019	0	678	-0.00808713	0	
679	0.00226005	0	679	-0.0284829	0	679	0.00157329	0	679	-0.1	0	679	-0.0216677	0	679	0.0151585	0	
680	0.00215837	0	680	-0.0247395	0	680	-8.29373e-05	0	680	-0.1	0	680	-0.0203342	0	680	0.0360916	0	
681	0.00189885	0	681	-0.021521	0	681	-0.00175746	0	681	-0.1	0	681	-0.0181586	0	681	0.0516461	0	
682	0.0011953	0	682	-0.0185051	0	682	-0.0040351	0	682	-0.0936345	0	682	-0.00813301	0	682	0.066137	0	
683	0.000408184	0	683	-0.0149138	0	683	-0.00570479	0	683	-0.0663803	0	683	-0.00166425	0	683	0.080552	0	
684	0.000238716	0	684	-0.0118958	0	684	-0.00483882	0	684	-0.0408922	0	684	-0.00364498	0	684	0.0887352	0	
685	0.000258348	0	685	-0.00997677	0	685	-0.00343733	0	685	-0.0193446	0	685	-0.0092217	0	685	0.0938207	0	
686	0.000233299	0	686	-0.00887354	0	686	-0.00227065	0	686	-0.00627243	0	686	-0.0124875	0	686	0.0963648	0	
687	0.000215637	0	687	-0.00896607	0	687	-0.00212355	0	687	0.0012023	0	687	-0.0139449	0	687	0.094873	0	
