Velocities
0	0	0	0	0	0	0	0	0	0	0	0	0	0	0	0	0	0	
1	0	0	1	0	0	1	0	0	1	0	0	1	0	0	1	0	0	
2	0	0	2	0	0	2	0	0	2	0	0	2	0	0	2	0	0	
3	-8.69782e-05	0	3	-0.00370303	0	3	-0.0010487	0	3	0.00505695	0	3	0.0131327	0	3	-0.0205083	0	
4	0.000258812	0	4	-0.00404778	0	4	-0.000624504	0	4	0.00367329	0	4	0.0113396	0	4	-0.020433	0	
5	0.000444038	0	5	-0.00380568	0	5	-0.00020109	0	5	0.00246047	0	5	0.0129743	0	5	-0.0175543	0	
6	0	0	6	0	0	6	0	0	6	0	0	6	0	0	6	0	0	
7	0	0	7	0	0	7	0	0	7	0	0	7	0	0	7	0	0	
8	0	0	8	0	0	8	0	0	8	0	0	8	0	0	8	0	0	
9	0	0	9	0	0	9	0	0	9	0	0	9	0	0	9	0	0	
10	0.000805321	0	10	-0.00310267	0	10	-0.000800089	0	10	0.00175702	0	10	0.0166528	0	10	-0.0123568	0	
11	0	0	11	0	0	11	0	0	11	0	0	11	0	0	11	0	0	
12	0	0	12	0	0	12	0	0	12	0	0	12	0	0	12	0	0	
13	0	0	13	0	0	13	0	0	13	0	0	13	0	0	13	0	0	
14	0	0	14	0	0	14	0	0	14	0	0	14	0	0	14	0	0	
15	0.00153141	0	15	-0.00128336	0	15	-0.00147423	0	15	0.00577158	0	15	0.0226757	0	15	-0.00361833	0	
16	0.00162928	0	16	-0.000895036	0	16	-0.00151911	0	16	0.00692216	0	16	0.0235352	0	16	-0.000222961	0	
17	0.00171121	0	17	-0.000450626	0	17	-0.00177297	0	17	0.00621575	0	17	0.0251859	0	17	0.00325545	0	
18	0.00164804	0	18	-0.00025099	0	18	-0.00197592	0	18	0.00423972	0	18	0.0263331	0	18	0.00403511	0	
19	0.00122828	0	19	-0.000595402	0	19	-0.00242985	0	19	0.00312797	0	19	0.0302873	0	19	0.00164535	0	
20	0.00079163	0	20	-0.000704178	0	20	-0.00274607	0	20	0.00232362	0	20	0.0294582	0	20	0.00145553	0	
21	0.000613011	0	21	-0.0004435	0	21	-0.00233472	0	21	0.00131657	0	21	0.0286192	0	21	0.00308302	0	
22	0.000775939	0	22	2.85013e-05	0	22	-0.00180585	0	22	0.00300757	0	22	0.0255553	0	22	0.000385342	0	
23	0.000579321	0	23	0.000631666	0	23	-0.00143539	0	23	0.00551705	0	23	0.0221179	0	23	-0.000366869	0	
24	-0.000115295	0	24	0.00162432	0	24	-0.00150165	0	24	0.00659858	0	24	0.0184936	0	24	0.00327785	0	
25	0	0	25	0	0	25	0	0	25	0	0	25	0	0	25	0	0	
26	-0.0014145	0	26	0.00232534	0	26	-0.00281539	0	26	0.00198385	0	26	0.0182701	0	26	0.00851931	0	
27	0	0	27	0	0	27	0	0	27	0	0	27	0	0	27	0	0	
28	0	0	28	0	0	28	0	0	28	0	0	28	0	0	28	0	0	
29	0	0	29	0	0	29	0	0	29	0	0	29	0	0	29	0	0	
30	0	0	30	0	0	30	0	0	30	0	0	30	0	0	30	0	0	
31	-0.00353732	0	31	-0.00111369	0	31	0.00660117	0	31	-0.00410695	0	31	-0.0712593	0	31	-0.00691664	0	
32	-0.00274187	0	32	-0.000360414	0	32	0.00693861	0	32	-0.00147426	0	32	-0.0745105	0	32	-0.00440528	0	
33	-0.00174854	0	33	6.73983e-05	0	33	0.00574358	0	33	-0.00180717	0	33	-0.0586602	0	33	-0.00169366	0	
34	-0.00168591	0	34	0.000466254	0	34	0.00478845	0	34	-0.00178347	0	34	-0.0482501	0	34	0.000428058	0	
35	-0.00171871	0	35	0.000707311	0	35	0.0042206	0	35	-0.00117612	0	35	-0.0443437	0	35	0.00161194	0	
36	-0.0013284	0	36	0.000858522	0	36	0.00403009	0	36	0.000973229	0	36	-0.0402067	0	36	0.00333906	0	
37	-0.000883209	0	37	0.00152856	0	37	0.00363125	0	37	0.0018924	0	37	-0.0337571	0	37	0.0108518	0	
38	-0.000661146	0	38	0.00195264	0	38	0.00288869	0	38	0.00148484	0	38	-0.0268228	0	38	0.0137389	0	
39	-0.000477727	0	39	0.00229002	0	39	0.00177891	0	39	-0.000927449	0	39	-0.0163479	0	39	0.0169998	0	
40	-0.00113245	0	40	0.00455984	0	40	-0.0002858	0	40	-0.0147638	0	40	-0.000242246	0	40	0.0436137	0	
41	-0.0012825	0	41	0.00573847	0	41	-0.00102551	0	41	-0.0144552	0	41	0.00697648	0	41	0.0462788	0	
42	-0.000741811	0	42	0.00372533	0	42	-0.000186705	0	42	-0.00729864	0	42	0.00200589	0	42	0.0279977	0	
43	-0.000162105	0	43	0.00204286	0	43	0.000296621	0	43	-0.00288105	0	43	-0.000164143	0	43	0.0128451	0	
44	0	0	44	0	0	44	0	0	44	0	0	44	0	0	44	0	0	
45	0	0	45	0	0	45	0	0	45	0	0	45	0	0	45	0	0	
46	0	0	46	0	0	46	0	0	46	0	0	46	0	0	46	0	0	
47	0	0	47	0	0	47	0	0	47	0	0	47	0	0	47	0	0	
48	0	0	48	0	0	48	0	0	48	0	0	48	0	0	48	0	0	
49	0	0	49	0	0	49	0	0	49	0	0	49	0	0	49	0	0	
50	0	0	50	0	0	50	0	0	50	0	0	50	0	0	50	0	0	
51	0	0	51	0	0	51	0	0	51	0	0	51	0	0	51	0	0	
52	0	0	52	0	0	52	0	0	52	0	0	52	0	0	52	0	0	
53	0	0	53	0	0	53	0	0	53	0	0	53	0	0	53	0	0	
54	0	0	54	0	0	54	0	0	54	0	0	54	0	0	54	0	0	
55	0	0	55	0	0	55	0	0	55	0	0	55	0	0	55	0	0	
56	0.00157757	0	56	-0.00629658	0	56	0.00035712	0	56	0.0297441	0	56	0.0062498	0	56	-0.0659595	0	
57	0.00191417	0	57	-0.00759835	0	57	0.000361631	0	57	0.0354995	0	57	0.00816041	0	57	-0.0762846	0	
58	0.00220033	0	58	-0.00777719	0	58	0.000245146	0	58	0.0374016	0	58	0.0125345	0	58	-0.0772525	0	
59	0.00250276	0	59	-0.00644144	0	59	0.000253766	0	59	0.0352427	0	59	0.0246489	0	59	-0.0707642	0	
60	0.00228819	0	60	-0.00561276	0	60	0.000197088	0	60	0.0385371	0	60	0.0117439	0	60	-0.0662457	0	
61	0.00292452	0	61	-0.00459797	0	61	0.000482544	0	61	0.0363405	0	61	0.0269617	0	61	-0.0632452	0	
62	0.00309918	0	62	-0.00451243	0	62	0.000828852	0	62	0.037218	0	62	0.0239682	0	62	-0.0610652	0	
63	0.00278803	0	63	-0.00458579	0	63	0.00084183	0	63	0.039235	0	63	0.0125237	0	63	-0.0590863	0	
64	0.0029119	0	64	-0.00401423	0	64	0.00088719	0	64	0.0361528	0	64	0.0189782	0	64	-0.0562891	0	
65	0.00288452	0	65	-0.00398536	0	65	0.000676768	0	65	0.0365385	0	65	0.0198354	0	65	-0.056665	0	
66	0.00289496	0	66	-0.00414056	0	66	0.000779779	0	66	0.0351215	0	66	0.0209192	0	66	-0.0592696	0	
67	0.00302122	0	67	-0.00456755	0	67	0.000952396	0	67	0.035716	0	67	0.0197423	0	67	-0.0605578	0	
68	0.0030567	0	68	-0.00502148	0	68	0.000850409	0	68	0.0351823	0	68	0.0202875	0	68	-0.0651601	0	
69	0.00271842	0	69	-0.00536002	0	69	0.00140146	0	69	0.0265637	0	69	0.0190221	0	69	-0.072301	0	
70	0.00249424	0	70	-0.00641959	0	70	0.000112374	0	70	0.0453242	0	70	0.0168987	0	70	-0.0755894	0	
71	0.00259122	0	71	-0.00630945	0	71	0.00100534	0	71	0.0305648	0	71	0.0201927	0	71	-0.0794692	0	
72	0.00246831	0	72	-0.00768429	0	72	-0.000158097	0	72	0.0498156	0	72	0.0186219	0	72	-0.0863739	0	
73	0.00195315	0	73	-0.00912252	0	73	-0.000504475	0	73	0.0549352	0	73	0.000212991	0	73	-0.0960361	0	
74	0.0030493	0	74	-0.00798103	0	74	0.00160234	0	74	0.0241592	0	74	0.0207292	0	74	-0.0911759	0	
75	0.00257232	0	75	-0.00799581	0	75	0.00102459	0	75	0.0280795	0	75	0.0171482	0	75	-0.0886618	0	
76	0.00242623	0	76	-0.00727143	0	76	0.0010578	0	76	0.0252607	0	76	0.0149621	0	76	-0.0808398	0	
77	0.00254075	0	77	-0.00646609	0	77	0.000918887	0	77	0.0247716	0	77	0.0166303	0	77	-0.0718284	0	
78	0.00202636	0	78	-0.00608728	0	78	-0.000347498	0	78	0.0421931	0	78	0.0100082	0	78	-0.0650373	0	
79	0.00139146	0	79	-0.00567094	0	79	-0.000332286	0	79	0.0406765	0	79	-0.00885862	0	79	-0.057637	0	
80	0.00183995	0	80	-0.00478744	0	80	2.01936e-05	0	80	0.034803	0	80	0.0061878	0	80	-0.0530947	0	
81	0.00176846	0	81	-0.0044417	0	81	4.03894e-05	0	81	0.0321929	0	81	0.00631234	0	81	-0.0492582	0	
82	0.00162768	0	82	-0.00389604	0	82	0.000116803	0	82	0.0296976	0	82	0.00550908	0	82	-0.0446558	0	
83	0.00150246	0	83	-0.00348035	0	83	2.29593e-06	0	83	0.0274555	0	83	0.00556793	0	83	-0.0409326	0	
84	0.00147529	0	84	-0.00327568	0	84	-1.21729e-05	0	84	0.0243865	0	84	0.00687959	0	84	-0.0381645	0	
85	0.00135864	0	85	-0.00304999	0	85	1.24894e-06	0	85	0.0224401	0	85	0.00608755	0	85	-0.0352585	0	
86	0.00119883	0	86	-0.00285025	0	86	9.59206e-06	0	86	0.0207338	0	86	0.00532943	0	86	-0.0327382	0	
87	0.00116403	0	87	-0.00257207	0	87	1.3896e-05	0	87	0.0192439	0	87	0.00489716	0	87	-0.0298421	0	
88	0.00108409	0	88	-0.00233993	0	88	8.49852e-06	0	88	0.0175878	0	88	0.00436119	0	88	-0.0274736	0	
89	0.00119708	0	89	-0.00188781	0	89	0.000807807	0	89	0.00300701	0	89	0.00677733	0	89	-0.0254217	0	
90	0.00123485	0	90	-0.00159991	0	90	0.00116836	0	90	-0.00228656	0	90	0.00752445	0	90	-0.0225574	0	
91	0.000918085	0	91	-0.00199971	0	91	-4.27417e-05	0	91	0.0159344	0	91	0.00307629	0	91	-0.022916	0	
92	0.000802681	0	92	-0.00186893	0	92	-9.80844e-05	0	92	0.0150139	0	92	0.00300616	0	92	-0.0220091	0	
93	0.000822746	0	93	-0.00141863	0	93	0.000197086	0	93	0.00857481	0	93	0.00416282	0	93	-0.0189758	0	
94	0	0	94	0	0	94	0	0	94	0	0	94	0	0	94	0	0	
95	0.000692088	0	95	-0.00146659	0	95	-0.000187714	0	95	0.0141136	0	95	0.00291982	0	95	-0.0176282	0	
96	0.000739177	0	96	-0.00154211	0	96	-0.0001518	0	96	0.0138992	0	96	0.00339425	0	96	-0.0174085	0	
97	0	0	97	0	0	97	0	0	97	0	0	97	0	0	97	0	0	
98	0.00104296	0	98	0.000281915	0	98	-0.00213937	0	98	-0.00741601	0	98	0.0354127	0	98	-0.00941102	0	
99	0.00028617	0	99	0.000355699	0	99	-0.0045232	0	99	0.00551994	0	99	0.0457232	0	99	-0.00672986	0	
100	-0.000781019	0	100	-0.000207979	0	100	-0.00584779	0	100	0.0130325	0	100	0.037813	0	100	-0.00702254	0	
101	-0.00035243	0	101	0.000648603	0	101	-0.00438465	0	101	-0.0147386	0	101	0.0560679	0	101	-0.0055888	0	
102	-8.37322e-05	0	102	0.000470074	0	102	-0.00460999	0	102	-0.00858349	0	102	0.0530422	0	102	-0.00516414	0	
103	1.82281e-05	0	103	0.000635271	0	103	-0.00450834	0	103	-0.00763431	0	103	0.0520246	0	103	-0.00320129	0	
104	-6.38635e-05	0	104	0.00058077	0	104	-0.00457376	0	104	-0.00728	0	104	0.0517836	0	104	-0.00294094	0	
105	-0.000277908	0	105	0.000451614	0	105	-0.00483293	0	105	-0.00652992	0	105	0.050826	0	105	-0.0032405	0	
106	-0.000561576	0	106	0.000257634	0	106	-0.00510472	0	106	-0.00316514	0	106	0.0492879	0	106	-0.00446244	0	
107	-0.000607851	0	107	0.000238751	0	107	-0.00487929	0	107	-0.00318864	0	107	0.0461097	0	107	-0.00370163	0	
108	-0.000575755	0	108	0.000582021	0	108	-0.00339405	0	108	-0.00878614	0	108	0.0339488	0	108	-0.000379831	0	
109	-0.000981749	0	109	0.00075724	0	109	-0.00134859	0	109	-0.00482469	0	109	0.0118972	0	109	0.00343145	0	
110	0	0	110	0	0	110	0	0	110	0	0	110	0	0	110	0	0	
111	0	0	111	0	0	111	0	0	111	0	0	111	0	0	111	0	0	
112	-0.000370432	0	112	0.00175406	0	112	0.00610789	0	112	-0.0151251	0	112	-0.0453855	0	112	0.0112528	0	
113	-0.000680811	0	113	0.000499149	0	113	0.00527455	0	113	0.0126759	0	113	-0.0673344	0	113	0.00814388	0	
114	-0.000607998	0	114	0.000748678	0	114	0.00605772	0	114	0.0115032	0	114	-0.0697382	0	114	0.00918682	0	
115	-0.00029159	0	115	0.00120571	0	115	0.00671021	0	115	0.00971242	0	115	-0.0648012	0	115	0.0109179	0	
116	2.48193e-05	0	116	0.00128151	0	116	0.00696082	0	116	0.00727614	0	116	-0.0638907	0	116	0.0108513	0	
117	0.000177389	0	117	0.00136496	0	117	0.00694956	0	117	0.00767403	0	117	-0.0615883	0	117	0.011013	0	
118	0.0001948	0	118	0.00135994	0	118	0.00646618	0	118	0.00709925	0	118	-0.0573424	0	118	0.0103761	0	
119	8.4014e-05	0	119	0.00123964	0	119	0.00577943	0	119	0.00710229	0	119	-0.0526105	0	119	0.00927184	0	
120	-0.000115527	0	120	0.00111072	0	120	0.00537034	0	120	-0.000415268	0	120	-0.0481142	0	120	0.00843166	0	
121	0.000231863	0	121	0.00144392	0	121	0.00574075	0	121	-0.0118379	0	121	-0.0401039	0	121	0.00902838	0	
122	0.000376606	0	122	0.00173212	0	122	0.00588026	0	122	-0.0168507	0	122	-0.0371933	0	122	0.00938642	0	
123	0.000357497	0	123	0.00165628	0	123	0.005401	0	123	-0.0143057	0	123	-0.0339952	0	123	0.00886071	0	
124	0.000104144	0	124	0.000990827	0	124	0.00366018	0	124	0.00489483	0	124	-0.0331975	0	124	0.00632469	0	
125	-5.05446e-05	0	125	0.000617124	0	125	0.00293626	0	125	0.0106448	0	125	-0.0336191	0	125	0.00581115	0	
126	-1.77896e-05	0	126	0.000606013	0	126	0.00290995	0	126	0.00806866	0	126	-0.0312584	0	126	0.00558069	0	
127	6.47786e-05	0	127	0.000625602	0	127	0.00280321	0	127	0.00723551	0	127	-0.0276345	0	127	0.00574502	0	
128	0.000106346	0	128	0.00063896	0	128	0.00255845	0	128	0.00632913	0	128	-0.0230535	0	128	0.00562727	0	
129	-5.38898e-06	0	129	0.000470772	0	129	0.0023138	0	129	0.00622812	0	129	-0.0258968	0	129	0.0049948	0	
130	4.39211e-05	0	130	0.000512939	0	130	0.00216164	0	130	0.00618168	0	130	-0.0232009	0	130	0.00456782	0	
131	8.49409e-05	0	131	0.000578579	0	131	0.00196216	0	131	0.00582247	0	131	-0.0207891	0	131	0.00422852	0	
132	0	0	132	0	0	132	0	0	132	0	0	132	0	0	132	0	0	
133	0	0	133	0	0	133	0	0	133	0	0	133	0	0	133	0	0	
134	-0.000435198	0	134	-0.0001699	0	134	0.00145166	0	134	0.00777896	0	134	-0.0328121	0	134	0.00328714	0	
135	-0.000350258	0	135	-8.89925e-05	0	135	0.00141093	0	135	0.00758351	0	135	-0.0305047	0	135	0.00400375	0	
136	-0.000193024	0	136	0.000128172	0	136	0.00138391	0	136	0.00468913	0	136	-0.021211	0	136	0.00344404	0	
137	0	0	137	0	0	137	0	0	137	0	0	137	0	0	137	0	0	
138	-0.000287479	0	138	-1.4491e-06	0	138	0.001291	0	138	0.00618701	0	138	-0.0265555	0	138	0.00367616	0	
139	-0.000242398	0	139	0.000112683	0	139	0.00113824	0	139	0.00667256	0	139	-0.0249502	0	139	0.00424536	0	
140	4.60012e-05	0	140	0.000656869	0	140	0.00104576	0	140	0.00594499	0	140	-0.00773734	0	140	0.00725622	0	
141	0	0	141	0	0	141	0	0	141	0	0	141	0	0	141	0	0	
142	-0.000407917	0	142	0.00456035	0	142	0.000106522	0	142	0.0188037	0	142	0.00808993	0	142	0.0352557	0	
143	-0.000764773	0	143	0.00523945	0	143	-0.000686614	0	143	0.0306176	0	143	0.00368008	0	143	0.0430407	0	
144	-0.000335891	0	144	0.00679064	0	144	-0.000445657	0	144	0.0197507	0	144	0.0298341	0	144	0.0463417	0	
145	-0.000451356	0	145	0.00717706	0	145	0.000179578	0	145	0.0116032	0	145	0.0350241	0	145	0.0419588	0	
146	-0.000329434	0	146	0.00710011	0	146	-0.000197412	0	146	0.0226147	0	146	0.0381387	0	146	0.0409461	0	
147	-0.00028059	0	147	0.00709183	0	147	-0.000576373	0	147	0.0307625	0	147	0.0405305	0	147	0.0402636	0	
148	-0.000324206	0	148	0.00699565	0	148	-0.00118854	0	148	0.0370856	0	148	0.0428066	0	148	0.0385019	0	
149	-0.000488989	0	149	0.00662763	0	149	-0.00141404	0	149	0.0375912	0	149	0.0445462	0	149	0.0360238	0	
150	-0.000656992	0	150	0.00635088	0	150	-0.00189677	0	150	0.0354259	0	150	0.0455218	0	150	0.0338025	0	
151	-0.000849439	0	151	0.00575199	0	151	-0.00205859	0	151	0.0343401	0	151	0.0445756	0	151	0.0316342	0	
152	-0.000934607	0	152	0.0053161	0	152	-0.00225245	0	152	0.0311382	0	152	0.0427113	0	152	0.0290325	0	
153	-0.000917824	0	153	0.00492377	0	153	-0.00218894	0	153	0.0288633	0	153	0.040325	0	153	0.0271548	0	
154	-0.000847588	0	154	0.00477051	0	154	-0.00212453	0	154	0.026259	0	154	0.0374884	0	154	0.0262002	0	
155	-0.000644432	0	155	0.00494241	0	155	-0.00156064	0	155	0.0220666	0	155	0.0314818	0	155	0.0280241	0	
156	-0.000791421	0	156	0.00460226	0	156	-0.00163518	0	156	0.0198293	0	156	0.0306138	0	156	0.0251613	0	
157	-0.000897912	0	157	0.00424834	0	157	-0.00177965	0	157	0.01591	0	157	0.0293978	0	157	0.0229697	0	
158	-0.000867924	0	158	0.00382916	0	158	-0.00171917	0	158	0.0144159	0	158	0.027787	0	158	0.0210492	0	
159	-0.000791521	0	159	0.00357317	0	159	-0.00157898	0	159	0.0131553	0	159	0.0257731	0	159	0.0198817	0	
160	-0.000694324	0	160	0.00331232	0	160	-0.00149092	0	160	0.0127792	0	160	0.0235153	0	160	0.0181812	0	
161	-0.000582371	0	161	0.00304718	0	161	-0.00138271	0	161	0.0129259	0	161	0.021231	0	161	0.0164222	0	
162	-0.000487341	0	162	0.00279487	0	162	-0.00128154	0	162	0.012884	0	162	0.0190184	0	162	0.0148199	0	
163	-0.000375349	0	163	0.00251141	0	163	-0.00111684	0	163	0.0121433	0	163	0.0173581	0	163	0.0135423	0	
164	-0.000273078	0	164	0.0022616	0	164	-0.00101574	0	164	0.0113759	0	164	0.0160459	0	164	0.0124213	0	
165	-0.000260203	0	165	0.00204722	0	165	-0.000995032	0	165	0.0105393	0	165	0.014774	0	165	0.0112055	0	
166	0	0	166	0	0	166	0	0	166	0	0	166	0	0	166	0	0	
167	0	0	167	0	0	167	0	0	167	0	0	167	0	0	167	0	0	
168	0	0	168	0	0	168	0	0	168	0	0	168	0	0	168	0	0	
169	0	0	169	0	0	169	0	0	169	0	0	169	0	0	169	0	0	
170	0	0	170	0	0	170	0	0	170	0	0	170	0	0	170	0	0	
171	0	0	171	0	0	171	0	0	171	0	0	171	0	0	171	0	0	
172	0	0	172	0	0	172	0	0	172	0	0	172	0	0	172	0	0	
173	0	0	173	0	0	173	0	0	173	0	0	173	0	0	173	0	0	
174	0	0	174	0	0	174	0	0	174	0	0	174	0	0	174	0	0	
175	0	0	175	0	0	175	0	0	175	0	0	175	0	0	175	0	0	
176	0	0	176	0	0	176	0	0	176	0	0	176	0	0	176	0	0	
177	0	0	177	0	0	177	0	0	177	0	0	177	0	0	177	0	0	
178	0	0	178	0	0	178	0	0	178	0	0	178	0	0	178	0	0	
179	0	0	179	0	0	179	0	0	179	0	0	179	0	0	179	0	0	
180	0	0	180	0	0	180	0	0	180	0	0	180	0	0	180	0	0	
181	0	0	181	0	0	181	0	0	181	0	0	181	0	0	181	0	0	
182	0	0	182	0	0	182	0	0	182	0	0	182	0	0	182	0	0	
183	0	0	183	0	0	183	0	0	183	0	0	183	0	0	183	0	0	
184	0	0	184	0	0	184	0	0	184	0	0	184	0	0	184	0	0	
185	0	0	185	0	0	185	0	0	185	0	0	185	0	0	185	0	0	
186	0	0	186	0	0	186	0	0	186	0	0	186	0	0	186	0	0	
187	0	0	187	0	0	187	0	0	187	0	0	187	0	0	187	0	0	
188	0	0	188	0	0	188	0	0	188	0	0	188	0	0	188	0	0	
189	0	0	189	0	0	189	0	0	189	0	0	189	0	0	189	0	0	
190	0	0	190	0	0	190	0	0	190	0	0	190	0	0	190	0	0	
191	0	0	191	0	0	191	0	0	191	0	0	191	0	0	191	0	0	
192	0	0	192	0	0	192	0	0	192	0	0	192	0	0	192	0	0	
193	0	0	193	0	0	193	0	0	193	0	0	193	0	0	193	0	0	
194	0	0	194	0	0	194	0	0	194	0	0	194	0	0	194	0	0	
195	0	0	195	0	0	195	0	0	195	0	0	195	0	0	195	0	0	
196	0	0	196	0	0	196	0	0	196	0	0	196	0	0	196	0	0	
197	0	0	197	0	0	197	0	0	197	0	0	197	0	0	197	0	0	
198	0	0	198	0	0	198	0	0	198	0	0	198	0	0	198	0	0	
199	0	0	199	0	0	199	0	0	199	0	0	199	0	0	199	0	0	
200	0	0	200	0	0	200	0	0	200	0	0	200	0	0	200	0	0	
201	0	0	201	0	0	201	0	0	201	0	0	201	0	0	201	0	0	
202	0	0	202	0	0	202	0	0	202	0	0	202	0	0	202	0	0	
203	0.000389418	0	203	-0.00915727	0	203	-0.0036386	0	203	-0.0524156	0	203	0.00716532	0	203	-0.0295583	0	
204	-0.000911356	0	204	-0.00973078	0	204	-0.00457914	0	204	-0.0633255	0	204	0.00241043	0	204	-0.0392809	0	
205	-0.00145976	0	205	-0.00979605	0	205	-0.00534858	0	205	-0.0708049	0	205	0.00823295	0	205	-0.0400532	0	
206	-0.00189938	0	206	-0.00915312	0	206	-0.00577558	0	206	-0.078063	0	206	0.0221213	0	206	-0.0395865	0	
207	-0.00285993	0	207	-0.00868073	0	207	-0.00665167	0	207	-0.0771545	0	207	0.0117134	0	207	-0.0385852	0	
208	-0.00327622	0	208	-0.00851313	0	208	-0.00684157	0	208	-0.0827532	0	208	0.0149261	0	208	-0.0373929	0	
209	-0.00345525	0	209	-0.0087585	0	209	-0.00721747	0	209	-0.08589	0	209	0.00997935	0	209	-0.0415217	0	
210	-0.00326555	0	210	-0.009538	0	210	-0.00679519	0	210	-0.0872697	0	210	0.0106872	0	210	-0.0435841	0	
211	-0.00227657	0	211	-0.00987045	0	211	-0.00638911	0	211	-0.0882809	0	211	0.0207748	0	211	-0.0460365	0	
212	-0.00194779	0	212	-0.0110125	0	212	-0.00522771	0	212	-0.0822432	0	212	-0.00288966	0	212	-0.0483957	0	
213	-0.000604004	0	213	-0.0115797	0	213	-0.00426733	0	213	-0.0801858	0	213	-0.00276716	0	213	-0.04867	0	
214	0.000553258	0	214	-0.0112725	0	214	-0.00291849	0	214	-0.07907	0	214	0.00819032	0	214	-0.0505061	0	
215	0.00126809	0	215	-0.0114295	0	215	-0.00163064	0	215	-0.0763036	0	215	-0.00424292	0	215	-0.0507777	0	
216	0.0014581	0	216	-0.0123113	0	216	0.000227583	0	216	-0.0688916	0	216	-0.0380102	0	216	-0.0506727	0	
217	0.00246726	0	217	-0.0117802	0	217	0.00175282	0	217	-0.0675434	0	217	-0.0406875	0	217	-0.0471307	0	
218	0.00322164	0	218	-0.0110884	0	218	0.00308799	0	218	-0.0660123	0	218	-0.0356593	0	218	-0.0501993	0	
219	0.00378608	0	219	-0.0106374	0	219	0.00438031	0	219	-0.0649466	0	219	-0.0416359	0	219	-0.0482384	0	
220	0.00421692	0	220	-0.0107378	0	220	0.00581514	0	220	-0.0614122	0	220	-0.0578498	0	220	-0.0438501	0	
221	0.00444805	0	221	-0.0107477	0	221	0.00651854	0	221	-0.0597574	0	221	-0.0659754	0	221	-0.0435023	0	
222	0.00506762	0	222	-0.0106978	0	222	0.00680812	0	222	-0.0613652	0	222	-0.055645	0	222	-0.0472885	0	
223	0.00475926	0	223	-0.0113457	0	223	0.00689489	0	223	-0.0572587	0	223	-0.0700846	0	223	-0.0472718	0	
224	0.00467441	0	224	-0.0105799	0	224	0.00586113	0	224	-0.0601051	0	224	-0.048678	0	224	-0.0471903	0	
225	0.00424885	0	225	-0.0101473	0	225	0.00488778	0	225	-0.054516	0	225	-0.0470293	0	225	-0.0450868	0	
226	0.00366539	0	226	-0.00986263	0	226	0.00408794	0	226	-0.0499491	0	226	-0.0453773	0	226	-0.0419329	0	
227	0.00317316	0	227	-0.00943491	0	227	0.00320542	0	227	-0.045159	0	227	-0.0486372	0	227	-0.0380634	0	
228	0.00295164	0	228	-0.0091306	0	228	0.00283855	0	228	-0.0427515	0	228	-0.0441641	0	228	-0.0359822	0	
229	0.00285389	0	229	-0.00811762	0	229	0.00236923	0	229	-0.0440231	0	229	-0.0280497	0	229	-0.035803	0	
230	0.00270507	0	230	-0.00736303	0	230	0.0021384	0	230	-0.0457633	0	230	-0.0222793	0	230	-0.0320751	0	
231	0.00245907	0	231	-0.00680459	0	231	0.00200686	0	231	-0.0421789	0	231	-0.0205766	0	231	-0.0292251	0	
232	0.00243393	0	232	-0.0062855	0	232	0.00167303	0	232	-0.0361926	0	232	-0.0202415	0	232	-0.0271081	0	
233	0.00233176	0	233	-0.00584131	0	233	0.00183117	0	233	-0.0346732	0	233	-0.0203366	0	233	-0.0246485	0	
234	0.00136858	0	234	-0.00622242	0	234	0.00103676	0	234	-0.0253322	0	234	-0.0359839	0	234	-0.023833	0	
235	0.00123009	0	235	-0.00561166	0	235	0.000478891	0	235	-0.0243716	0	235	-0.0279322	0	235	-0.0197792	0	
236	0.00140024	0	236	-0.00421932	0	236	0.000236509	0	236	-0.0266033	0	236	-0.00745971	0	236	-0.0169668	0	
237	0.00128665	0	237	-0.00394696	0	237	0.00021917	0	237	-0.0245696	0	237	-0.00636688	0	237	-0.0156533	0	
238	0.0013009	0	238	-0.0035792	0	238	0.000310169	0	238	-0.0231877	0	238	-0.00604801	0	238	-0.0146247	0	
239	0.00129678	0	239	-0.00343527	0	239	0.000373706	0	239	-0.0216366	0	239	-0.00669876	0	239	-0.0136101	0	
240	0.00124313	0	240	-0.00322289	0	240	0.000312527	0	240	-0.019965	0	240	-0.00562149	0	240	-0.012428	0	
241	0.00107204	0	241	-0.00302019	0	241	0.000324762	0	241	-0.018651	0	241	-0.00576663	0	241	-0.0116857	0	
242	0.000910511	0	242	-0.00280068	0	242	0.000299989	0	242	-0.0194071	0	242	-0.0045094	0	242	-0.0111089	0	
243	0.000803203	0	243	-0.00251665	0	243	0.000453001	0	243	-0.0227389	0	243	-0.0038059	0	243	-0.01016	0	
244	0.00094645	0	244	-0.00213926	0	244	0.000732131	0	244	-0.0269498	0	244	0.00243693	0	244	-0.00898841	0	
245	0.000684313	0	245	-0.00241331	0	245	0.0001724	0	245	-0.012267	0	245	-0.00924747	0	245	-0.00763248	0	
246	0	0	246	0	0	246	0	0	246	0	0	246	0	0	246	0	0	
247	0	0	247	0	0	247	0	0	247	0	0	247	0	0	247	0	0	
248	0	0	248	0	0	248	0	0	248	0	0	248	0	0	248	0	0	
249	0	0	249	0	0	249	0	0	249	0	0	249	0	0	249	0	0	
250	0	0	250	0	0	250	0	0	250	0	0	250	0	0	250	0	0	
251	0	0	251	0	0	251	0	0	251	0	0	251	0	0	251	0	0	
252	0	0	252	0	0	252	0	0	252	0	0	252	0	0	252	0	0	
253	0	0	253	0	0	253	0	0	253	0	0	253	0	0	253	0	0	
254	0	0	254	0	0	254	0	0	254	0	0	254	0	0	254	0	0	
255	0	0	255	0	0	255	0	0	255	0	0	255	0	0	255	0	0	
256	-0.00017311	0	256	0.00332506	0	256	0.000515568	0	256	-0.00581201	0	256	-0.00562613	0	256	0.0342362	0	
257	-0.000899447	0	257	0.00511972	0	257	0.000488926	0	257	-0.00396551	0	257	-0.0104767	0	257	0.0469558	0	
258	-0.00140438	0	258	0.00667248	0	258	0.000362223	0	258	-0.00230933	0	258	-0.00681311	0	258	0.0545732	0	
259	-0.00208354	0	259	0.00736419	0	259	0.000329765	0	259	0.00297026	0	259	-0.0189159	0	259	0.0614433	0	
260	-0.00243464	0	260	0.00845596	0	260	0.000336098	0	260	0.00577909	0	260	-0.0180962	0	260	0.0662746	0	
261	-0.00256848	0	261	0.00966785	0	261	0.00044329	0	261	0.0066098	0	261	-0.00383839	0	261	0.0725626	0	
262	-0.00326024	0	262	0.0104477	0	262	0.000256325	0	262	0.01284	0	262	-0.0144822	0	262	0.0774922	0	
263	-0.00347007	0	263	0.0116708	0	263	0.000337615	0	263	0.015558	0	263	-0.00687775	0	263	0.0836141	0	
264	-0.00349917	0	264	0.0123514	0	264	0.000463925	0	264	0.0170321	0	264	0.000840463	0	264	0.0892767	0	
265	-0.00369234	0	265	0.012171	0	265	0.000290581	0	265	0.0207903	0	265	-0.00878202	0	265	0.0898174	0	
266	-0.00367248	0	266	0.0118747	0	266	0.000225251	0	266	0.022396	0	266	-0.00936758	0	266	0.0903768	0	
267	-0.0033814	0	267	0.0114687	0	267	-8.68803e-05	0	267	0.022095	0	267	-0.00382278	0	267	0.0879489	0	
268	-0.00317578	0	268	0.0109736	0	268	-0.000318083	0	268	0.024804	0	268	0.000665057	0	268	0.0857099	0	
269	-0.00292008	0	269	0.0106201	0	269	-0.000448953	0	269	0.0249814	0	269	0.00293481	0	269	0.0825672	0	
270	-0.00255977	0	270	0.0100274	0	270	-0.000444918	0	270	0.0249376	0	270	0.00193431	0	270	0.0783785	0	
271	-0.00214309	0	271	0.0096915	0	271	-0.000216032	0	271	0.0269926	0	271	0.00142437	0	271	0.0743435	0	
272	-0.00181502	0	272	0.0090732	0	272	-0.000112575	0	272	0.028703	0	272	0.000616958	0	272	0.070843	0	
273	-0.00154061	0	273	0.00829615	0	273	-0.000155688	0	273	0.0279172	0	273	7.72525e-05	0	273	0.0657626	0	
274	-0.00128414	0	274	0.00719162	0	274	-0.000149869	0	274	0.0253731	0	274	0.00123236	0	274	0.0593936	0	
275	-0.000906328	0	275	0.0057521	0	275	-0.000393843	0	275	0.0212416	0	275	0.00042376	0	275	0.0502055	0	
276	-0.000590202	0	276	0.0044306	0	276	-0.000327439	0	276	0.0172412	0	276	0.00224941	0	276	0.0439052	0	
277	-0.000474072	0	277	0.00340327	0	277	-0.000416161	0	277	0.0134879	0	277	0.00342331	0	277	0.0377052	0	
278	-0.000455859	0	278	0.00234063	0	278	-0.000637976	0	278	0.0111147	0	278	-0.000389942	0	278	0.0316032	0	
279	-0.000325052	0	279	0.00152888	0	279	-0.0006309	0	279	0.00768239	0	279	-0.000101734	0	279	0.0259214	0	
280	9.27014e-05	0	280	0.000965445	0	280	-0.000444843	0	280	0.0038221	0	280	0.00782553	0	280	0.0201836	0	
281	0	0	281	0	0	281	0	0	281	0	0	281	0	0	281	0	0	
282	0	0	282	0	0	282	0	0	282	0	0	282	0	0	282	0	0	
283	0	0	283	0	0	283	0	0	283	0	0	283	0	0	283	0	0	
284	0	0	284	0	0	284	0	0	284	0	0	284	0	0	284	0	0	
285	0	0	285	0	0	285	0	0	285	0	0	285	0	0	285	0	0	
286	0	0	286	0	0	286	0	0	286	0	0	286	0	0	286	0	0	
287	0	0	287	0	0	287	0	0	287	0	0	287	0	0	287	0	0	
288	0	0	288	0	0	288	0	0	288	0	0	288	0	0	288	0	0	
289	0	0	289	0	0	289	0	0	289	0	0	289	0	0	289	0	0	
290	0	0	290	0	0	290	0	0	290	0	0	290	0	0	290	0	0	
291	0	0	291	0	0	291	0	0	291	0	0	291	0	0	291	0	0	
292	0	0	292	0	0	292	0	0	292	0	0	292	0	0	292	0	0	
293	0	0	293	0	0	293	0	0	293	0	0	293	0	0	293	0	0	
294	0	0	294	0	0	294	0	0	294	0	0	294	0	0	294	0	0	
295	0	0	295	0	0	295	0	0	295	0	0	295	0	0	295	0	0	
296	0	0	296	0	0	296	0	0	296	0	0	296	0	0	296	0	0	
297	0	0	297	0	0	297	0	0	297	0	0	297	0	0	297	0	0	
298	0	0	298	0	0	298	0	0	298	0	0	298	0	0	298	0	0	
299	0	0	299	0	0	299	0	0	299	0	0	299	0	0	299	0	0	
300	0	0	300	0	0	300	0	0	300	0	0	300	0	0	300	0	0	
301	0	0	301	0	0	301	0	0	301	0	0	301	0	0	301	0	0	
302	0	0	302	0	0	302	0	0	302	0	0	302	0	0	302	0	0	
303	0.00100002	0	303	-0.000353396	0	303	-0.00140013	0	303	0.00357925	0	303	0.0249995	0	303	0.00873109	0	
304	-0.00278529	0	304	-0.000610969	0	304	-0.00399801	0	304	0.00392763	0	304	0.022425	0	304	0.0067194	0	
305	-0.00512461	0	305	-0.000866674	0	305	-0.0059299	0	305	0.00213805	0	305	0.0267232	0	305	0.0069493	0	
306	-0.00452015	0	306	-0.000727073	0	306	-0.00541146	0	306	0.000702986	0	306	0.0281492	0	306	0.00593209	0	
307	-0.00299993	0	307	-0.00067376	0	307	-0.00405369	0	307	0.00218542	0	307	0.022399	0	307	0.0050699	0	
308	-0.00176176	0	308	-0.000684047	0	308	-0.00249884	0	308	0.00334621	0	308	0.00962179	0	308	0.00480621	0	
309	0	0	309	0	0	309	0	0	309	0	0	309	0	0	309	0	0	
310	0	0	310	0	0	310	0	0	310	0	0	310	0	0	310	0	0	
311	0	0	311	0	0	311	0	0	311	0	0	311	0	0	311	0	0	
312	0	0	312	0	0	312	0	0	312	0	0	312	0	0	312	0	0	
313	0	0	313	0	0	313	0	0	313	0	0	313	0	0	313	0	0	
314	0	0	314	0	0	314	0	0	314	0	0	314	0	0	314	0	0	
315	0	0	315	0	0	315	0	0	315	0	0	315	0	0	315	0	0	
316	0	0	316	0	0	316	0	0	316	0	0	316	0	0	316	0	0	
317	0	0	317	0	0	317	0	0	317	0	0	317	0	0	317	0	0	
318	0	0	318	0	0	318	0	0	318	0	0	318	0	0	318	0	0	
319	-0.00809121	0	319	-0.000320031	0	319	-0.00828819	0	319	0.00114414	0	319	0.0376367	0	319	0.011048	0	
320	-0.0101593	0	320	-0.000586255	0	320	-0.0100135	0	320	0.000961592	0	320	0.0454099	0	320	0.00903836	0	
321	-0.0124822	0	321	-0.000637497	0	321	-0.0119215	0	321	0.00264611	0	321	0.0547169	0	321	0.00836196	0	
322	-0.0134301	0	322	-0.000356713	0	322	-0.0129158	0	322	0.000906418	0	322	0.0621285	0	322	0.00970711	0	
323	-0.0134019	0	323	-0.000522989	0	323	-0.013133	0	323	3.33267e-05	0	323	0.0621823	0	323	0.00794863	0	
324	-0.0131378	0	324	-0.000766878	0	324	-0.0130523	0	324	5.67659e-05	0	324	0.0622886	0	324	0.00836928	0	
325	-0.013033	0	325	-0.000701056	0	325	-0.0130857	0	325	-0.0014257	0	325	0.0635107	0	325	0.00681414	0	
326	-0.0129843	0	326	-0.000829991	0	326	-0.0130444	0	326	-0.000366487	0	326	0.0637603	0	326	0.0058192	0	
327	-0.0125917	0	327	-0.000751192	0	327	-0.0130099	0	327	9.32033e-06	0	327	0.0654058	0	327	0.00568584	0	
328	-0.0121083	0	328	-0.000811803	0	328	-0.0125008	0	328	-0.00184537	0	328	0.0648485	0	328	0.0027706	0	
329	-0.0114608	0	329	-0.000913802	0	329	-0.0119588	0	329	-0.000529739	0	329	0.0609928	0	329	0.00474834	0	
330	-0.0108553	0	330	-0.000904292	0	330	-0.0112871	0	330	-0.000110021	0	330	0.0575379	0	330	0.00499905	0	
331	-0.010032	0	331	-0.000766561	0	331	-0.0105067	0	331	0.000375578	0	331	0.0531235	0	331	0.00507513	0	
332	-0.00916652	0	332	-0.000684599	0	332	-0.00965939	0	332	0.0010434	0	332	0.0488069	0	332	0.00401855	0	
333	-0.00837732	0	333	-0.000766398	0	333	-0.00884756	0	333	0.00115972	0	333	0.0446156	0	333	0.0024124	0	
334	-0.00744147	0	334	-0.000700999	0	334	-0.00795743	0	334	0.00120759	0	334	0.040827	0	334	0.00252281	0	
335	-0.00657321	0	335	-0.000711507	0	335	-0.0070023	0	335	0.000627582	0	335	0.0371961	0	335	0.00147059	0	
336	-0.00550319	0	336	-0.000730756	0	336	-0.00582333	0	336	-4.69593e-05	0	336	0.0343303	0	336	0.000563256	0	
337	-0.00459994	0	337	-0.000894018	0	337	-0.00483173	0	337	0.00072009	0	337	0.0253203	0	337	0.000362651	0	
338	-0.00361478	0	338	-0.000978683	0	338	-0.00349094	0	338	0.000844017	0	338	0.0206427	0	338	-0.00143556	0	
339	0	0	339	0	0	339	0	0	339	0	0	339	0	0	339	0	0	
340	0	0	340	0	0	340	0	0	340	0	0	340	0	0	340	0	0	
341	0	0	341	0	0	341	0	0	341	0	0	341	0	0	341	0	0	
342	-0.000809076	0	342	-0.000102134	0	342	0.00520779	0	342	0.00711083	0	342	-0.0486779	0	342	0.00165644	0	
343	3.23853e-05	0	343	-0.000101777	0	343	0.00691541	0	343	0.00673825	0	343	-0.0641389	0	343	0.00396274	0	
344	0.00152684	0	344	-8.99583e-05	0	344	0.00924088	0	344	0.00711739	0	344	-0.0799891	0	344	0.00341556	0	
345	0.00290723	0	345	0.000328177	0	345	0.011153	0	345	0.00578557	0	345	-0.0822709	0	345	0.00187142	0	
346	0.00313659	0	346	-0.000392072	0	346	0.0118845	0	346	0.00682116	0	346	-0.0986624	0	346	0.00203119	0	
347	0.00381488	0	347	0.000246909	0	347	0.0125506	0	347	0.00390878	0	347	-0.0972348	0	347	0.00107578	0	
348	0.00401446	0	348	0.000520274	0	348	0.012893	0	348	0.00418201	0	348	-0.1	0	348	0.000409073	0	
349	0.00363352	0	349	0.000610458	0	349	0.0126051	0	349	0.00656781	0	349	-0.1	0	349	0.000846455	0	
350	0.00313851	0	350	0.00105365	0	350	0.0116869	0	350	0.00780551	0	350	-0.1	0	350	0.00186589	0	
351	0.00298659	0	351	0.00104527	0	351	0.0111481	0	351	0.00715702	0	351	-0.1	0	351	0.00288117	0	
352	0.00341956	0	352	0.00115241	0	352	0.0108943	0	352	0.00672034	0	352	-0.0896731	0	352	0.00237172	0	
353	0.00390298	0	353	0.00117184	0	353	0.0106642	0	353	0.00458705	0	353	-0.0825385	0	353	0.00290207	0	
354	0.00412086	0	354	0.000753054	0	354	0.0103561	0	354	0.00557317	0	354	-0.0915995	0	354	0.00345199	0	
355	0.00466846	0	355	0.00110015	0	355	0.010344	0	355	0.00489069	0	355	-0.0789726	0	355	0.00323728	0	
356	0.00497105	0	356	0.00125268	0	356	0.0100234	0	356	0.00431987	0	356	-0.074322	0	356	0.00365294	0	
357	0.00488587	0	357	0.00122914	0	357	0.00951668	0	357	0.00412874	0	357	-0.0728653	0	357	0.00346034	0	
358	0.00483251	0	358	0.00115787	0	358	0.0089817	0	358	0.00360073	0	358	-0.0658846	0	358	0.003572	0	
359	0.00448744	0	359	0.00115112	0	359	0.00814378	0	359	0.00321759	0	359	-0.0578295	0	359	0.00287349	0	
360	0.00415633	0	360	0.00105323	0	360	0.00724355	0	360	0.0045801	0	360	-0.0543557	0	360	0.00230822	0	
361	0.00385632	0	361	0.00104544	0	361	0.00662238	0	361	0.00344595	0	361	-0.0483184	0	361	0.00203565	0	
362	0.00357378	0	362	0.00115527	0	362	0.00610326	0	362	0.00410515	0	362	-0.0446304	0	362	0.00194477	0	
363	0.00335867	0	363	0.00115529	0	363	0.00574628	0	363	0.00420412	0	363	-0.0420115	0	363	0.00154815	0	
364	0.003003	0	364	0.000786687	0	364	0.00521536	0	364	0.00462612	0	364	-0.047814	0	364	0.00159463	0	
365	0.00307188	0	365	0.00062468	0	365	0.00484721	0	365	0.00431835	0	365	-0.0417562	0	365	0.000819133	0	
366	0.00329568	0	366	0.000727697	0	366	0.0047744	0	366	0.00361164	0	366	-0.0330861	0	366	0.000782004	0	
367	0.00337268	0	367	0.000809138	0	367	0.00459375	0	367	0.00196889	0	367	-0.026444	0	367	0.00043063	0	
368	0.00324842	0	368	0.000710193	0	368	0.00434216	0	368	0.00247152	0	368	-0.0253482	0	368	0.000161005	0	
369	0.00309432	0	369	0.000533098	0	369	0.00397224	0	369	0.00227815	0	369	-0.0250082	0	369	-0.00114772	0	
370	0.00277493	0	370	0.0001817	0	370	0.0036321	0	370	0.00353374	0	370	-0.0342826	0	370	-0.0012844	0	
371	0.00302779	0	371	0.000392909	0	371	0.00353842	0	371	0.00264346	0	371	-0.0196878	0	371	-0.00178131	0	
372	0	0	372	0	0	372	0	0	372	0	0	372	0	0	372	0	0	
373	0	0	373	0	0	373	0	0	373	0	0	373	0	0	373	0	0	
374	0.00311098	0	374	0.00305851	0	374	0.00110688	0	374	0.0303802	0	374	-0.000845728	0	374	0.0343242	0	
375	0.00317307	0	375	0.00596169	0	375	0.00061111	0	375	0.0446519	0	375	0.0125432	0	375	0.0564657	0	
376	0.00341962	0	376	0.00806522	0	376	0.000542821	0	376	0.0564106	0	376	0.0167445	0	376	0.067756	0	
377	0.00355216	0	377	0.00866084	0	377	0.000744864	0	377	0.0596452	0	377	0.0183316	0	377	0.0712601	0	
378	0.003549	0	378	0.00862675	0	378	0.000962946	0	378	0.0617724	0	378	0.0165997	0	378	0.0725542	0	
379	0.00340864	0	379	0.00834705	0	379	0.00106008	0	379	0.0617257	0	379	0.0169319	0	379	0.07115	0	
380	0.00321684	0	380	0.0082098	0	380	0.00113978	0	380	0.060777	0	380	0.0177003	0	380	0.0704829	0	
381	0.00303702	0	381	0.00837093	0	381	0.000989482	0	381	0.0586515	0	381	0.017147	0	381	0.0686389	0	
382	0.00289336	0	382	0.0083809	0	382	0.00100145	0	382	0.0565361	0	382	0.019006	0	382	0.0675655	0	
383	0.00295101	0	383	0.00879645	0	383	0.000712353	0	383	0.0527117	0	383	0.0241344	0	383	0.0653956	0	
384	0.00266333	0	384	0.00935116	0	384	0.00094999	0	384	0.0531806	0	384	0.0232781	0	384	0.0671273	0	
385	0.00222023	0	385	0.0101303	0	385	0.000785772	0	385	0.0546934	0	385	0.016482	0	385	0.0690982	0	
386	0.00206627	0	386	0.0112173	0	386	0.000643137	0	386	0.0517096	0	386	0.0288466	0	386	0.0704808	0	
387	0.00179833	0	387	0.0113761	0	387	0.00029505	0	387	0.0511494	0	387	0.0221416	0	387	0.0697476	0	
388	0.00170242	0	388	0.0109915	0	388	0.000210537	0	388	0.0499451	0	388	0.0193175	0	388	0.0665026	0	
389	0.00175428	0	389	0.0106741	0	389	2.01452e-05	0	389	0.0470095	0	389	0.0191259	0	389	0.0630735	0	
390	0.00167374	0	390	0.0100205	0	390	-0.000124289	0	390	0.0444198	0	390	0.0198068	0	390	0.0587794	0	
391	0.0015433	0	391	0.00953738	0	391	-0.000355972	0	391	0.0424415	0	391	0.019531	0	391	0.0561086	0	
392	0.00149061	0	392	0.0093073	0	392	-0.000451965	0	392	0.0397848	0	392	0.0208434	0	392	0.0544234	0	
393	0.00158631	0	393	0.00911245	0	393	-0.00043025	0	393	0.0372853	0	393	0.0253284	0	393	0.0523059	0	
394	0.00171648	0	394	0.00912646	0	394	-0.000671223	0	394	0.033811	0	394	0.0266069	0	394	0.0497625	0	
395	0.00164022	0	395	0.00886952	0	395	-0.000785877	0	395	0.0318663	0	395	0.0253256	0	395	0.0487821	0	
396	0.00174133	0	396	0.0088626	0	396	-0.00118427	0	396	0.0281147	0	396	0.0294615	0	396	0.0470445	0	
397	0.0015179	0	397	0.00860202	0	397	-0.00135931	0	397	0.0262766	0	397	0.0292986	0	397	0.0454395	0	
398	0.00141433	0	398	0.00818786	0	398	-0.00147404	0	398	0.0232079	0	398	0.028803	0	398	0.0427424	0	
399	0.00130489	0	399	0.00754979	0	399	-0.00135276	0	399	0.0219061	0	399	0.0248901	0	399	0.0396833	0	
400	0.00146286	0	400	0.00690184	0	400	-0.00131294	0	400	0.0185315	0	400	0.0222531	0	400	0.0353825	0	
401	0.00161631	0	401	0.00624263	0	401	-0.00108486	0	401	0.0154493	0	401	0.0200578	0	401	0.0320151	0	
402	0.00160594	0	402	0.00552924	0	402	-0.00100668	0	402	0.00922555	0	402	0.0140246	0	402	0.0270777	0	
403	0.00178961	0	403	0.00448948	0	403	-0.00135325	0	403	-0.00115452	0	403	0.0118162	0	403	0.0203685	0	
404	0.0019268	0	404	0.00358003	0	404	-0.00129507	0	404	-0.00991914	0	404	0.0156867	0	404	0.0168223	0	
405	0.0016521	0	405	0.00313355	0	405	-0.00145882	0	405	-0.0147029	0	405	0.0111016	0	405	0.0168662	0	
406	0.00133852	0	406	0.00334096	0	406	-0.00175333	0	406	-0.0197685	0	406	0.0125883	0	406	0.0201813	0	
407	0.000981556	0	407	0.00381718	0	407	-0.00212301	0	407	-0.0237077	0	407	0.0128682	0	407	0.0254859	0	
408	0.00107808	0	408	0.00415697	0	408	-0.00240373	0	408	-0.030436	0	408	0.0199702	0	408	0.0272942	0	
409	0.000815332	0	409	0.00382402	0	409	-0.00265683	0	409	-0.0321474	0	409	0.0145073	0	409	0.0285679	0	
410	0.000883728	0	410	0.00297128	0	410	-0.00259511	0	410	-0.0340256	0	410	0.0150282	0	410	0.0267428	0	
411	0.000781094	0	411	0.00243706	0	411	-0.002598	0	411	-0.0349218	0	411	0.0151362	0	411	0.0196696	0	
412	0.00104632	0	412	0.00173963	0	412	-0.0024766	0	412	-0.0348599	0	412	0.0194166	0	412	0.0145126	0	
413	0.000924088	0	413	0.000992007	0	413	-0.00249223	0	413	-0.033324	0	413	0.0137291	0	413	0.0089928	0	
414	0.000977941	0	414	0.000244827	0	414	-0.00233099	0	414	-0.0331053	0	414	0.0162045	0	414	0.00298193	0	
415	0.000879862	0	415	-0.000534483	0	415	-0.00228427	0	415	-0.0326954	0	415	0.0130254	0	415	-0.000792513	0	
416	0.000950507	0	416	-0.00126586	0	416	-0.00226798	0	416	-0.0316141	0	416	0.0122781	0	416	-0.00832886	0	
417	0.00092643	0	417	-0.00190437	0	417	-0.00201749	0	417	-0.03252	0	417	0.0103917	0	417	-0.0132917	0	
418	0.00103298	0	418	-0.00283711	0	418	-0.00199702	0	418	-0.0314762	0	418	0.0100535	0	418	-0.0212753	0	
419	0.00112996	0	419	-0.0038216	0	419	-0.00181552	0	419	-0.0313257	0	419	0.00999259	0	419	-0.0287882	0	
420	0.00116646	0	420	-0.00459108	0	420	-0.00171573	0	420	-0.0316183	0	420	0.0102668	0	420	-0.0345756	0	
421	0.00115051	0	421	-0.00567832	0	421	-0.00180555	0	421	-0.0321022	0	421	0.011177	0	421	-0.0414924	0	
422	0.00108716	0	422	-0.00671625	0	422	-0.00176197	0	422	-0.0323619	0	422	0.0104863	0	422	-0.0500264	0	
423	0.000992112	0	423	-0.0073861	0	423	-0.00170105	0	423	-0.0310747	0	423	0.00989238	0	423	-0.0558559	0	
424	0.000826296	0	424	-0.00686376	0	424	-0.00161961	0	424	-0.0279076	0	424	0.0095726	0	424	-0.0509361	0	
425	0.000519946	0	425	-0.00581989	0	425	-0.00153684	0	425	-0.0261193	0	425	0.010177	0	425	-0.0433071	0	
426	0.00038075	0	426	-0.00488189	0	426	-0.00158067	0	426	-0.0218463	0	426	0.0119103	0	426	-0.0365293	0	
427	0.000295045	0	427	-0.00386884	0	427	-0.0017425	0	427	-0.0195721	0	427	0.00970642	0	427	-0.0301885	0	
428	0.00016269	0	428	-0.00272777	0	428	-0.0015939	0	428	-0.0130149	0	428	0.00833073	0	428	-0.0196762	0	
429	0.000641719	0	429	-0.00155955	0	429	-0.00168762	0	429	-0.0129122	0	429	0.0156855	0	429	-0.00933965	0	
430	0	0	430	0	0	430	0	0	430	0	0	430	0	0	430	0	0	
431	0	0	431	0	0	431	0	0	431	0	0	431	0	0	431	0	0	
432	0.000653284	0	432	-0.00190103	0	432	-0.000752149	0	432	-0.0165067	0	432	0.0038937	0	432	-0.00346524	0	
433	0	0	433	0	0	433	0	0	433	0	0	433	0	0	433	0	0	
434	0.00101502	0	434	-0.000807616	0	434	-0.00191645	0	434	-0.0154497	0	434	0.014	0	434	-0.000124743	0	
435	0	0	435	0	0	435	0	0	435	0	0	435	0	0	435	0	0	
436	0	0	436	0	0	436	0	0	436	0	0	436	0	0	436	0	0	
437	-0.000414296	0	437	-0.000163661	0	437	-0.00208398	0	437	-0.0146807	0	437	0.00936254	0	437	0.00162993	0	
438	0	0	438	0	0	438	0	0	438	0	0	438	0	0	438	0	0	
439	0	0	439	0	0	439	0	0	439	0	0	439	0	0	439	0	0	
440	0	0	440	0	0	440	0	0	440	0	0	440	0	0	440	0	0	
441	0	0	441	0	0	441	0	0	441	0	0	441	0	0	441	0	0	
442	-0.00200735	0	442	0.00399853	0	442	-0.00340738	0	442	-0.0272815	0	442	0.0167848	0	442	0.0422168	0	
443	-0.00184801	0	443	0.00529263	0	443	-0.00360359	0	443	-0.0342451	0	443	0.0197251	0	443	0.0502671	0	
444	-0.00183949	0	444	0.00561312	0	444	-0.00324935	0	444	-0.035992	0	444	0.0169533	0	444	0.0517889	0	
445	-0.00192787	0	445	0.0054232	0	445	-0.00326316	0	445	-0.034449	0	445	0.0148536	0	445	0.0506373	0	
446	-0.00179413	0	446	0.00525506	0	446	-0.00318163	0	446	-0.0331497	0	446	0.0175764	0	446	0.0496032	0	
447	-0.00190376	0	447	0.00500877	0	447	-0.00302603	0	447	-0.0279489	0	447	0.0132469	0	447	0.0454397	0	
448	-0.00181494	0	448	0.00497901	0	448	-0.00276848	0	448	-0.0252355	0	448	0.0111045	0	448	0.0442575	0	
449	-0.0015915	0	449	0.00459973	0	449	-0.00246234	0	449	-0.0219945	0	449	0.0094115	0	449	0.0404807	0	
450	-0.00148966	0	450	0.00415986	0	450	-0.00218513	0	450	-0.0207712	0	450	0.0083692	0	450	0.0388117	0	
451	-0.00127064	0	451	0.00369739	0	451	-0.00189158	0	451	-0.0194579	0	451	0.00789684	0	451	0.0365287	0	
452	-0.000870829	0	452	0.00338948	0	452	-0.00136078	0	452	-0.0194692	0	452	0.00857278	0	452	0.0301795	0	
453	-0.000559843	0	453	0.00327349	0	453	-0.00116712	0	453	-0.0173277	0	453	0.00681039	0	453	0.0285488	0	
454	-0.000743646	0	454	0.00319974	0	454	-0.00121333	0	454	-0.0158585	0	454	0.00711817	0	454	0.024488	0	
455	-0.000656556	0	455	0.00307521	0	455	-0.00133492	0	455	-0.0138605	0	455	0.00914714	0	455	0.0258721	0	
456	-0.000626188	0	456	0.00285498	0	456	-0.00120019	0	456	-0.0131474	0	456	0.00857669	0	456	0.0232493	0	
457	-0.000728684	0	457	0.00223261	0	457	-0.00109249	0	457	-0.0124022	0	457	0.00487861	0	457	0.0214839	0	
458	-0.00068397	0	458	0.00203078	0	458	-0.000950652	0	458	-0.012913	0	458	0.00732503	0	458	0.0192623	0	
459	-0.000650259	0	459	0.00197153	0	459	-0.00090801	0	459	-0.0119673	0	459	0.00697826	0	459	0.0186349	0	
460	-0.000567445	0	460	0.00194796	0	460	-0.00108429	0	460	-0.0112928	0	460	0.00821134	0	460	0.0190841	0	
461	-0.000540437	0	461	0.00171443	0	461	-0.00100158	0	461	-0.0107465	0	461	0.00850467	0	461	0.0184166	0	
462	-0.000672966	0	462	0.00148526	0	462	-0.000913427	0	462	-0.0104998	0	462	0.00613886	0	462	0.016166	0	
463	0	0	463	0	0	463	0	0	463	0	0	463	0	0	463	0	0	
464	0	0	464	0	0	464	0	0	464	0	0	464	0	0	464	0	0	
465	0	0	465	0	0	465	0	0	465	0	0	465	0	0	465	0	0	
466	0	0	466	0	0	466	0	0	466	0	0	466	0	0	466	0	0	
467	0	0	467	0	0	467	0	0	467	0	0	467	0	0	467	0	0	
468	0	0	468	0	0	468	0	0	468	0	0	468	0	0	468	0	0	
469	0	0	469	0	0	469	0	0	469	0	0	469	0	0	469	0	0	
470	-0.000431435	0	470	0.00216044	0	470	-0.000810688	0	470	-0.00874166	0	470	0.00979321	0	470	0.0156139	0	
471	0	0	471	0	0	471	0	0	471	0	0	471	0	0	471	0	0	
472	0	0	472	0	0	472	0	0	472	0	0	472	0	0	472	0	0	
473	0	0	473	0	0	473	0	0	473	0	0	473	0	0	473	0	0	
474	0	0	474	0	0	474	0	0	474	0	0	474	0	0	474	0	0	
475	0	0	475	0	0	475	0	0	475	0	0	475	0	0	475	0	0	
476	0	0	476	0	0	476	0	0	476	0	0	476	0	0	476	0	0	
477	0	0	477	0	0	477	0	0	477	0	0	477	0	0	477	0	0	
478	0	0	478	0	0	478	0	0	478	0	0	478	0	0	478	0	0	
479	0	0	479	0	0	479	0	0	479	0	0	479	0	0	479	0	0	
480	0	0	480	0	0	480	0	0	480	0	0	480	0	0	480	0	0	
481	0	0	481	0	0	481	0	0	481	0	0	481	0	0	481	0	0	
482	0	0	482	0	0	482	0	0	482	0	0	482	0	0	482	0	0	
483	0	0	483	0	0	483	0	0	483	0	0	483	0	0	483	0	0	
484	0	0	484	0	0	484	0	0	484	0	0	484	0	0	484	0	0	
485	0	0	485	0	0	485	0	0	485	0	0	485	0	0	485	0	0	
486	0	0	486	0	0	486	0	0	486	0	0	486	0	0	486	0	0	
487	0	0	487	0	0	487	0	0	487	0	0	487	0	0	487	0	0	
488	0	0	488	0	0	488	0	0	488	0	0	488	0	0	488	0	0	
489	0.000154025	0	489	-0.00362293	0	489	0.000530279	0	489	-0.00565045	0	489	-0.0127793	0	489	-0.0245559	0	
490	0.000321264	0	490	-0.0026327	0	490	0.000702476	0	490	-0.00442261	0	490	-0.0125019	0	490	-0.0223059	0	
491	0.000300424	0	491	-0.00239903	0	491	0.000854206	0	491	-0.00484551	0	491	-0.0140883	0	491	-0.019002	0	
492	0.000386051	0	492	-0.00236013	0	492	0.00087008	0	492	-0.00409817	0	492	-0.0142129	0	492	-0.0212904	0	
493	0.000492117	0	493	-0.00240742	0	493	0.000729313	0	493	-0.006258	0	493	-0.00968757	0	493	-0.0226252	0	
494	0.000616177	0	494	-0.00340946	0	494	0.000527478	0	494	-0.00913933	0	494	-0.00947495	0	494	-0.0278022	0	
495	0.000855403	0	495	-0.00457156	0	495	0.00056329	0	495	-0.0108724	0	495	-0.00974581	0	495	-0.035671	0	
496	0.000962321	0	496	-0.00507053	0	496	0.000655171	0	496	-0.0135613	0	496	-0.00923425	0	496	-0.0386053	0	
497	0.00113264	0	497	-0.00428393	0	497	0.000677827	0	497	-0.0147817	0	497	-0.00142271	0	497	-0.0401009	0	
498	0.000904414	0	498	-0.00398373	0	498	0.000466237	0	498	-0.0115265	0	498	-0.00355222	0	498	-0.0385558	0	
499	0.000550943	0	499	-0.00370318	0	499	0.000221596	0	499	-0.00673208	0	499	-0.00530324	0	499	-0.0359432	0	
500	0.000392468	0	500	-0.00353669	0	500	0.000248832	0	500	-0.00627987	0	500	-0.00285643	0	500	-0.0353339	0	
501	0.000419957	0	501	-0.00346192	0	501	0.000367264	0	501	-0.00712797	0	501	-0.00425443	0	501	-0.0343375	0	
502	0.000444358	0	502	-0.00323233	0	502	0.000378401	0	502	-0.0050414	0	502	-0.00521694	0	502	-0.0278753	0	
503	0.000275784	0	503	-0.00299844	0	503	0.000406112	0	503	-0.00381424	0	503	-0.00659336	0	503	-0.0245571	0	
504	0.000210354	0	504	-0.00278943	0	504	0.000236836	0	504	-0.00249675	0	504	-0.00482976	0	504	-0.0219625	0	
505	0	0	505	0	0	505	0	0	505	0	0	505	0	0	505	0	0	
506	0	0	506	0	0	506	0	0	506	0	0	506	0	0	506	0	0	
507	0	0	507	0	0	507	0	0	507	0	0	507	0	0	507	0	0	
508	0	0	508	0	0	508	0	0	508	0	0	508	0	0	508	0	0	
509	0	0	509	0	0	509	0	0	509	0	0	509	0	0	509	0	0	
510	0	0	510	0	0	510	0	0	510	0	0	510	0	0	510	0	0	
511	0	0	511	0	0	511	0	0	511	0	0	511	0	0	511	0	0	
512	0	0	512	0	0	512	0	0	512	0	0	512	0	0	512	0	0	
513	0	0	513	0	0	513	0	0	513	0	0	513	0	0	513	0	0	
514	0	0	514	0	0	514	0	0	514	0	0	514	0	0	514	0	0	
515	0	0	515	0	0	515	0	0	515	0	0	515	0	0	515	0	0	
516	0	0	516	0	0	516	0	0	516	0	0	516	0	0	516	0	0	
517	0	0	517	0	0	517	0	0	517	0	0	517	0	0	517	0	0	
518	0	0	518	0	0	518	0	0	518	0	0	518	0	0	518	0	0	
519	0	0	519	0	0	519	0	0	519	0	0	519	0	0	519	0	0	
520	0	0	520	0	0	520	0	0	520	0	0	520	0	0	520	0	0	
521	0	0	521	0	0	521	0	0	521	0	0	521	0	0	521	0	0	
522	0	0	522	0	0	522	0	0	522	0	0	522	0	0	522	0	0	
523	0	0	523	0	0	523	0	0	523	0	0	523	0	0	523	0	0	
524	0	0	524	0	0	524	0	0	524	0	0	524	0	0	524	0	0	
525	0	0	525	0	0	525	0	0	525	0	0	525	0	0	525	0	0	
526	0	0	526	0	0	526	0	0	526	0	0	526	0	0	526	0	0	
527	-0.000860374	0	527	0.000479021	0	527	0.000477044	0	527	0.0418243	0	527	0.00345452	0	527	0.00636097	0	
528	-0.000928846	0	528	0.000680647	0	528	0.000582638	0	528	0.0475814	0	528	0.00587959	0	528	0.0109211	0	
529	-0.000934386	0	529	0.00076142	0	529	0.000608339	0	529	0.0528043	0	529	0.0057797	0	529	0.0136092	0	
530	-0.000914763	0	530	0.000562796	0	530	0.000787844	0	530	0.0568502	0	530	0.00576347	0	530	0.0138496	0	
531	-0.000625305	0	531	0.000492383	0	531	0.00109206	0	531	0.0591343	0	531	0.0119605	0	531	0.0131367	0	
532	-0.000700752	0	532	0.000390962	0	532	0.00114821	0	532	0.06141	0	532	0.00485594	0	532	0.0131226	0	
533	-0.000768275	0	533	0.000540256	0	533	0.0011153	0	533	0.0626401	0	533	0.00252071	0	533	0.0130393	0	
534	-0.000736148	0	534	0.000877221	0	534	0.00106754	0	534	0.0602016	0	534	0.00597751	0	534	0.0138715	0	
535	-0.00064031	0	535	0.00104085	0	535	0.000971429	0	535	0.0564395	0	535	0.00700398	0	535	0.0145496	0	
536	-0.000589573	0	536	0.000880118	0	536	0.000876661	0	536	0.0534225	0	536	0.0034829	0	536	0.0125104	0	
537	-0.00066697	0	537	0.000609317	0	537	0.000915439	0	537	0.0513568	0	537	0.00153009	0	537	0.0113691	0	
538	-0.000671512	0	538	0.000537516	0	538	0.000924402	0	538	0.0503034	0	538	0.00210835	0	538	0.0119062	0	
539	-0.000669207	0	539	0.000735305	0	539	0.000789524	0	539	0.0491151	0	539	0.00381349	0	539	0.0123272	0	
540	-0.000698453	0	540	0.000772393	0	540	0.000677101	0	540	0.0464345	0	540	0.00378795	0	540	0.011916	0	
541	-0.000626967	0	541	0.000618592	0	541	0.000700915	0	541	0.043041	0	541	0.00401943	0	541	0.0108842	0	
542	-0.000469824	0	542	0.00040471	0	542	0.000794502	0	542	0.0399922	0	542	0.00431663	0	542	0.00885109	0	
543	-0.000400334	0	543	0.000298842	0	543	0.000832592	0	543	0.0395903	0	543	0.00214539	0	543	0.00903402	0	
544	-0.000440979	0	544	0.000281171	0	544	0.00100167	0	544	0.039275	0	544	0.000439757	0	544	0.00909912	0	
545	-0.000292941	0	545	0.000455776	0	545	0.000972836	0	545	0.0373726	0	545	0.00558367	0	545	0.00921983	0	
546	-0.000343849	0	546	0.000533552	0	546	0.000904451	0	546	0.0376133	0	546	0.00350374	0	546	0.00931509	0	
547	-4.38209e-05	0	547	0.000943413	0	547	0.000874673	0	547	0.0361424	0	547	0.0174174	0	547	0.00927594	0	
548	-0.000410808	0	548	0.000755267	0	548	0.00111379	0	548	0.0406754	0	548	0.000514853	0	548	0.0112265	0	
549	-0.000418529	0	549	0.00120851	0	549	0.000975105	0	549	0.0409999	0	549	-0.00205495	0	549	0.0123233	0	
550	-0.000545809	0	550	0.00151036	0	550	0.00100657	0	550	0.0405754	0	550	-0.00297119	0	550	0.0130246	0	
551	-0.00025312	0	551	0.00177395	0	551	0.00115187	0	551	0.0406663	0	551	-0.00260353	0	551	0.013644	0	
552	-5.64944e-06	0	552	0.00196018	0	552	0.00158594	0	552	0.0400629	0	552	-0.00553523	0	552	0.0142693	0	
553	0.000268252	0	553	0.00205016	0	553	0.00215114	0	553	0.0400828	0	553	-0.00716357	0	553	0.014952	0	
554	0.00050787	0	554	0.00193676	0	554	0.00283182	0	554	0.0400261	0	554	-0.0119556	0	554	0.0137321	0	
555	0.000930013	0	555	0.00166193	0	555	0.00340386	0	555	0.0397899	0	555	-0.0161285	0	555	0.0121942	0	
556	0.00139592	0	556	0.0010038	0	556	0.00403775	0	556	0.0387173	0	556	-0.0189863	0	556	0.0076822	0	
557	0.00218862	0	557	0.000404947	0	557	0.00486206	0	557	0.0404804	0	557	-0.0232296	0	557	0.00274026	0	
558	0.00319321	0	558	7.80109e-05	0	558	0.005961	0	558	0.0409364	0	558	-0.0286423	0	558	-0.00101216	0	
559	0.00468891	0	559	-0.000375237	0	559	0.00734346	0	559	0.0405339	0	559	-0.0348812	0	559	-0.00693604	0	
560	0.00666009	0	560	-0.00145359	0	560	0.00859827	0	560	0.0386983	0	560	-0.0380505	0	560	-0.0181356	0	
561	0.00821856	0	561	-0.00217898	0	561	0.00874122	0	561	0.0328185	0	561	-0.0315102	0	561	-0.022619	0	
562	0.00902484	0	562	-0.0019788	0	562	0.00878923	0	562	0.0299163	0	562	-0.0281606	0	562	-0.0229053	0	
563	0.00966883	0	563	-0.00173191	0	563	0.00877941	0	563	0.028489	0	563	-0.024202	0	563	-0.025554	0	
564	0.0102755	0	564	-0.00148113	0	564	0.00860023	0	564	0.0265598	0	564	-0.019888	0	564	-0.0261468	0	
565	0.0106355	0	565	-0.00117124	0	565	0.00843919	0	565	0.0236731	0	565	-0.0193034	0	565	-0.0259983	0	
566	0.0110102	0	566	-0.000877449	0	566	0.00819101	0	566	0.0219502	0	566	-0.015044	0	566	-0.0256591	0	
567	0.0112934	0	567	-0.000540463	0	567	0.00782768	0	567	0.0183801	0	567	-0.010272	0	567	-0.025219	0	
568	0.0116207	0	568	-0.000256791	0	568	0.0076402	0	568	0.0150311	0	568	-0.00672368	0	568	-0.025618	0	
569	0.0118378	0	569	-6.6193e-05	0	569	0.0071973	0	569	0.0118883	0	569	0.000222166	0	569	-0.0263699	0	
570	0.011467	0	570	-0.000334569	0	570	0.00649504	0	570	0.00844245	0	570	0.000462144	0	570	-0.0277275	0	
571	0.0114841	0	571	-0.000605635	0	571	0.00600562	0	571	0.00488281	0	571	0.00830537	0	571	-0.0315864	0	
572	0.011263	0	572	-0.000799569	0	572	0.00559921	0	572	0.00337077	0	572	0.0106789	0	572	-0.0331303	0	
573	0.0111122	0	573	-0.000948265	0	573	0.00553916	0	573	-0.000791492	0	573	0.0112482	0	573	-0.0335924	0	
574	0.010832	0	574	-0.00144529	0	574	0.00560506	0	574	-0.00267039	0	574	0.0105409	0	574	-0.0353191	0	
575	0.0106089	0	575	-0.00137454	0	575	0.00541935	0	575	-0.00502371	0	575	0.0128901	0	575	-0.0349019	0	
576	0.0100966	0	576	-0.00119974	0	576	0.00516798	0	576	-0.00571494	0	576	0.00743512	0	576	-0.0325472	0	
577	0.00958078	0	577	-0.00108114	0	577	0.00493727	0	577	-0.00570019	0	577	0.00820359	0	577	-0.0312641	0	
578	0.00915245	0	578	-0.000936977	0	578	0.00472914	0	578	-0.00600161	0	578	0.0113832	0	578	-0.0295337	0	
579	0.00860916	0	579	-0.000739092	0	579	0.00441237	0	579	-0.00593422	0	579	0.0113001	0	579	-0.0274704	0	
580	0.00809825	0	580	-0.000781506	0	580	0.00417645	0	580	-0.00545142	0	580	0.00857389	0	580	-0.0262345	0	
581	0.00766356	0	581	-0.000797063	0	581	0.00405662	0	581	-0.00579255	0	581	0.00797325	0	581	-0.0251567	0	
582	0.00722886	0	582	-0.000805557	0	582	0.00386427	0	582	-0.00614772	0	582	0.00736352	0	582	-0.0242663	0	
583	0.00683057	0	583	-0.00065852	0	583	0.00363142	0	583	-0.00616768	0	583	0.00751707	0	583	-0.0223445	0	
584	0.00641832	0	584	-0.000492021	0	584	0.00338689	0	584	-0.00591421	0	584	0.00572211	0	584	-0.0204893	0	
585	0	0	585	0	0	585	0	0	585	0	0	585	0	0	585	0	0	
586	0	0	586	0	0	586	0	0	586	0	0	586	0	0	586	0	0	
587	0	0	587	0	0	587	0	0	587	0	0	587	0	0	587	0	0	
588	0.00575254	0	588	-0.000787616	0	588	0.0029778	0	588	-0.00630081	0	588	0.00622881	0	588	-0.020518	0	
589	0	0	589	0	0	589	0	0	589	0	0	589	0	0	589	0	0	
590	0	0	590	0	0	590	0	0	590	0	0	590	0	0	590	0	0	
591	0	0	591	0	0	591	0	0	591	0	0	591	0	0	591	0	0	
592	0	0	592	0	0	592	0	0	592	0	0	592	0	0	592	0	0	
593	0	0	593	0	0	593	0	0	593	0	0	593	0	0	593	0	0	
594	0	0	594	0	0	594	0	0	594	0	0	594	0	0	594	0	0	
595	0	0	595	0	0	595	0	0	595	0	0	595	0	0	595	0	0	
596	0	0	596	0	0	596	0	0	596	0	0	596	0	0	596	0	0	
597	0	0	597	0	0	597	0	0	597	0	0	597	0	0	597	0	0	
598	0	0	598	0	0	598	0	0	598	0	0	598	0	0	598	0	0	
599	0	0	599	0	0	599	0	0	599	0	0	599	0	0	599	0	0	
600	0	0	600	0	0	600	0	0	600	0	0	600	0	0	600	0	0	
601	0	0	601	0	0	601	0	0	601	0	0	601	0	0	601	0	0	
602	0.00670282	0	602	-0.00170997	0	602	0.00551561	0	602	-0.0137924	0	602	-0.0267397	0	602	-0.0144982	0	
603	0.00672439	0	603	-0.00279227	0	603	0.00547549	0	603	-0.0160645	0	603	-0.020167	0	603	-0.0170761	0	
604	0.00584316	0	604	-0.00303885	0	604	0.00542392	0	604	-0.0147526	0	604	-0.0253495	0	604	-0.0149827	0	
605	0.00529827	0	605	-0.00226539	0	605	0.00472658	0	605	-0.0136666	0	605	-0.0289495	0	605	-0.0127105	0	
606	0.00469364	0	606	-0.00162716	0	606	0.00472416	0	606	-0.0125666	0	606	-0.0240772	0	606	-0.0105718	0	
607	0.00471805	0	607	-0.002433	0	607	0.00402395	0	607	-0.0121022	0	607	-0.0244065	0	607	-0.0139439	0	
608	0.00488674	0	608	-0.00236821	0	608	0.00457469	0	608	-0.0123584	0	608	-0.0204704	0	608	-0.0134848	0	
609	0.00486524	0	609	-0.00222472	0	609	0.00417002	0	609	-0.0114428	0	609	-0.0176892	0	609	-0.0129426	0	
610	0.00452452	0	610	-0.00203621	0	610	0.0038572	0	610	-0.0111729	0	610	-0.0162819	0	610	-0.0120158	0	
611	0.00350229	0	611	-0.00211862	0	611	0.0031263	0	611	-0.00902484	0	611	-0.02189	0	611	-0.0101644	0	
612	0.00324199	0	612	-0.00210242	0	612	0.00246787	0	612	-0.00845324	0	612	-0.0195501	0	612	-0.0112765	0	
613	0.00316406	0	613	-0.0018828	0	613	0.00238365	0	613	-0.00775708	0	613	-0.0178185	0	613	-0.00890779	0	
614	0	0	614	0	0	614	0	0	614	0	0	614	0	0	614	0	0	
615	0	0	615	0	0	615	0	0	615	0	0	615	0	0	615	0	0	
616	0	0	616	0	0	616	0	0	616	0	0	616	0	0	616	0	0	
617	0	0	617	0	0	617	0	0	617	0	0	617	0	0	617	0	0	
618	0	0	618	0	0	618	0	0	618	0	0	618	0	0	618	0	0	
619	0	0	619	0	0	619	0	0	619	0	0	619	0	0	619	0	0	
620	0	0	620	0	0	620	0	0	620	0	0	620	0	0	620	0	0	
621	0	0	621	0	0	621	0	0	621	0	0	621	0	0	621	0	0	
622	0	0	622	0	0	622	0	0	622	0	0	622	0	0	622	0	0	
623	0	0	623	0	0	623	0	0	623	0	0	623	0	0	623	0	0	
624	0	0	624	0	0	624	0	0	624	0	0	624	0	0	624	0	0	
625	0	0	625	0	0	625	0	0	625	0	0	625	0	0	625	0	0	
626	0	0	626	0	0	626	0	0	626	0	0	626	0	0	626	0	0	
627	0	0	627	0	0	627	0	0	627	0	0	627	0	0	627	0	0	
628	0	0	628	0	0	628	0	0	628	0	0	628	0	0	628	0	0	
629	0	0	629	0	0	629	0	0	629	0	0	629	0	0	629	0	0	
630	-0.00541251	0	630	4.0316e-05	0	630	-0.00730829	0	630	0.00933592	0	630	0.0291527	0	630	-0.00809407	0	
631	-0.00633617	0	631	-0.000607197	0	631	-0.00857515	0	631	0.0105054	0	631	0.0288261	0	631	-0.00924465	0	
632	-0.00712924	0	632	-0.000725094	0	632	-0.00974122	0	632	0.00891821	0	632	0.0387455	0	632	-0.0110754	0	
633	-0.00858858	0	633	-0.00104702	0	633	-0.0114638	0	633	0.00584596	0	633	0.0454028	0	633	-0.0119784	0	
634	-0.00946312	0	634	-0.00131995	0	634	-0.0126213	0	634	0.00016544	0	634	0.0530947	0	634	-0.0120985	0	
635	-0.00985614	0	635	-0.00177219	0	635	-0.0131742	0	635	-0.00457103	0	635	0.0546325	0	635	-0.0132393	0	
636	-0.00988517	0	636	-0.00351224	0	636	-0.0139984	0	636	-0.0179144	0	636	0.058131	0	636	-0.02242	0	
637	-0.00934767	0	637	-0.00564058	0	637	-0.0136729	0	637	-0.0363502	0	637	0.0550107	0	637	-0.0319658	0	
638	-0.00848995	0	638	-0.00745047	0	638	-0.0128134	0	638	-0.0551006	0	638	0.0492061	0	638	-0.0410614	0	
639	-0.00769794	0	639	-0.00931992	0	639	-0.0122057	0	639	-0.0736247	0	639	0.0468283	0	639	-0.0498503	0	
640	-0.00733835	0	640	-0.0105594	0	640	-0.0118536	0	640	-0.0889951	0	640	0.043475	0	640	-0.0583684	0	
641	-0.00699014	0	641	-0.0113927	0	641	-0.011348	0	641	-0.0980711	0	641	0.0387419	0	641	-0.0622209	0	
642	-0.00642102	0	642	-0.0117845	0	642	-0.0105882	0	642	-0.1	0	642	0.0313387	0	642	-0.067022	0	
643	-0.00587888	0	643	-0.0122759	0	643	-0.00968955	0	643	-0.1	0	643	0.0257702	0	643	-0.0694917	0	
644	-0.00540317	0	644	-0.0124561	0	644	-0.00886381	0	644	-0.1	0	644	0.0201993	0	644	-0.07152	0	
645	-0.00478732	0	645	-0.0122004	0	645	-0.00815491	0	645	-0.1	0	645	0.0196517	0	645	-0.0710668	0	
646	-0.00455179	0	646	-0.0117586	0	646	-0.00725169	0	646	-0.1	0	646	0.0081969	0	646	-0.0698845	0	
647	-0.00384057	0	647	-0.0108339	0	647	-0.00637655	0	647	-0.09625	0	647	0.00671468	0	647	-0.0653185	0	
648	-0.00334984	0	648	-0.00940846	0	648	-0.00565146	0	648	-0.0881241	0	648	0.00263499	0	648	-0.0601223	0	
649	-0.00301176	0	649	-0.00790929	0	649	-0.00517634	0	649	-0.079512	0	649	0.000882056	0	649	-0.0518957	0	
650	-0.00287719	0	650	-0.00702646	0	650	-0.00483973	0	650	-0.0719155	0	650	0.0010223	0	650	-0.0469622	0	
651	-0.00264825	0	651	-0.00622501	0	651	-0.00465889	0	651	-0.0654796	0	651	0.00134685	0	651	-0.0431091	0	
652	-0.00260393	0	652	-0.00550777	0	652	-0.00416609	0	652	-0.0596945	0	652	-0.000425883	0	652	-0.0384171	0	
653	-0.00227426	0	653	-0.00454064	0	653	-0.00392265	0	653	-0.0562876	0	653	0.00665982	0	653	-0.0345562	0	
654	-0.00186827	0	654	-0.00394472	0	654	-0.00366839	0	654	-0.0532196	0	654	0.0164518	0	654	-0.03212	0	
655	-0.00208365	0	655	-0.00434711	0	655	-0.00338201	0	655	-0.0463978	0	655	0.00053898	0	655	-0.0294967	0	
656	-0.00163742	0	656	-0.00357047	0	656	-0.00321883	0	656	-0.0443837	0	656	0.0122401	0	656	-0.0285533	0	
657	-0.00202181	0	657	-0.00390337	0	657	-0.00299599	0	657	-0.039406	0	657	-0.00389334	0	657	-0.0269602	0	
658	-0.00207081	0	658	-0.00373139	0	658	-0.00285739	0	658	-0.0343877	0	658	-0.00565706	0	658	-0.0245526	0	
659	-0.00206886	0	659	-0.00347246	0	659	-0.00235318	0	659	-0.0288794	0	659	-0.0048037	0	659	-0.0222952	0	
660	-0.00233219	0	660	-0.00314727	0	660	5.81887e-05	0	660	-0.0189873	0	660	-0.0242362	0	660	-0.0210842	0	
661	-0.00251072	0	661	-0.00256173	0	661	0.00405093	0	661	-0.00819642	0	661	-0.0596131	0	661	-0.019403	0	
662	-0.00206398	0	662	-0.00249642	0	662	0.00723215	0	662	-0.000257849	0	662	-0.0785844	0	662	-0.0204289	0	
663	-0.00162393	0	663	-0.0026929	0	663	0.00864443	0	663	0.00513109	0	663	-0.0901558	0	663	-0.02388	0	
664	-0.00136664	0	664	-0.00312792	0	664	0.00857573	0	664	0.00536478	0	664	-0.0871113	0	664	-0.0236621	0	
665	-0.000967389	0	665	-0.00304493	0	665	0.00783994	0	665	0.00205437	0	665	-0.0717804	0	665	-0.0228477	0	
666	-0.00128352	0	666	-0.00340374	0	666	0.00708129	0	666	0.00287193	0	666	-0.0774485	0	666	-0.0218666	0	
667	-0.00115694	0	667	-0.00302629	0	667	0.00638292	0	667	0.00339262	0	667	-0.0658695	0	667	-0.0200998	0	
668	-0.000862232	0	668	-0.0021073	0	668	0.00574428	0	668	0.00377977	0	668	-0.0505752	0	668	-0.0129494	0	
669	-0.00116688	0	669	0.000495726	0	669	0.00494227	0	669	0.0185061	0	669	-0.0442163	0	669	0.012195	0	
670	-0.00189971	0	670	0.00380893	0	670	0.00422268	0	670	0.0255463	0	670	-0.0408743	0	670	0.0457397	0	
671	-0.00278192	0	671	0.00766082	0	671	0.00344137	0	671	0.0232605	0	671	-0.0379176	0	671	0.078688	0	
672	-0.00338917	0	672	0.00997233	0	672	0.0028296	0	672	0.0199112	0	672	-0.0337274	0	672	0.0997182	0	
673	-0.0034052	0	673	0.010595	0	673	0.00250278	0	673	0.0197997	0	673	-0.0295726	0	673	0.1	0	
674	-0.0032497	0	674	0.0103194	0	674	0.00233706	0	674	0.0218543	0	674	-0.0276327	0	674	0.0995669	0	
675	-0.00281413	0	675	0.00935789	0	675	0.00234877	0	675	0.0218792	0	675	-0.0267904	0	675	0.0907679	0	
676	-0.00223908	0	676	0.00823575	0	676	0.00239913	0	676	0.0222596	0	676	-0.0255947	0	676	0.0795384	0	
677	-0.00177275	0	677	0.00665895	0	677	0.00233723	0	677	0.0214589	0	677	-0.023524	0	677	0.0666583	0	
678	-0.00145239	0	678	0.00527622	0	678	0.00191301	0	678	0.0209159	0	678	-0.0217988	0	678	0.0559469	0	
679	-0.00132005	0	679	0.00414162	0	679	0.00176684	0	679	0.0187314	0	679	-0.0161402	0	679	0.0462637	0	
680	-0.00116751	0	680	0.00324202	0	680	0.00123408	0	680	0.0162586	0	680	-0.0168162	0	680	0.0390691	0	
681	-0.000839584	0	681	0.00209736	0	681	0.000988043	0	681	0.0123863	0	681	-0.0123803	0	681	0.030262	0	
682	-0.000640689	0	682	0.000786145	0	682	0.000629413	0	682	0.00723582	0	682	-0.0122194	0	682	0.0206826	0	
683	-0.000420037	0	683	-0.000331063	0	683	0.000233306	0	683	0.00280856	0	683	-0.00969144	0	683	0.01225	0	
684	0	0	684	0	0	684	0	0	684	0	0	684	0	0	684	0	0	
685	0	0	685	0	0	685	0	0	685	0	0	685	0	0	685	0	0	
686	0	0	686	0	0	686	0	0	686	0	0	686	0	0	686	0	0	
687	0	0	687	0	0	687	0	0	687	0	0	687	0	0	687	0	0	
688	0	0	688	0	0	688	0	0	688	0	0	688	0	0	688	0	0	
689	0	0	689	0	0	689	0	0	689	0	0	689	0	0	689	0	0	
690	0	0	690	0	0	690	0	0	690	0	0	690	0	0	690	0	0	
691	0	0	691	0	0	691	0	0	691	0	0	691	0	0	691	0	0	
692	-0.00192275	0	692	0.00275144	0	692	0.000243792	0	692	0.0123709	0	692	-0.00458417	0	692	0.0401795	0	
693	-0.00165034	0	693	0.00375387	0	693	0.000213467	0	693	0.00772865	0	693	-0.00523049	0	693	0.0406415	0	
694	-0.0013503	0	694	0.00362676	0	694	3.40956e-05	0	694	0.00385114	0	694	-0.00490277	0	694	0.0350272	0	
695	-0.00148344	0	695	0.0032691	0	695	1.84291e-05	0	695	0.00946738	0	695	-0.0038749	0	695	0.0335326	0	
696	-0.00188926	0	696	0.00399499	0	696	4.04634e-05	0	696	0.018618	0	696	-0.000497657	0	696	0.0371509	0	
697	-0.00198352	0	697	0.00516286	0	697	-8.92105e-06	0	697	0.0171834	0	697	-0.00124916	0	697	0.0362076	0	
698	-0.00139915	0	698	0.00485529	0	698	-0.000363583	0	698	0.0136869	0	698	-0.00028933	0	698	0.0298428	0	
699	-0.000928628	0	699	0.0037038	0	699	-0.000554926	0	699	0.00885237	0	699	0.000574996	0	699	0.018302	0	
700	0	0	700	0	0	700	0	0	700	0	0	700	0	0	700	0	0	
701	0	0	701	0	0	701	0	0	701	0	0	701	0	0	701	0	0	
702	0	0	702	0	0	702	0	0	702	0	0	702	0	0	702	0	0	
703	0	0	703	0	0	703	0	0	703	0	0	703	0	0	703	0	0	
704	0	0	704	0	0	704	0	0	704	0	0	704	0	0	704	0	0	
705	0	0	705	0	0	705	0	0	705	0	0	705	0	0	705	0	0	
706	0	0	706	0	0	706	0	0	706	0	0	706	0	0	706	0	0	
707	-0.000566884	0	707	0.000785889	0	707	-0.00132085	0	707	-0.0115565	0	707	-0.000171992	0	707	-0.0222411	0	
708	-0.00046115	0	708	0.0012196	0	708	-0.000899138	0	708	-0.00454885	0	708	-0.000578556	0	708	-0.0160887	0	
709	0	0	709	0	0	709	0	0	709	0	0	709	0	0	709	0	0	
710	0	0	710	0	0	710	0	0	710	0	0	710	0	0	710	0	0	
711	0	0	711	0	0	711	0	0	711	0	0	711	0	0	711	0	0	
712	0	0	712	0	0	712	0	0	712	0	0	712	0	0	712	0	0	
713	0	0	713	0	0	713	0	0	713	0	0	713	0	0	713	0	0	
714	0	0	714	0	0	714	0	0	714	0	0	714	0	0	714	0	0	
715	0	0	715	0	0	715	0	0	715	0	0	715	0	0	715	0	0	
716	-0.00114909	0	716	0.000825834	0	716	-0.00239269	0	716	-0.0176858	0	716	0.00855782	0	716	-0.0214397	0	
717	-0.00114307	0	717	0.00120966	0	717	-0.00194789	0	717	-0.00471686	0	717	0.00589452	0	717	-0.0120661	0	
718	0	0	718	0	0	718	0	0	718	0	0	718	0	0	718	0	0	
719	0	0	719	0	0	719	0	0	719	0	0	719	0	0	719	0	0	
720	0	0	720	0	0	720	0	0	720	0	0	720	0	0	720	0	0	
721	0	0	721	0	0	721	0	0	721	0	0	721	0	0	721	0	0	
722	0	0	722	0	0	722	0	0	722	0	0	722	0	0	722	0	0	
723	0	0	723	0	0	723	0	0	723	0	0	723	0	0	723	0	0	
724	0	0	724	0	0	724	0	0	724	0	0	724	0	0	724	0	0	
725	0	0	725	0	0	725	0	0	725	0	0	725	0	0	725	0	0	
726	0	0	726	0	0	726	0	0	726	0	0	726	0	0	726	0	0	
727	0	0	727	0	0	727	0	0	727	0	0	727	0	0	727	0	0	
728	0	0	728	0	0	728	0	0	728	0	0	728	0	0	728	0	0	
729	0	0	729	0	0	729	0	0	729	0	0	729	0	0	729	0	0	
730	0	0	730	0	0	730	0	0	730	0	0	730	0	0	730	0	0	
731	0	0	731	0	0	731	0	0	731	0	0	731	0	0	731	0	0	
732	0	0	732	0	0	732	0	0	732	0	0	732	0	0	732	0	0	
733	0	0	733	0	0	733	0	0	733	0	0	733	0	0	733	0	0	
734	0	0	734	0	0	734	0	0	734	0	0	734	0	0	734	0	0	
735	0	0	735	0	0	735	0	0	735	0	0	735	0	0	735	0	0	
736	0	0	736	0	0	736	0	0	736	0	0	736	0	0	736	0	0	
737	0	0	737	0	0	737	0	0	737	0	0	737	0	0	737	0	0	
738	0	0	738	0	0	738	0	0	738	0	0	738	0	0	738	0	0	
739	0	0	739	0	0	739	0	0	739	0	0	739	0	0	739	0	0	
740	0	0	740	0	0	740	0	0	740	0	0	740	0	0	740	0	0	
741	0	0	741	0	0	741	0	0	741	0	0	741	0	0	741	0	0	
742	0	0	742	0	0	742	0	0	742	0	0	742	0	0	742	0	0	
743	0	0	743	0	0	743	0	0	743	0	0	743	0	0	743	0	0	
744	0	0	744	0	0	744	0	0	744	0	0	744	0	0	744	0	0	
745	0	0	745	0	0	745	0	0	745	0	0	745	0	0	745	0	0	
746	0	0	746	0	0	746	0	0	746	0	0	746	0	0	746	0	0	
747	0	0	747	0	0	747	0	0	747	0	0	747	0	0	747	0	0	
748	0	0	748	0	0	748	0	0	748	0	0	748	0	0	748	0	0	
749	0	0	749	0	0	749	0	0	749	0	0	749	0	0	749	0	0	
750	0	0	750	0	0	750	0	0	750	0	0	750	0	0	750	0	0	
751	0	0	751	0	0	751	0	0	751	0	0	751	0	0	751	0	0	
752	0	0	752	0	0	752	0	0	752	0	0	752	0	0	752	0	0	
753	0	0	753	0	0	753	0	0	753	0	0	753	0	0	753	0	0	
754	0	0	754	0	0	754	0	0	754	0	0	754	0	0	754	0	0	
755	0	0	755	0	0	755	0	0	755	0	0	755	0	0	755	0	0	
756	0	0	756	0	0	756	0	0	756	0	0	756	0	0	756	0	0	
757	0	0	757	0	0	757	0	0	757	0	0	757	0	0	757	0	0	
758	0	0	758	0	0	758	0	0	758	0	0	758	0	0	758	0	0	
759	0	0	759	0	0	759	0	0	759	0	0	759	0	0	759	0	0	
760	0	0	760	0	0	760	0	0	760	0	0	760	0	0	760	0	0	
761	0	0	761	0	0	761	0	0	761	0	0	761	0	0	761	0	0	
762	0	0	762	0	0	762	0	0	762	0	0	762	0	0	762	0	0	
763	0	0	763	0	0	763	0	0	763	0	0	763	0	0	763	0	0	
764	0	0	764	0	0	764	0	0	764	0	0	764	0	0	764	0	0	
765	0	0	765	0	0	765	0	0	765	0	0	765	0	0	765	0	0	
766	0	0	766	0	0	766	0	0	766	0	0	766	0	0	766	0	0	
767	0	0	767	0	0	767	0	0	767	0	0	767	0	0	767	0	0	
768	0	0	768	0	0	768	0	0	768	0	0	768	0	0	768	0	0	
769	0	0	769	0	0	769	0	0	769	0	0	769	0	0	769	0	0	
770	0	0	770	0	0	770	0	0	770	0	0	770	0	0	770	0	0	
771	0	0	771	0	0	771	0	0	771	0	0	771	0	0	771	0	0	
772	0.00255772	0	772	0.00392356	0	772	-0.00377943	0	772	0.0077921	0	772	0.026094	0	772	0.00493853	0	
773	0.00256767	0	773	0.00400148	0	773	-0.00380443	0	773	0.00582616	0	773	0.0239334	0	773	0.00582979	0	
774	0.0014713	0	774	0.00409878	0	774	-0.00278929	0	774	0.00246044	0	774	0.0128906	0	774	0.00764559	0	
775	0	0	775	0	0	775	0	0	775	0	0	775	0	0	775	0	0	
776	0	0	776	0	0	776	0	0	776	0	0	776	0	0	776	0	0	
777	-0.000543899	0	777	0.00360514	0	777	-0.00303739	0	777	0.0096579	0	777	0.0138542	0	777	0.00920512	0	
778	0	0	778	0	0	778	0	0	778	0	0	778	0	0	778	0	0	
779	0	0	779	0	0	779	0	0	779	0	0	779	0	0	779	0	0	
780	0	0	780	0	0	780	0	0	780	0	0	780	0	0	780	0	0	
781	-3.6013e-05	0	781	0.00173583	0	781	-0.00179666	0	781	0.00714145	0	781	0.0151717	0	781	-0.00318629	0	
782	0	0	782	0	0	782	0	0	782	0	0	782	0	0	782	0	0	
783	0	0	783	0	0	783	0	0	783	0	0	783	0	0	783	0	0	
784	0	0	784	0	0	784	0	0	784	0	0	784	0	0	784	0	0	
785	0	0	785	0	0	785	0	0	785	0	0	785	0	0	785	0	0	
786	0	0	786	0	0	786	0	0	786	0	0	786	0	0	786	0	0	
787	0	0	787	0	0	787	0	0	787	0	0	787	0	0	787	0	0	
788	0	0	788	0	0	788	0	0	788	0	0	788	0	0	788	0	0	
789	0	0	789	0	0	789	0	0	789	0	0	789	0	0	789	0	0	
790	0.000226989	0	790	-0.000592498	0	790	-0.00107047	0	790	0.0039805	0	790	0.0116468	0	790	-0.0117518	0	
791	0	0	791	0	0	791	0	0	791	0	0	791	0	0	791	0	0	
792	0	0	792	0	0	792	0	0	792	0	0	792	0	0	792	0	0	
793	-0.00138411	0	793	0.000329402	0	793	-0.00211676	0	793	-0.000723401	0	793	0.0150513	0	793	-0.00353892	0	
794	0	0	794	0	0	794	0	0	794	0	0	794	0	0	794	0	0	
795	0	0	795	0	0	795	0	0	795	0	0	795	0	0	795	0	0	
796	0	0	796	0	0	796	0	0	796	0	0	796	0	0	796	0	0	
797	-0.00178458	0	797	0.000338348	0	797	-0.00338808	0	797	7.14083e-05	0	797	0.024676	0	797	-0.00563061	0	
798	-0.00163144	0	798	0.000275845	0	798	-0.00448966	0	798	0.000370124	0	798	0.0359907	0	798	-0.00617277	0	
799	-0.00142797	0	799	0.000701759	0	799	-0.00609757	0	799	-0.000585043	0	799	0.0529926	0	799	-0.00276962	0	
800	-0.00135285	0	800	0.00108133	0	800	-0.0070489	0	800	-0.00158373	0	800	0.0596396	0	800	-0.00120915	0	
801	-0.000919549	0	801	0.000879234	0	801	-0.00760233	0	801	-0.00216219	0	801	0.0672583	0	801	-0.00358638	0	
802	-0.000575916	0	802	0.000361409	0	802	-0.00813448	0	802	-0.00496981	0	802	0.0773176	0	802	-0.00565343	0	
803	-0.000660429	0	803	-5.73858e-05	0	803	-0.00899275	0	803	-0.00448883	0	803	0.0820653	0	803	-0.00568492	0	
804	-0.000683536	0	804	0.000157647	0	804	-0.00899225	0	804	-0.00686715	0	804	0.0854499	0	804	-0.00629648	0	
805	-0.000660919	0	805	0.000282313	0	805	-0.00842796	0	805	-0.00614582	0	805	0.0788649	0	805	-0.00601684	0	
806	-0.000452074	0	806	-2.92528e-05	0	806	-0.00760023	0	806	-0.00514872	0	806	0.0651389	0	806	-0.00747723	0	
807	-0.000164895	0	807	-0.000394613	0	807	-0.00694699	0	807	-0.00341569	0	807	0.0599821	0	807	-0.00833352	0	
808	-0.000148109	0	808	-0.000485834	0	808	-0.00637197	0	808	-0.00366185	0	808	0.0543931	0	808	-0.00712776	0	
809	-0.00018462	0	809	-0.000337352	0	809	-0.00556874	0	809	-0.00354223	0	809	0.0469376	0	809	-0.0077738	0	
810	0.000176061	0	810	-7.91308e-05	0	810	-0.00461299	0	810	-0.00577674	0	810	0.0433215	0	810	-0.00618681	0	
811	0.000432134	0	811	9.45916e-05	0	811	-0.00415428	0	811	-0.0041226	0	811	0.0405467	0	811	-0.00526897	0	
812	0.000453915	0	812	0.000202773	0	812	-0.00392419	0	812	-0.00446454	0	812	0.0426994	0	812	-0.00578191	0	
813	5.28411e-05	0	813	-8.61418e-05	0	813	-0.00374412	0	813	-0.00257274	0	813	0.0334184	0	813	-0.00428865	0	
814	-0.00033307	0	814	-0.000161967	0	814	-0.00261008	0	814	-0.000738889	0	814	0.0200328	0	814	-0.00494303	0	
815	0	0	815	0	0	815	0	0	815	0	0	815	0	0	815	0	0	
816	0	0	816	0	0	816	0	0	816	0	0	816	0	0	816	0	0	
817	0	0	817	0	0	817	0	0	817	0	0	817	0	0	817	0	0	
818	0	0	818	0	0	818	0	0	818	0	0	818	0	0	818	0	0	
819	-0.00268572	0	819	0.0015348	0	819	0.00502807	0	819	0.00181579	0	819	-0.0541663	0	819	0.00900976	0	
820	-0.00249118	0	820	0.00195162	0	820	0.00616549	0	820	0.000599443	0	820	-0.0620733	0	820	0.0127079	0	
821	-0.00201773	0	821	0.00202195	0	821	0.00660396	0	821	0.00155509	0	821	-0.0621181	0	821	0.0125143	0	
822	-0.00162443	0	822	0.00196037	0	822	0.00644761	0	822	0.00170979	0	822	-0.0591004	0	822	0.0117935	0	
823	-0.00145723	0	823	0.00163586	0	823	0.00550614	0	823	0.00134915	0	823	-0.0498863	0	823	0.0084871	0	
824	-0.00169014	0	824	0.0011098	0	824	0.00479906	0	824	0.000470118	0	824	-0.0458252	0	824	0.00706268	0	
825	-0.0016504	0	825	0.000619514	0	825	0.00437112	0	825	0.00101341	0	825	-0.0420412	0	825	0.00614938	0	
826	-0.00146567	0	826	0.000409558	0	826	0.00412587	0	826	0.000414274	0	826	-0.0394631	0	826	0.00429969	0	
827	-0.00130297	0	827	0.000341731	0	827	0.0038687	0	827	0.000322111	0	827	-0.0364436	0	827	0.00287329	0	
828	-0.00104093	0	828	0.000466342	0	828	0.00348552	0	828	0.000133947	0	828	-0.0304956	0	828	0.00202446	0	
829	-0.00110504	0	829	0.000294691	0	829	0.00309031	0	829	0.00109492	0	829	-0.0320951	0	829	0.000921803	0	
830	-0.00103395	0	830	0.000384673	0	830	0.00282523	0	830	0.00050793	0	830	-0.0287274	0	830	0.00119614	0	
831	-0.000937218	0	831	0.000425571	0	831	0.00262021	0	831	0.000645444	0	831	-0.0267757	0	831	0.00119818	0	
832	-0.000852891	0	832	0.000450576	0	832	0.00240216	0	832	0.000444587	0	832	-0.0247487	0	832	0.000640998	0	
833	-0.00037013	0	833	-0.000352803	0	833	0.00217051	0	833	0.00549346	0	833	-0.0206641	0	833	-0.00951871	0	
834	0.00056441	0	834	-0.00489122	0	834	0.00285624	0	834	0.0231276	0	834	-0.0205694	0	834	-0.0490657	0	
835	0.00162498	0	835	-0.00777968	0	835	0.00324275	0	835	0.0351818	0	835	-0.0129578	0	835	-0.0796402	0	
836	0.00229696	0	836	-0.00905639	0	836	0.00445298	0	836	0.0293347	0	836	-0.00675163	0	836	-0.1	0	
837	0.00288202	0	837	-0.0097296	0	837	0.00379748	0	837	0.0434526	0	837	-0.00818023	0	837	-0.0982211	0	
838	0.0031002	0	838	-0.00882978	0	838	0.0036013	0	838	0.043281	0	838	-0.00728281	0	838	-0.0842027	0	
839	0.00205157	0	839	-0.0073826	0	839	0.00286141	0	839	0.0430195	0	839	-0.0158235	0	839	-0.0760039	0	
840	0.000883002	0	840	-0.00488765	0	840	0.00238304	0	840	0.0355001	0	840	-0.021748	0	840	-0.0592778	0	
841	0.00107143	0	841	-0.00081495	0	841	0.00197738	0	841	0.0162143	0	841	-0.000817051	0	841	-0.0171621	0	
842	-0.000579484	0	842	0.00344042	0	842	0.000534113	0	842	0.000850487	0	842	-0.0112127	0	842	0.0226836	0	
843	-0.00208766	0	843	0.00760424	0	843	-0.000624161	0	843	-0.0166796	0	843	-0.00673293	0	843	0.063516	0	
844	-0.00326857	0	844	0.0105899	0	844	-0.00175265	0	844	-0.0299793	0	844	-0.0010732	0	844	0.0937758	0	
845	-0.00376756	0	845	0.0123975	0	845	-0.0025158	0	845	-0.0456101	0	845	0.0114098	0	845	0.1	0	
846	-0.00367522	0	846	0.011768	0	846	-0.00272906	0	846	-0.0457628	0	846	0.0102537	0	846	0.1	0	
847	-0.00301366	0	847	0.0101024	0	847	-0.00230157	0	847	-0.0423952	0	847	0.0120328	0	847	0.0923297	0	
848	-0.00192139	0	848	0.0081659	0	848	-0.00156923	0	848	-0.0346833	0	848	0.00807149	0	848	0.0745426	0	
849	-0.00117695	0	849	0.00555943	0	849	-0.000677201	0	849	-0.0261288	0	849	-0.00181651	0	849	0.0533805	0	
850	-0.000411522	0	850	0.00328291	0	850	-0.000189474	0	850	-0.0163073	0	850	-0.00564458	0	850	0.0303493	0	
851	1.00995e-06	0	851	0.00243194	0	851	-0.000671139	0	851	-0.0114064	0	851	0.000524514	0	851	0.021126	0	
852	0.000158196	0	852	0.00238049	0	852	-0.00253792	0	852	-0.0106178	0	852	0.0202728	0	852	0.0202945	0	
853	-4.7729e-05	0	853	0.00194813	0	853	-0.00487087	0	853	-0.0115993	0	853	0.0426568	0	853	0.0171025	0	
854	-0.000605772	0	854	0.00201384	0	854	-0.00746457	0	854	-0.0122193	0	854	0.0673965	0	854	0.0165889	0	
855	-0.000899855	0	855	0.00207628	0	855	-0.00902917	0	855	-0.0126458	0	855	0.084371	0	855	0.0146206	0	
856	-0.00132555	0	856	0.00224535	0	856	-0.00932104	0	856	-0.0115586	0	856	0.0807994	0	856	0.0114164	0	
857	-0.00112473	0	857	0.00215576	0	857	-0.00847102	0	857	-0.0103796	0	857	0.0724511	0	857	0.0112349	0	
858	-0.00024532	0	858	0.00181891	0	858	-0.00701001	0	858	-0.00980497	0	858	0.0685529	0	858	0.0104296	0	
859	-0.000216162	0	859	0.00103236	0	859	-0.0052672	0	859	-0.00716068	0	859	0.0454823	0	859	0.00920997	0	
860	-0.000556302	0	860	0.000553653	0	860	-0.00313507	0	860	-0.00571974	0	860	0.023728	0	860	0.00489462	0	
861	-0.000939321	0	861	-0.000251049	0	861	-2.09064e-05	0	861	-0.00293275	0	861	-0.00492952	0	861	-0.00123491	0	
862	0	0	862	0	0	862	0	0	862	0	0	862	0	0	862	0	0	
863	-0.00176322	0	863	-0.00197403	0	863	0.00556034	0	863	0.00343123	0	863	-0.0581222	0	863	-0.0127579	0	
864	-0.00150659	0	864	-0.00251256	0	864	0.00595971	0	864	0.00134575	0	864	-0.0606703	0	864	-0.0132996	0	
865	-0.000943064	0	865	-0.00234003	0	865	0.00474543	0	865	0.000915109	0	865	-0.0480969	0	865	-0.010459	0	
866	-0.000992619	0	866	-0.00130575	0	866	0.00344804	0	866	0.00113074	0	866	-0.0374454	0	866	-0.00575371	0	
867	-0.00112527	0	867	-0.000252148	0	867	0.00221821	0	867	0.00205912	0	867	-0.0255235	0	867	-0.00352078	0	
868	-0.0012804	0	868	0.000131915	0	868	0.00133425	0	868	0.00292447	0	868	-0.0213898	0	868	-0.00126181	0	
869	0	0	869	0	0	869	0	0	869	0	0	869	0	0	869	0	0	
870	0	0	870	0	0	870	0	0	870	0	0	870	0	0	870	0	0	
871	-0.000679007	0	871	7.24058e-05	0	871	0.001831	0	871	0.00274752	0	871	-0.0204536	0	871	-0.00176229	0	
872	0	0	872	0	0	872	0	0	872	0	0	872	0	0	872	0	0	
873	0	0	873	0	0	873	0	0	873	0	0	873	0	0	873	0	0	
874	0	0	874	0	0	874	0	0	874	0	0	874	0	0	874	0	0	
875	0	0	875	0	0	875	0	0	875	0	0	875	0	0	875	0	0	
876	0	0	876	0	0	876	0	0	876	0	0	876	0	0	876	0	0	
877	0	0	877	0	0	877	0	0	877	0	0	877	0	0	877	0	0	
878	0	0	878	0	0	878	0	0	878	0	0	878	0	0	878	0	0	
879	0	0	879	0	0	879	0	0	879	0	0	879	0	0	879	0	0	
880	0	0	880	0	0	880	0	0	880	0	0	880	0	0	880	0	0	
881	-0.000471863	0	881	-0.00101985	0	881	0.00170082	0	881	-0.000896355	0	881	-0.0211272	0	881	-0.00650004	0	
882	0	0	882	0	0	882	0	0	882	0	0	882	0	0	882	0	0	
883	0	0	883	0	0	883	0	0	883	0	0	883	0	0	883	0	0	
884	0	0	884	0	0	884	0	0	884	0	0	884	0	0	884	0	0	
885	0	0	885	0	0	885	0	0	885	0	0	885	0	0	885	0	0	
886	-0.000570175	0	886	-0.000929651	0	886	0.0014761	0	886	-0.00112133	0	886	-0.0215828	0	886	-0.00716526	0	
887	-0.000510885	0	887	-0.000849976	0	887	0.00146872	0	887	-0.000432567	0	887	-0.0200644	0	887	-0.00543703	0	
888	0	0	888	0	0	888	0	0	888	0	0	888	0	0	888	0	0	
889	0	0	889	0	0	889	0	0	889	0	0	889	0	0	889	0	0	
890	0	0	890	0	0	890	0	0	890	0	0	890	0	0	890	0	0	
891	0	0	891	0	0	891	0	0	891	0	0	891	0	0	891	0	0	
892	0	0	892	0	0	892	0	0	892	0	0	892	0	0	892	0	0	
893	0	0	893	0	0	893	0	0	893	0	0	893	0	0	893	0	0	
894	0.00028858	0	894	0.00196646	0	894	0.00204525	0	894	-0.017902	0	894	-0.024553	0	894	0.0308995	0	
895	0.000184446	0	895	0.00379052	0	895	0.00205273	0	895	-0.024152	0	895	-0.0236956	0	895	0.0405078	0	
896	0.000403327	0	896	0.0030763	0	896	0.00230284	0	896	-0.0200441	0	896	-0.0270778	0	896	0.0383423	0	
897	0.000768064	0	897	0.00243198	0	897	0.00175065	0	897	-0.0212176	0	897	-0.0153704	0	897	0.0308405	0	
898	-0.000282565	0	898	0.00369895	0	898	0.000840949	0	898	-0.0273923	0	898	-0.0113986	0	898	0.0466804	0	
899	-0.00164582	0	899	0.00581827	0	899	-0.000195412	0	899	-0.0357265	0	899	-0.0112046	0	899	0.0623583	0	
900	-0.00201983	0	900	0.00512338	0	900	-0.000564732	0	900	-0.0394596	0	900	-0.00790293	0	900	0.0608922	0	
901	-0.00112361	0	901	0.00316627	0	901	-0.000294216	0	901	-0.0336518	0	901	-0.00718306	0	901	0.0456357	0	
902	-0.000236711	0	902	0.000146773	0	902	-0.000162278	0	902	-0.0274706	0	902	-0.00513824	0	902	0.0269943	0	
903	5.26873e-06	0	903	-0.00221372	0	903	-0.000252084	0	903	-0.0228733	0	903	-0.00846917	0	903	0.0116197	0	
904	3.40474e-05	0	904	-0.00369194	0	904	-0.000203416	0	904	-0.0222228	0	904	-0.00216724	0	904	-0.00155181	0	
905	0	0	905	0	0	905	0	0	905	0	0	905	0	0	905	0	0	
906	0	0	906	0	0	906	0	0	906	0	0	906	0	0	906	0	0	
907	0	0	907	0	0	907	0	0	907	0	0	907	0	0	907	0	0	
908	0.000676093	0	908	-0.00615169	0	908	-0.000465201	0	908	-0.017177	0	908	0.00429658	0	908	-0.0237303	0	
909	0.000775573	0	909	-0.00693199	0	909	-0.000327697	0	909	-0.0170608	0	909	-0.00331734	0	909	-0.026935	0	
910	0.000808505	0	910	-0.00739195	0	910	-0.00027851	0	910	-0.0157632	0	910	-0.000217174	0	910	-0.0292837	0	
911	0.000552739	0	911	-0.00707624	0	911	-0.000233763	0	911	-0.0139776	0	911	-0.00114102	0	911	-0.0279202	0	
912	0.000396965	0	912	-0.00592928	0	912	-0.00032492	0	912	-0.0108624	0	912	0.00210265	0	912	-0.0254716	0	
913	0.000176147	0	913	-0.00495314	0	913	-0.000829999	0	913	-0.0108655	0	913	0.00292502	0	913	-0.0221931	0	
914	-0.000113439	0	914	-0.00494811	0	914	-0.00118601	0	914	-0.00803482	0	914	0.00276282	0	914	-0.0172398	0	
915	0	0	915	0	0	915	0	0	915	0	0	915	0	0	915	0	0	
