Velocities
0	0	0	0	0	0	0	0	0	0	0	0	0	0	0	0	0	0	
1	0	0	1	0	0	1	0	0	1	0	0	1	0	0	1	0	0	
2	0	0	2	0	0	2	0	0	2	0	0	2	0	0	2	0	0	
3	-0.000272852	0	3	-0.00172286	0	3	7.69653e-05	0	3	-0.00516981	0	3	0.00298548	0	3	-0.0084972	0	
4	0	0	4	0	0	4	0	0	4	0	0	4	0	0	4	0	0	
5	0	0	5	0	0	5	0	0	5	0	0	5	0	0	5	0	0	
6	0	0	6	0	0	6	0	0	6	0	0	6	0	0	6	0	0	
7	0	0	7	0	0	7	0	0	7	0	0	7	0	0	7	0	0	
8	0	0	8	0	0	8	0	0	8	0	0	8	0	0	8	0	0	
9	0	0	9	0	0	9	0	0	9	0	0	9	0	0	9	0	0	
10	0	0	10	0	0	10	0	0	10	0	0	10	0	0	10	0	0	
11	0	0	11	0	0	11	0	0	11	0	0	11	0	0	11	0	0	
12	0	0	12	0	0	12	0	0	12	0	0	12	0	0	12	0	0	
13	0	0	13	0	0	13	0	0	13	0	0	13	0	0	13	0	0	
14	0	0	14	0	0	14	0	0	14	0	0	14	0	0	14	0	0	
15	0	0	15	0	0	15	0	0	15	0	0	15	0	0	15	0	0	
16	0	0	16	0	0	16	0	0	16	0	0	16	0	0	16	0	0	
17	0	0	17	0	0	17	0	0	17	0	0	17	0	0	17	0	0	
18	0	0	18	0	0	18	0	0	18	0	0	18	0	0	18	0	0	
19	0	0	19	0	0	19	0	0	19	0	0	19	0	0	19	0	0	
20	0	0	20	0	0	20	0	0	20	0	0	20	0	0	20	0	0	
21	0	0	21	0	0	21	0	0	21	0	0	21	0	0	21	0	0	
22	0	0	22	0	0	22	0	0	22	0	0	22	0	0	22	0	0	
23	0	0	23	0	0	23	0	0	23	0	0	23	0	0	23	0	0	
24	0	0	24	0	0	24	0	0	24	0	0	24	0	0	24	0	0	
25	0	0	25	0	0	25	0	0	25	0	0	25	0	0	25	0	0	
26	0	0	26	0	0	26	0	0	26	0	0	26	0	0	26	0	0	
27	0	0	27	0	0	27	0	0	27	0	0	27	0	0	27	0	0	
28	0	0	28	0	0	28	0	0	28	0	0	28	0	0	28	0	0	
29	0	0	29	0	0	29	0	0	29	0	0	29	0	0	29	0	0	
30	0	0	30	0	0	30	0	0	30	0	0	30	0	0	30	0	0	
31	0	0	31	0	0	31	0	0	31	0	0	31	0	0	31	0	0	
32	0	0	32	0	0	32	0	0	32	0	0	32	0	0	32	0	0	
33	0	0	33	0	0	33	0	0	33	0	0	33	0	0	33	0	0	
34	0	0	34	0	0	34	0	0	34	0	0	34	0	0	34	0	0	
35	0	0	35	0	0	35	0	0	35	0	0	35	0	0	35	0	0	
36	0	0	36	0	0	36	0	0	36	0	0	36	0	0	36	0	0	
37	0	0	37	0	0	37	0	0	37	0	0	37	0	0	37	0	0	
38	0	0	38	0	0	38	0	0	38	0	0	38	0	0	38	0	0	
39	0	0	39	0	0	39	0	0	39	0	0	39	0	0	39	0	0	
40	0	0	40	0	0	40	0	0	40	0	0	40	0	0	40	0	0	
41	0	0	41	0	0	41	0	0	41	0	0	41	0	0	41	0	0	
42	0	0	42	0	0	42	0	0	42	0	0	42	0	0	42	0	0	
43	0	0	43	0	0	43	0	0	43	0	0	43	0	0	43	0	0	
44	0	0	44	0	0	44	0	0	44	0	0	44	0	0	44	0	0	
45	0	0	45	0	0	45	0	0	45	0	0	45	0	0	45	0	0	
46	0	0	46	0	0	46	0	0	46	0	0	46	0	0	46	0	0	
47	0	0	47	0	0	47	0	0	47	0	0	47	0	0	47	0	0	
48	0	0	48	0	0	48	0	0	48	0	0	48	0	0	48	0	0	
49	0	0	49	0	0	49	0	0	49	0	0	49	0	0	49	0	0	
50	0	0	50	0	0	50	0	0	50	0	0	50	0	0	50	0	0	
51	1.07622e-05	0	51	-0.00339816	0	51	-0.00105533	0	51	-0.0272008	0	51	0.00478381	0	51	-0.0116886	0	
52	0.000166268	0	52	-0.0041777	0	52	-0.000861464	0	52	-0.0363382	0	52	0.00284408	0	52	-0.0127872	0	
53	0.00059762	0	53	-0.0058413	0	53	0.000310005	0	53	-0.046104	0	53	-0.00331741	0	53	-0.0188459	0	
54	0.000779892	0	54	-0.00707315	0	54	0.00116279	0	54	-0.0502366	0	54	-0.00620567	0	54	-0.021391	0	
55	0.00059511	0	55	-0.0074773	0	55	0.00115738	0	55	-0.0530226	0	55	-0.00592681	0	55	-0.0203391	0	
56	0.00036993	0	56	-0.00663558	0	56	0.000535285	0	56	-0.0517424	0	56	-0.00247128	0	56	-0.0156267	0	
57	0.000605232	0	57	-0.00575509	0	57	-0.000135605	0	57	-0.0504838	0	57	-0.000161087	0	57	-0.0126339	0	
58	0.000637082	0	58	-0.0059851	0	58	-0.00010279	0	58	-0.0536513	0	58	-0.00173584	0	58	-0.0152012	0	
59	0.00063642	0	59	-0.00603223	0	59	-0.000242657	0	59	-0.0564347	0	59	-0.000421533	0	59	-0.0143813	0	
60	0.000695544	0	60	-0.00634272	0	60	-0.000538741	0	60	-0.0581956	0	60	0.000606133	0	60	-0.0154742	0	
61	0.000636937	0	61	-0.00724998	0	61	-0.000934222	0	61	-0.0624985	0	61	0.00250529	0	61	-0.0182173	0	
62	0.00095146	0	62	-0.0087479	0	62	-0.00116816	0	62	-0.0662239	0	62	0.00354822	0	62	-0.0204677	0	
63	0.00108274	0	63	-0.0103069	0	63	-0.000899863	0	63	-0.0682149	0	63	0.00353717	0	63	-0.0191174	0	
64	0.00100642	0	64	-0.0108528	0	64	-0.00080565	0	64	-0.0742568	0	64	0.00310847	0	64	-0.0168917	0	
65	0.00106728	0	65	-0.010675	0	65	-0.00110679	0	65	-0.0762951	0	65	0.003726	0	65	-0.0186744	0	
66	0.00106636	0	66	-0.0107154	0	66	-0.00097222	0	66	-0.0792346	0	66	0.00368098	0	66	-0.0193656	0	
67	0.00137434	0	67	-0.0108467	0	67	-0.00119965	0	67	-0.0819016	0	67	0.00115508	0	67	-0.0199415	0	
68	0.00143048	0	68	-0.0114926	0	68	-0.00149786	0	68	-0.0835602	0	68	0.00217744	0	68	-0.0205977	0	
69	0.00142701	0	69	-0.0122583	0	69	-0.00166336	0	69	-0.0862488	0	69	0.00457567	0	69	-0.0202377	0	
70	0.00152049	0	70	-0.0135385	0	70	-0.0020881	0	70	-0.0810928	0	70	0.00836691	0	70	-0.0183903	0	
71	0.00148819	0	71	-0.0150335	0	71	-0.00204133	0	71	-0.0808814	0	71	0.0105524	0	71	-0.0185802	0	
72	0.00150644	0	72	-0.0162914	0	72	-0.00146414	0	72	-0.0780302	0	72	0.0109446	0	72	-0.0192248	0	
73	0.00137966	0	73	-0.0164912	0	73	-0.00108796	0	73	-0.0755999	0	73	0.011231	0	73	-0.0204452	0	
74	0.00120453	0	74	-0.0151565	0	74	-0.00135604	0	74	-0.0708487	0	74	0.0118392	0	74	-0.0156593	0	
75	0.00139058	0	75	-0.0139485	0	75	-0.0018556	0	75	-0.0665699	0	75	0.0103551	0	75	-0.0152607	0	
76	0.00142941	0	76	-0.013216	0	76	-0.00182607	0	76	-0.0638975	0	76	0.0120101	0	76	-0.0148631	0	
77	0.00155009	0	77	-0.0124274	0	77	-0.00189795	0	77	-0.0578195	0	77	0.0105156	0	77	-0.0155332	0	
78	0.00167321	0	78	-0.0119625	0	78	-0.00133299	0	78	-0.0482987	0	78	0.0087275	0	78	-0.017379	0	
79	0.00172138	0	79	-0.0112821	0	79	-0.00140566	0	79	-0.0415084	0	79	0.00883763	0	79	-0.0200289	0	
80	0.00178443	0	80	-0.00976821	0	80	-0.00167218	0	80	-0.0307857	0	80	0.00592131	0	80	-0.0187091	0	
81	0.00176524	0	81	-0.00778578	0	81	-0.00207808	0	81	-0.0194689	0	81	0.00426902	0	81	-0.0186545	0	
82	0.00155298	0	82	-0.00541271	0	82	-0.00264374	0	82	-0.0034512	0	82	0.00754531	0	82	-0.012774	0	
83	0	0	83	0	0	83	0	0	83	0	0	83	0	0	83	0	0	
84	0.00187372	0	84	-0.00468433	0	84	-0.0016936	0	84	0.0152672	0	84	0.00273257	0	84	-0.0157325	0	
85	0.00170435	0	85	-0.00437976	0	85	-0.00146943	0	85	0.0203868	0	85	0.0038234	0	85	-0.0152279	0	
86	0.00146471	0	86	-0.00305414	0	86	-0.00134212	0	86	0.0273554	0	86	0.00283164	0	86	-0.0131545	0	
87	0.00113052	0	87	-0.00131101	0	87	-0.00140457	0	87	0.0373017	0	87	0.00384873	0	87	-0.0118103	0	
88	0.00111046	0	88	-0.000100535	0	88	-0.00139584	0	88	0.0437696	0	88	0.00451913	0	88	-0.0140071	0	
89	0.000797082	0	89	0.000693609	0	89	-0.00109296	0	89	0.0560112	0	89	0.00595773	0	89	-0.0125423	0	
90	0.000914381	0	90	0.000864671	0	90	-0.00110814	0	90	0.0623882	0	90	0.00649941	0	90	-0.0130396	0	
91	0.000560901	0	91	0.00081856	0	91	-0.000947501	0	91	0.06533	0	91	0.00838363	0	91	-0.015935	0	
92	0.00031556	0	92	0.00138744	0	92	-0.000860225	0	92	0.0695062	0	92	0.0106128	0	92	-0.0158341	0	
93	0.000249619	0	93	0.00212414	0	93	-0.000663607	0	93	0.0697537	0	93	0.00933211	0	93	-0.017036	0	
94	0.000524524	0	94	0.00360456	0	94	-0.0008625	0	94	0.0767137	0	94	0.0110672	0	94	-0.0105595	0	
95	0.000523477	0	95	0.00453388	0	95	-0.000905159	0	95	0.0799472	0	95	0.0135205	0	95	-0.00773543	0	
96	0.000396955	0	96	0.00467977	0	96	-0.000765891	0	96	0.0793542	0	96	0.0128139	0	96	-0.00967294	0	
97	0.000216167	0	97	0.00502917	0	97	-0.000711789	0	97	0.0778362	0	97	0.013489	0	97	-0.0108723	0	
98	0.000124199	0	98	0.00605751	0	98	-0.000960536	0	98	0.0807958	0	98	0.0139589	0	98	-0.00734147	0	
99	-9.10852e-05	0	99	0.00627663	0	99	-0.000928136	0	99	0.0811265	0	99	0.0139022	0	99	-0.00825649	0	
100	7.36012e-05	0	100	0.00725911	0	100	-0.00146169	0	100	0.0826063	0	100	0.0156759	0	100	-0.00419313	0	
101	-0.000174872	0	101	0.00818365	0	101	-0.00123354	0	101	0.0822531	0	101	0.0164592	0	101	-0.00314151	0	
102	-0.000113479	0	102	0.00822347	0	102	-0.000694402	0	102	0.0857159	0	102	0.0140675	0	102	-0.00319394	0	
103	0.000127714	0	103	0.00768892	0	103	-0.000679992	0	103	0.0853201	0	103	0.0140785	0	103	-0.00506441	0	
104	0.000424381	0	104	0.00678172	0	104	-0.000989559	0	104	0.0834395	0	104	0.0157087	0	104	-0.00489207	0	
105	-0.00012825	0	105	0.00696508	0	105	-0.000855884	0	105	0.0795143	0	105	0.0120203	0	105	-0.00622786	0	
106	-0.000538608	0	106	0.008251	0	106	-0.00128231	0	106	0.0716808	0	106	0.0115972	0	106	-0.00186921	0	
107	-0.000686755	0	107	0.00806963	0	107	-0.00149432	0	107	0.0639397	0	107	0.0102909	0	107	-0.00137943	0	
108	-0.000672955	0	108	0.00753129	0	108	-0.00139157	0	108	0.0532148	0	108	0.00767286	0	108	-0.00303313	0	
109	-0.000386479	0	109	0.0067277	0	109	-0.00136905	0	109	0.0506178	0	109	0.00632979	0	109	7.25626e-05	0	
110	-0.000332901	0	110	0.00597439	0	110	-0.00211629	0	110	0.046598	0	110	0.00899323	0	110	0.00324645	0	
111	-0.000445622	0	111	0.00553675	0	111	-0.00216562	0	111	0.0437039	0	111	0.00881042	0	111	0.00389033	0	
112	-0.000864563	0	112	0.00560641	0	112	-0.00177909	0	112	0.0404272	0	112	0.00651229	0	112	0.00629727	0	
113	-0.000743161	0	113	0.00502329	0	113	-0.0017239	0	113	0.0382732	0	113	0.00757829	0	113	0.00540391	0	
114	-0.000726712	0	114	0.00416807	0	114	-0.00131027	0	114	0.0353324	0	114	0.00591839	0	114	0.00413796	0	
115	-0.000682805	0	115	0.00372052	0	115	-0.000736476	0	115	0.0334074	0	115	0.00524016	0	115	0.00535987	0	
116	-0.000544769	0	116	0.00381022	0	116	-0.000785073	0	116	0.0361559	0	116	0.0039643	0	116	0.00886627	0	
117	-0.000781754	0	117	0.00371362	0	117	-0.000527461	0	117	0.0318181	0	117	0.00315455	0	117	0.00776146	0	
118	-0.000526656	0	118	0.00349883	0	118	-0.000528849	0	118	0.0318081	0	118	0.0024602	0	118	0.00898322	0	
119	-0.000588582	0	119	0.00473545	0	119	0.000128477	0	119	0.0249684	0	119	-0.00239232	0	119	0.0197778	0	
120	-0.000971519	0	120	0.00790623	0	120	0.000112013	0	120	0.00894305	0	120	-0.00268859	0	120	0.0404146	0	
121	-0.00132558	0	121	0.00902602	0	121	-0.000132079	0	121	0.0056926	0	121	-0.00375531	0	121	0.0534567	0	
122	-0.00114421	0	122	0.00909883	0	122	-0.000474716	0	122	0.00294886	0	122	-0.00249587	0	122	0.0589869	0	
123	-0.00243054	0	123	0.0087265	0	123	0.00072767	0	123	-0.0255076	0	123	0.0139549	0	123	0.0583797	0	
124	-0.00260807	0	124	0.00905685	0	124	3.12195e-06	0	124	-0.0204529	0	124	0.0125197	0	124	0.0590039	0	
125	-0.00238784	0	125	0.00866908	0	125	-9.83915e-05	0	125	-0.0196914	0	125	0.0137305	0	125	0.0577483	0	
126	-0.00211779	0	126	0.00851735	0	126	0.000180744	0	126	-0.0186541	0	126	0.01007	0	126	0.057171	0	
127	-0.00191185	0	127	0.00845975	0	127	0.000190561	0	127	-0.0163403	0	127	0.00914393	0	127	0.0556859	0	
128	-0.00198527	0	128	0.00827189	0	128	0.00017332	0	128	-0.0165589	0	128	0.0100774	0	128	0.0555304	0	
129	-0.0019343	0	129	0.00841079	0	129	5.47065e-05	0	129	-0.0162893	0	129	0.00954076	0	129	0.0562245	0	
130	-0.00189065	0	130	0.00869768	0	130	-0.000209686	0	130	-0.016511	0	130	0.009268	0	130	0.0574727	0	
131	-0.00187581	0	131	0.00854456	0	131	-0.000241278	0	131	-0.0161242	0	131	0.0092623	0	131	0.0569009	0	
132	-0.00179961	0	132	0.00785231	0	132	-7.62095e-05	0	132	-0.0168745	0	132	0.0102908	0	132	0.0543784	0	
133	-0.00177903	0	133	0.00752542	0	133	-6.5795e-05	0	133	-0.0164661	0	133	0.0106382	0	133	0.0533207	0	
134	-0.00153345	0	134	0.00677407	0	134	2.30382e-05	0	134	-0.0130237	0	134	0.00907544	0	134	0.0467116	0	
135	-0.00116234	0	135	0.00539676	0	135	7.84789e-05	0	135	-0.00789591	0	135	0.00595657	0	135	0.0356795	0	
136	-0.00111435	0	136	0.00437427	0	136	0.000329598	0	136	-0.00776148	0	136	0.00764075	0	136	0.0323148	0	
137	-0.000936789	0	137	0.00395763	0	137	0.000316121	0	137	-0.00780633	0	137	0.00700332	0	137	0.0288127	0	
138	-0.000884242	0	138	0.00317625	0	138	0.000197634	0	138	-0.00753126	0	138	0.00716976	0	138	0.0219361	0	
139	-0.000644005	0	139	0.00143142	0	139	0.000362537	0	139	-0.00962708	0	139	0.00627007	0	139	0.00764518	0	
140	0	0	140	0	0	140	0	0	140	0	0	140	0	0	140	0	0	
141	0	0	141	0	0	141	0	0	141	0	0	141	0	0	141	0	0	
142	0	0	142	0	0	142	0	0	142	0	0	142	0	0	142	0	0	
143	0	0	143	0	0	143	0	0	143	0	0	143	0	0	143	0	0	
144	0.000891083	0	144	-0.00166913	0	144	-7.86113e-05	0	144	0.0102914	0	144	-0.0127944	0	144	-0.0194363	0	
145	0.000854874	0	145	-0.00247067	0	145	-0.00031858	0	145	0.0123733	0	145	-0.0100647	0	145	-0.0254199	0	
146	0.00100237	0	146	-0.00316686	0	146	-0.000149037	0	146	0.0121516	0	146	-0.0116451	0	146	-0.0299047	0	
147	0.000952948	0	147	-0.00360344	0	147	4.3085e-05	0	147	0.0127855	0	147	-0.0109679	0	147	-0.0328672	0	
148	0.000966355	0	148	-0.00451221	0	148	0.000291019	0	148	0.0122778	0	148	-0.0108164	0	148	-0.0400131	0	
149	0.00122931	0	149	-0.00527172	0	149	0.000350832	0	149	0.0127507	0	149	-0.0103709	0	149	-0.0446405	0	
150	0.0017791	0	150	-0.00626877	0	150	-0.000331945	0	150	0.017577	0	150	-0.00617012	0	150	-0.0508375	0	
151	0.00199295	0	151	-0.0068338	0	151	-0.000741069	0	151	0.0171203	0	151	-0.00144772	0	151	-0.0520747	0	
152	0.00171257	0	152	-0.0070052	0	152	-0.000661653	0	152	0.0214966	0	152	-0.00334351	0	152	-0.053481	0	
153	0.00120271	0	153	-0.00775949	0	153	-0.000341238	0	153	0.0239084	0	153	-0.0066775	0	153	-0.0580278	0	
154	0.00106363	0	154	-0.00873129	0	154	-0.000479339	0	154	0.0241377	0	154	-0.00627609	0	154	-0.0632562	0	
155	0.00119836	0	155	-0.00940118	0	155	-0.00111728	0	155	0.0266176	0	155	-0.00197982	0	155	-0.0671051	0	
156	0.00125513	0	156	-0.00993669	0	156	-0.00116859	0	156	0.0269228	0	156	-0.00048245	0	156	-0.0684349	0	
157	0.0010368	0	157	-0.00981117	0	157	-0.000889953	0	157	0.0268544	0	157	-0.00128987	0	157	-0.0658469	0	
158	0.00092827	0	158	-0.00966122	0	158	-0.00064778	0	158	0.025589	0	158	-0.00104138	0	158	-0.0637669	0	
159	0.000956887	0	159	-0.00948699	0	159	-0.000499495	0	159	0.0243825	0	159	-0.00130097	0	159	-0.0624647	0	
160	0.000930167	0	160	-0.00924263	0	160	-0.000282793	0	160	0.0233524	0	160	-0.00222577	0	160	-0.0604078	0	
161	0.000895254	0	161	-0.00893984	0	161	-0.000170072	0	161	0.0219788	0	161	-0.00239761	0	161	-0.0582505	0	
162	0.000864186	0	162	-0.00863138	0	162	-8.59431e-05	0	162	0.0208953	0	162	-0.00197542	0	162	-0.0559163	0	
163	0.000875899	0	163	-0.00839217	0	163	-6.74691e-05	0	163	0.0198678	0	163	-0.0023275	0	163	-0.0544641	0	
164	0.000857229	0	164	-0.00824912	0	164	9.24735e-05	0	164	0.0189442	0	164	-0.00287434	0	164	-0.0530347	0	
165	0.000862806	0	165	-0.00800238	0	165	0.000219643	0	165	0.0179016	0	165	-0.00361784	0	165	-0.0514771	0	
166	0.000919136	0	166	-0.00778071	0	166	0.000394767	0	166	0.0173606	0	166	-0.00408093	0	166	-0.0498208	0	
167	0.00114189	0	167	-0.00752159	0	167	0.000555937	0	167	0.0174655	0	167	-0.0051466	0	167	-0.0491259	0	
168	0.00114404	0	168	-0.00742504	0	168	0.000574438	0	168	0.0166205	0	168	-0.00544441	0	168	-0.0491304	0	
169	0.00106491	0	169	-0.00731946	0	169	0.000442999	0	169	0.0156712	0	169	-0.0044069	0	169	-0.0484151	0	
170	0.00106928	0	170	-0.00739954	0	170	0.000331949	0	170	0.0151816	0	170	-0.00415916	0	170	-0.0503848	0	
171	0.00119303	0	171	-0.00757932	0	171	0.00052432	0	171	0.016256	0	171	-0.00518095	0	171	-0.0509181	0	
172	0.00122865	0	172	-0.00778451	0	172	0.000669757	0	172	0.0163203	0	172	-0.00532161	0	172	-0.0525288	0	
173	0.00125118	0	173	-0.00849194	0	173	0.000934692	0	173	0.014657	0	173	-0.00459605	0	173	-0.058673	0	
174	0.00132239	0	174	-0.0089039	0	174	0.00115048	0	174	0.0157781	0	174	-0.00524149	0	174	-0.0600884	0	
175	0.00141632	0	175	-0.00891734	0	175	0.000896754	0	175	0.0174054	0	175	-0.00233106	0	175	-0.0590379	0	
176	0.00152858	0	176	-0.00826722	0	176	0.000500408	0	176	0.0171071	0	176	-0.00102657	0	176	-0.0556737	0	
177	0.00138391	0	177	-0.00785044	0	177	0.000490798	0	177	0.016425	0	177	-0.00146942	0	177	-0.0541545	0	
178	0.00128976	0	178	-0.00746527	0	178	0.000205001	0	178	0.0166395	0	178	0.000317363	0	178	-0.0499679	0	
179	0.00124123	0	179	-0.00684412	0	179	-0.000168394	0	179	0.0156147	0	179	0.00332765	0	179	-0.0431538	0	
180	0.00109181	0	180	-0.00568785	0	180	-0.000121723	0	180	0.0165232	0	180	0.00176617	0	180	-0.0324577	0	
181	0.00104845	0	181	-0.00271212	0	181	-0.000686776	0	181	0.0172997	0	181	0.00555977	0	181	-0.00541314	0	
182	0.000709225	0	182	0.00160113	0	182	-0.00158614	0	182	0.0161196	0	182	0.00988344	0	182	0.0244488	0	
183	-0.000315949	0	183	0.00534812	0	183	-0.00180141	0	183	0.0107258	0	183	0.00708949	0	183	0.0464841	0	
184	-0.00145566	0	184	0.00799127	0	184	-0.00161204	0	184	-0.00167019	0	184	0.00396474	0	184	0.0613576	0	
185	-0.00216282	0	185	0.0101114	0	185	-0.00221907	0	185	-0.00740461	0	185	0.00427027	0	185	0.0770429	0	
186	-0.00216969	0	186	0.0104151	0	186	-0.00238512	0	186	-0.00984905	0	186	0.00499349	0	186	0.077892	0	
187	-0.00167522	0	187	0.00890756	0	187	-0.00178946	0	187	-0.00241082	0	187	0.00493003	0	187	0.0749107	0	
188	-0.00144031	0	188	0.00809972	0	188	-0.00123648	0	188	-0.00345537	0	188	0.00349806	0	188	0.0677994	0	
189	-0.00132998	0	189	0.00776194	0	189	-0.00115176	0	189	0.00241851	0	189	0.00324417	0	189	0.0652467	0	
190	-0.00147831	0	190	0.00876284	0	190	-0.000880281	0	190	0.0228403	0	190	0.00495961	0	190	0.0656978	0	
191	-0.00187443	0	191	0.0107373	0	191	-0.00124864	0	191	0.0528675	0	191	0.0107669	0	191	0.0647953	0	
192	-0.00212687	0	192	0.01202	0	192	-0.00189257	0	192	0.0643295	0	192	0.0127124	0	192	0.0623551	0	
193	-0.00198122	0	193	0.0120992	0	193	-0.00175592	0	193	0.0710137	0	193	0.012929	0	193	0.0600053	0	
194	-0.00206474	0	194	0.0121277	0	194	-0.00143269	0	194	0.0796993	0	194	0.0131988	0	194	0.0587119	0	
195	-0.00250638	0	195	0.0124643	0	195	-0.00172968	0	195	0.0914014	0	195	0.0179431	0	195	0.0593349	0	
196	-0.00295464	0	196	0.0137617	0	196	-0.0024088	0	196	0.1	0	196	0.0228525	0	196	0.0626363	0	
197	-0.00306724	0	197	0.0143225	0	197	-0.00262905	0	197	0.1	0	197	0.0258038	0	197	0.0625049	0	
198	-0.00287311	0	198	0.0140035	0	198	-0.00259029	0	198	0.1	0	198	0.0266015	0	198	0.0596073	0	
199	-0.00258415	0	199	0.0132505	0	199	-0.00253001	0	199	0.1	0	199	0.025482	0	199	0.0551641	0	
200	-0.00254143	0	200	0.0128077	0	200	-0.00252921	0	200	0.1	0	200	0.0256856	0	200	0.0534697	0	
201	-0.00250062	0	201	0.0123673	0	201	-0.00256062	0	201	0.1	0	201	0.0262069	0	201	0.0515344	0	
202	-0.00219291	0	202	0.011333	0	202	-0.00273897	0	202	0.1	0	202	0.0255352	0	202	0.0470783	0	
203	-0.00201382	0	203	0.0105159	0	203	-0.00283205	0	203	0.1	0	203	0.0248643	0	203	0.0439436	0	
204	-0.00153707	0	204	0.00886589	0	204	-0.00300581	0	204	0.097083	0	204	0.0246316	0	204	0.0363741	0	
205	-0.000721294	0	205	0.00585904	0	205	-0.00398717	0	205	0.0852828	0	205	0.0255103	0	205	0.0255359	0	
206	0.000274811	0	206	0.00166165	0	206	-0.00542967	0	206	0.0604674	0	206	0.0262961	0	206	0.0183902	0	
207	0.000639359	0	207	-0.00203502	0	207	-0.00495006	0	207	0.0340704	0	207	0.0206255	0	207	0.016735	0	
208	0.000928241	0	208	-0.0017001	0	208	-0.00502317	0	208	0.0122939	0	208	0.0178998	0	208	0.0206512	0	
209	0.000620271	0	209	-0.000552919	0	209	-0.005886	0	209	-0.00739821	0	209	0.0179351	0	209	0.0243912	0	
210	0.000361766	0	210	-0.00139285	0	210	-0.00556902	0	210	-0.025375	0	210	0.0162132	0	210	0.0211413	0	
211	0.000703153	0	211	-0.00205593	0	211	-0.00538593	0	211	-0.0381346	0	211	0.0132451	0	211	0.0192812	0	
212	0.000849595	0	212	-0.00272973	0	212	-0.00508518	0	212	-0.0470527	0	212	0.00937887	0	212	0.0198225	0	
213	0.000744825	0	213	-0.00474768	0	213	-0.00343678	0	213	-0.0585104	0	213	0.00369242	0	213	0.0128142	0	
214	0.00126065	0	214	-0.00628857	0	214	-0.00238856	0	214	-0.0657495	0	214	0.000100172	0	214	0.00599811	0	
215	0.00123325	0	215	-0.00627579	0	215	-0.00184111	0	215	-0.0710621	0	215	0.000172446	0	215	2.69201e-05	0	
216	0.00124423	0	216	-0.00518634	0	216	-0.0020128	0	216	-0.0734478	0	216	0.000777844	0	216	-0.00201218	0	
217	0.00157426	0	217	-0.0046545	0	217	-0.00160724	0	217	-0.068221	0	217	-0.00207194	0	217	-0.00326108	0	
218	0.00189619	0	218	-0.0045761	0	218	-0.00131176	0	218	-0.062922	0	218	-0.00286707	0	218	-0.00413884	0	
219	0.00152705	0	219	-0.00472341	0	219	-0.000725123	0	219	-0.0625354	0	219	-0.00268989	0	219	-0.00661131	0	
220	0.00124552	0	220	-0.00442218	0	220	-0.000912532	0	220	-0.059387	0	220	-0.00270249	0	220	-0.00706453	0	
221	0.00147233	0	221	-0.00419685	0	221	-0.00102813	0	221	-0.0560749	0	221	-0.00323531	0	221	-0.00652623	0	
222	0.00159473	0	222	-0.00400058	0	222	-0.00119415	0	222	-0.0523018	0	222	-0.000929126	0	222	-0.00586139	0	
223	0.0015069	0	223	-0.0038656	0	223	-0.00108065	0	223	-0.0508864	0	223	-0.00140086	0	223	-0.00796961	0	
224	0.0014563	0	224	-0.00399359	0	224	-0.000900481	0	224	-0.0486222	0	224	-0.00305475	0	224	-0.0109568	0	
225	0.00136521	0	225	-0.00365864	0	225	-0.000910614	0	225	-0.0434547	0	225	-0.00292418	0	225	-0.00776415	0	
226	0.00081018	0	226	-0.00307356	0	226	-0.000424415	0	226	-0.0461864	0	226	-0.00472037	0	226	-0.00994487	0	
227	0.000815376	0	227	-0.00247215	0	227	-0.000331828	0	227	-0.0414588	0	227	-0.00603984	0	227	-0.00772472	0	
228	0.000947551	0	228	-0.00242811	0	228	-0.000335881	0	228	-0.0399146	0	228	-0.00489791	0	228	-0.00636775	0	
229	0.000742849	0	229	-0.00242007	0	229	-0.000285535	0	229	-0.0384936	0	229	-0.00608895	0	229	-0.00663479	0	
230	0.000611601	0	230	-0.0022546	0	230	-0.000137369	0	230	-0.0358362	0	230	-0.0059845	0	230	-0.00544425	0	
231	0.000294071	0	231	-0.00291273	0	231	0.000898822	0	231	-0.0329293	0	231	-0.00986317	0	231	-0.0116966	0	
232	0.000407903	0	232	-0.00310521	0	232	0.00108645	0	232	-0.0291949	0	232	-0.01113	0	232	-0.00913083	0	
233	0.000447652	0	233	-0.00303021	0	233	0.00116131	0	233	-0.0268965	0	233	-0.0100182	0	233	-0.00845872	0	
234	0.000266102	0	234	-0.00289716	0	234	0.00129422	0	234	-0.0283472	0	234	-0.0107012	0	234	-0.0120743	0	
235	0.000485039	0	235	-0.0025659	0	235	0.00113159	0	235	-0.0239689	0	235	-0.0107724	0	235	-0.00989273	0	
236	0.000189992	0	236	-0.00257203	0	236	0.00143056	0	236	-0.0249815	0	236	-0.0112695	0	236	-0.0113277	0	
237	0.000325802	0	237	-0.00240189	0	237	0.00161791	0	237	-0.0200663	0	237	-0.0135038	0	237	-0.00904247	0	
238	0.000489978	0	238	-0.00286984	0	238	0.00203375	0	238	-0.019796	0	238	-0.0144073	0	238	-0.0118687	0	
239	0.000540182	0	239	-0.00314444	0	239	0.00226506	0	239	-0.0188965	0	239	-0.0153538	0	239	-0.0126097	0	
240	0.000549234	0	240	-0.00244292	0	240	0.00204647	0	240	-0.017598	0	240	-0.0133997	0	240	-0.0104781	0	
241	0.000303297	0	241	-0.00217579	0	241	0.00183336	0	241	-0.0169511	0	241	-0.0127374	0	241	-0.00984476	0	
242	0.000370976	0	242	-0.00184217	0	242	0.00160406	0	242	-0.0147544	0	242	-0.011756	0	242	-0.00573467	0	
243	0.000320333	0	243	-0.0017209	0	243	0.00161439	0	243	-0.0141758	0	243	-0.0120157	0	243	-0.00483224	0	
244	8.48554e-05	0	244	-0.00164893	0	244	0.00182575	0	244	-0.0151937	0	244	-0.0123546	0	244	-0.00658725	0	
245	0.000178306	0	245	-0.00141029	0	245	0.00159294	0	245	-0.0132442	0	245	-0.010822	0	245	-0.00424495	0	
246	-0.00127968	0	246	-0.000721249	0	246	-0.000731012	0	246	-0.0182696	0	246	0.00163277	0	246	-0.00124665	0	
247	-0.00126305	0	247	-5.32804e-05	0	247	-0.0028642	0	247	-0.0137995	0	247	0.0103385	0	247	0.00482959	0	
248	-0.00162432	0	248	-0.000575849	0	248	-0.00379782	0	248	-0.0145086	0	248	0.014796	0	248	0.00116547	0	
249	-0.00231929	0	249	0.000127801	0	249	-0.00570126	0	249	-0.0189027	0	249	0.0260405	0	249	0.00512001	0	
250	-0.00261744	0	250	-0.000329622	0	250	-0.00802601	0	250	-0.0147347	0	250	0.036974	0	250	0.00508001	0	
251	-0.00307536	0	251	-0.00130678	0	251	-0.0087383	0	251	-0.0178526	0	251	0.0415375	0	251	-0.00257977	0	
252	-0.00324914	0	252	-0.00131683	0	252	-0.0100339	0	252	-0.0175438	0	252	0.0473035	0	252	-0.00270837	0	
253	-0.00335878	0	253	-0.00107039	0	253	-0.0108679	0	253	-0.0177499	0	253	0.0504508	0	253	0.000678771	0	
254	-0.00329173	0	254	-0.00125804	0	254	-0.0108803	0	254	-0.018444	0	254	0.0514319	0	254	-0.00059218	0	
255	-0.00316465	0	255	-0.00155975	0	255	-0.0106758	0	255	-0.020071	0	255	0.0495963	0	255	-0.00273863	0	
256	-0.00325021	0	256	-0.00163831	0	256	-0.0107261	0	256	-0.0212175	0	256	0.0519745	0	256	-0.00295192	0	
257	-0.00308312	0	257	-0.00172215	0	257	-0.0101343	0	257	-0.020557	0	257	0.0483295	0	257	-0.00470873	0	
258	-0.00284745	0	258	-0.00186511	0	258	-0.00947592	0	258	-0.019825	0	258	0.0457897	0	258	-0.00533591	0	
259	-0.0026156	0	259	-0.00150623	0	259	-0.00928619	0	259	-0.0175283	0	259	0.0438895	0	259	-0.00268023	0	
260	-0.00254159	0	260	-0.00147272	0	260	-0.00862436	0	260	-0.0196472	0	260	0.0411849	0	260	-0.00463416	0	
261	-0.00220361	0	261	-0.00148788	0	261	-0.0079651	0	261	-0.0172728	0	261	0.0371618	0	261	-0.00408167	0	
262	-0.00214214	0	262	-0.00147118	0	262	-0.00749899	0	262	-0.0162256	0	262	0.0353954	0	262	-0.00382201	0	
263	-0.00174262	0	263	-0.00125011	0	263	-0.00711461	0	263	-0.0144393	0	263	0.0331884	0	263	-0.00314	0	
264	0	0	264	0	0	264	0	0	264	0	0	264	0	0	264	0	0	
265	0	0	265	0	0	265	0	0	265	0	0	265	0	0	265	0	0	
266	0	0	266	0	0	266	0	0	266	0	0	266	0	0	266	0	0	
267	0	0	267	0	0	267	0	0	267	0	0	267	0	0	267	0	0	
268	0	0	268	0	0	268	0	0	268	0	0	268	0	0	268	0	0	
269	0	0	269	0	0	269	0	0	269	0	0	269	0	0	269	0	0	
270	0	0	270	0	0	270	0	0	270	0	0	270	0	0	270	0	0	
271	0	0	271	0	0	271	0	0	271	0	0	271	0	0	271	0	0	
272	0	0	272	0	0	272	0	0	272	0	0	272	0	0	272	0	0	
273	0	0	273	0	0	273	0	0	273	0	0	273	0	0	273	0	0	
274	0	0	274	0	0	274	0	0	274	0	0	274	0	0	274	0	0	
275	0	0	275	0	0	275	0	0	275	0	0	275	0	0	275	0	0	
276	0	0	276	0	0	276	0	0	276	0	0	276	0	0	276	0	0	
277	0	0	277	0	0	277	0	0	277	0	0	277	0	0	277	0	0	
278	0	0	278	0	0	278	0	0	278	0	0	278	0	0	278	0	0	
279	0	0	279	0	0	279	0	0	279	0	0	279	0	0	279	0	0	
280	0	0	280	0	0	280	0	0	280	0	0	280	0	0	280	0	0	
281	0	0	281	0	0	281	0	0	281	0	0	281	0	0	281	0	0	
282	0	0	282	0	0	282	0	0	282	0	0	282	0	0	282	0	0	
283	0	0	283	0	0	283	0	0	283	0	0	283	0	0	283	0	0	
284	0	0	284	0	0	284	0	0	284	0	0	284	0	0	284	0	0	
285	0.00162166	0	285	0.00217753	0	285	0.00366016	0	285	-0.00582133	0	285	-0.0413639	0	285	-0.00439683	0	
286	0.00170793	0	286	0.00305358	0	286	0.00201452	0	286	-0.0047782	0	286	-0.0330499	0	286	0.000881345	0	
287	0.00122398	0	287	0.00259257	0	287	0.00298104	0	287	-0.0053792	0	287	-0.0355412	0	287	-0.00137915	0	
288	0.000958888	0	288	0.00305365	0	288	0.00343459	0	288	-0.00492514	0	288	-0.0343405	0	288	0.00310587	0	
289	0.000213016	0	289	0.00388004	0	289	0.00443933	0	289	-0.00587398	0	289	-0.0303392	0	289	0.0077632	0	
290	0.000519659	0	290	0.00371756	0	290	0.00542301	0	290	-0.00436371	0	290	-0.0328723	0	290	0.00752229	0	
291	0.000332625	0	291	0.00331245	0	291	0.00681292	0	291	-0.00688815	0	291	-0.03544	0	291	0.00564166	0	
292	0.00053026	0	292	0.00310059	0	292	0.0072745	0	292	-0.0062465	0	292	-0.0371106	0	292	0.00643898	0	
293	0.000625365	0	293	0.00283389	0	293	0.00740591	0	293	-0.00222754	0	293	-0.0379024	0	293	0.00629374	0	
294	0.000542046	0	294	0.00261153	0	294	0.00740422	0	294	-0.00320666	0	294	-0.0369554	0	294	0.00417366	0	
295	0.000516448	0	295	0.00218547	0	295	0.00747086	0	295	-0.00320098	0	295	-0.0366242	0	295	0.00148998	0	
296	0.000757236	0	296	0.00208141	0	296	0.00738295	0	296	0.00170695	0	296	-0.0361472	0	296	0.00518154	0	
297	0.000573245	0	297	0.00204356	0	297	0.00737632	0	297	0.00107966	0	297	-0.0354006	0	297	0.00445363	0	
298	0.000501699	0	298	0.00201051	0	298	0.00683893	0	298	0.000485495	0	298	-0.0331015	0	298	0.00398889	0	
299	0.000409949	0	299	0.00201366	0	299	0.00606842	0	299	0.00140526	0	299	-0.0293267	0	299	0.00413315	0	
300	0.000107041	0	300	0.00178441	0	300	0.00556623	0	300	-0.00237861	0	300	-0.0250349	0	300	0.00222625	0	
301	0.000139357	0	301	0.00182689	0	301	0.00512106	0	301	-0.00131146	0	301	-0.0234574	0	301	0.00254581	0	
302	0.000301245	0	302	0.00184057	0	302	0.00476496	0	302	0.000552747	0	302	-0.023702	0	302	0.00366422	0	
