Velocities
0	0	0	0	0	0	0	0	0	0	0	0	0	0	0	0	0	0	
1	0	0	1	0	0	1	0	0	1	0	0	1	0	0	1	0	0	
2	0	0	2	0	0	2	0	0	2	0	0	2	0	0	2	0	0	
3	-0.000889096	0	3	0.00158088	0	3	-0.00123609	0	3	0.000216926	0	3	0.00497641	0	3	-0	0	
4	0	0	4	0	0	4	0	0	4	0	0	4	0	0	4	0	0	
5	0	0	5	0	0	5	0	0	5	0	0	5	0	0	5	0	0	
6	0	0	6	0	0	6	0	0	6	0	0	6	0	0	6	0	0	
7	0	0	7	0	0	7	0	0	7	0	0	7	0	0	7	0	0	
8	0	0	8	0	0	8	0	0	8	0	0	8	0	0	8	0	0	
9	0	0	9	0	0	9	0	0	9	0	0	9	0	0	9	0	0	
10	0	0	10	0	0	10	0	0	10	0	0	10	0	0	10	0	0	
11	0	0	11	0	0	11	0	0	11	0	0	11	0	0	11	0	0	
12	0	0	12	0	0	12	0	0	12	0	0	12	0	0	12	0	0	
13	0	0	13	0	0	13	0	0	13	0	0	13	0	0	13	0	0	
14	0	0	14	0	0	14	0	0	14	0	0	14	0	0	14	0	0	
15	0	0	15	0	0	15	0	0	15	0	0	15	0	0	15	0	0	
16	0	0	16	0	0	16	0	0	16	0	0	16	0	0	16	0	0	
17	0	0	17	0	0	17	0	0	17	0	0	17	0	0	17	0	0	
18	0	0	18	0	0	18	0	0	18	0	0	18	0	0	18	0	0	
19	0	0	19	0	0	19	0	0	19	0	0	19	0	0	19	0	0	
20	0	0	20	0	0	20	0	0	20	0	0	20	0	0	20	0	0	
21	0	0	21	0	0	21	0	0	21	0	0	21	0	0	21	0	0	
22	0	0	22	0	0	22	0	0	22	0	0	22	0	0	22	0	0	
23	0	0	23	0	0	23	0	0	23	0	0	23	0	0	23	0	0	
24	0	0	24	0	0	24	0	0	24	0	0	24	0	0	24	0	0	
25	0	0	25	0	0	25	0	0	25	0	0	25	0	0	25	0	0	
26	0	0	26	0	0	26	0	0	26	0	0	26	0	0	26	0	0	
27	0	0	27	0	0	27	0	0	27	0	0	27	0	0	27	0	0	
28	0	0	28	0	0	28	0	0	28	0	0	28	0	0	28	0	0	
29	0	0	29	0	0	29	0	0	29	0	0	29	0	0	29	0	0	
30	0	0	30	0	0	30	0	0	30	0	0	30	0	0	30	0	0	
31	0	0	31	0	0	31	0	0	31	0	0	31	0	0	31	0	0	
32	0	0	32	0	0	32	0	0	32	0	0	32	0	0	32	0	0	
33	0	0	33	0	0	33	0	0	33	0	0	33	0	0	33	0	0	
34	0	0	34	0	0	34	0	0	34	0	0	34	0	0	34	0	0	
35	0	0	35	0	0	35	0	0	35	0	0	35	0	0	35	0	0	
36	0	0	36	0	0	36	0	0	36	0	0	36	0	0	36	0	0	
37	0	0	37	0	0	37	0	0	37	0	0	37	0	0	37	0	0	
38	0	0	38	0	0	38	0	0	38	0	0	38	0	0	38	0	0	
39	0	0	39	0	0	39	0	0	39	0	0	39	0	0	39	0	0	
40	0	0	40	0	0	40	0	0	40	0	0	40	0	0	40	0	0	
41	0	0	41	0	0	41	0	0	41	0	0	41	0	0	41	0	0	
42	-0.000498763	0	42	-0.000970819	0	42	-0.00240724	0	42	-0.0128905	0	42	0.013238	0	42	-0	0	
43	-0.000399762	0	43	-0.000622709	0	43	-0.00221907	0	43	-0.012947	0	43	0.0118966	0	43	-0	0	
44	-0.000180486	0	44	-0.000743325	0	44	-0.00211443	0	44	-0.0149233	0	44	0.011885	0	44	-0	0	
45	-0.000387281	0	45	-0.000530382	0	45	-0.00148718	0	45	-0.0136344	0	45	0.00720857	0	45	-0	0	
46	-0.000297042	0	46	-0.00030379	0	46	-0.00107371	0	46	-0.0124385	0	46	0.00539781	0	46	-0	0	
47	-0.000274082	0	47	-0.000348173	0	47	-0.000932413	0	47	-0.0112481	0	47	0.00358056	0	47	-0	0	
48	-0.000294178	0	48	-0.000329075	0	48	-0.000893795	0	48	-0.0101621	0	48	0.00305553	0	48	-0	0	
49	-0.000384079	0	49	-0.000308845	0	49	-0.00122923	0	49	-0.0112689	0	49	0.00608912	0	49	-0	0	
50	-0.000340696	0	50	-0.000513308	0	50	-0.00124009	0	50	-0.00956535	0	50	0.00547921	0	50	-0	0	
51	-0.000210922	0	51	-0.000503628	0	51	-0.00121552	0	51	-0.0101406	0	51	0.00558774	0	51	-0	0	
52	3.83118e-05	0	52	-0.000855539	0	52	-0.00116776	0	52	-0.0104361	0	52	0.00611965	0	52	-0	0	
53	0.000322923	0	53	-0.0016639	0	53	-0.00105908	0	53	-0.0142365	0	53	0.0047131	0	53	-0	0	
54	0.000559247	0	54	-0.00289035	0	54	-0.00114284	0	54	-0.0198154	0	54	0.00488357	0	54	-0	0	
55	0.000671234	0	55	-0.00385093	0	55	-0.00109803	0	55	-0.023971	0	55	0.00439536	0	55	-0	0	
56	0.00079623	0	56	-0.00436193	0	56	-0.000934485	0	56	-0.0275618	0	56	0.00293109	0	56	-0	0	
57	0.000962366	0	57	-0.00451546	0	57	-0.000597286	0	57	-0.031067	0	57	-0.000356493	0	57	-0	0	
58	0.00113473	0	58	-0.00420438	0	58	-0.000364949	0	58	-0.0339118	0	58	-0.000993695	0	58	-0	0	
59	0.00124366	0	59	-0.00407427	0	59	-0.000186452	0	59	-0.0344957	0	59	-0.00250872	0	59	-0	0	
60	0.0013929	0	60	-0.00411488	0	60	3.79815e-05	0	60	-0.033593	0	60	-0.00314929	0	60	-0	0	
61	0.00135361	0	61	-0.00411952	0	61	0.000226369	0	61	-0.0349779	0	61	-0.00544568	0	61	-0	0	
62	0.00144253	0	62	-0.00404737	0	62	6.29041e-05	0	62	-0.0362544	0	62	-0.0039416	0	62	-0	0	
63	0.00146118	0	63	-0.0040611	0	63	-1.13037e-05	0	63	-0.036703	0	63	-0.00357089	0	63	-0	0	
64	0.00145025	0	64	-0.00417864	0	64	-0.000285992	0	64	-0.0366433	0	64	-0.00128309	0	64	-0	0	
65	0.00132357	0	65	-0.00406672	0	65	-0.000379929	0	65	-0.0371831	0	65	-0.00134498	0	65	-0	0	
66	0.00132286	0	66	-0.00402837	0	66	-0.000546629	0	66	-0.0377337	0	66	0.000792255	0	66	-0	0	
67	0.00129881	0	67	-0.00434161	0	67	-0.000491196	0	67	-0.0383064	0	67	-0.000693588	0	67	-0	0	
68	0.00146513	0	68	-0.00454887	0	68	-0.000410816	0	68	-0.0389582	0	68	-9.66139e-05	0	68	-0	0	
69	0.00138003	0	69	-0.00470309	0	69	-0.000172973	0	69	-0.0394002	0	69	-0.00304638	0	69	-0	0	
70	0.00148557	0	70	-0.00453859	0	70	-0.000392622	0	70	-0.0406684	0	70	0.000208039	0	70	-0	0	
71	0.00137659	0	71	-0.0042258	0	71	-0.0003947	0	71	-0.0416012	0	71	-0.00147543	0	71	-0	0	
72	0.00126651	0	72	-0.00424456	0	72	-0.000586329	0	72	-0.0430695	0	72	-0.000576073	0	72	-0	0	
73	0.00116133	0	73	-0.0044076	0	73	-0.000924567	0	73	-0.0449335	0	73	0.00163927	0	73	-0	0	
74	0.000996858	0	74	-0.00465266	0	74	-0.00109219	0	74	-0.0453027	0	74	0.00249995	0	74	-0	0	
75	0.000782436	0	75	-0.00473487	0	75	-0.00118705	0	75	-0.0467109	0	75	0.0013546	0	75	-0	0	
76	0.00084391	0	76	-0.00451586	0	76	-0.00134166	0	76	-0.0477086	0	76	0.00315588	0	76	-0	0	
77	0.000820088	0	77	-0.00460665	0	77	-0.00123216	0	77	-0.0496602	0	77	0.00198898	0	77	-0	0	
78	0.000804496	0	78	-0.00517183	0	78	-0.00116358	0	78	-0.0491038	0	78	8.97152e-05	0	78	-0	0	
79	0.000792253	0	79	-0.00537869	0	79	-0.00120002	0	79	-0.0492957	0	79	0.00135243	0	79	-0	0	
80	0.000773357	0	80	-0.0053016	0	80	-0.00149732	0	80	-0.0505983	0	80	0.00347871	0	80	-0	0	
81	0.000835735	0	81	-0.00533244	0	81	-0.00182597	0	81	-0.0513783	0	81	0.00445846	0	81	-0	0	
82	0.00103093	0	82	-0.00554127	0	82	-0.002109	0	82	-0.051107	0	82	0.00766174	0	82	-0	0	
83	0.00116424	0	83	-0.00548738	0	83	-0.00229308	0	83	-0.0500146	0	83	0.0108387	0	83	-0	0	
84	0.00112885	0	84	-0.00545931	0	84	-0.00190707	0	84	-0.0476379	0	84	0.00787374	0	84	-0	0	
85	0.00138513	0	85	-0.00542977	0	85	-0.00187935	0	85	-0.042551	0	85	0.00822028	0	85	-0	0	
86	0.00148988	0	86	-0.00512683	0	86	-0.00165449	0	86	-0.0402016	0	86	0.00704213	0	86	-0	0	
87	0.00149245	0	87	-0.00449859	0	87	-0.00136507	0	87	-0.0370204	0	87	0.00569636	0	87	-0	0	
88	0.00132304	0	88	-0.00411705	0	88	-0.00116686	0	88	-0.0332011	0	88	0.00430573	0	88	-0	0	
89	0.00125608	0	89	-0.00363437	0	89	-0.00114396	0	89	-0.0301283	0	89	0.00531497	0	89	-0	0	
90	0.00122671	0	90	-0.00330906	0	90	-0.00116466	0	90	-0.0283256	0	90	0.00498935	0	90	-0	0	
91	0.000985113	0	91	-0.00302544	0	91	-0.000820122	0	91	-0.0210723	0	91	0.0032839	0	91	-0	0	
92	0.000650339	0	92	-0.00211122	0	92	3.73724e-05	0	92	-0.00371342	0	92	-0.0011967	0	92	-0	0	
93	0.000468859	0	93	-0.000730428	0	93	0.000588301	0	93	0.015101	0	93	-0.000869084	0	93	-0	0	
94	0.000395522	0	94	0.00103801	0	94	0.0010536	0	94	0.0300925	0	94	-0.00142773	0	94	-0	0	
95	0.00020314	0	95	0.00236439	0	95	0.00135169	0	95	0.0418258	0	95	-0.00227207	0	95	-0	0	
96	3.31183e-05	0	96	0.00294392	0	96	0.00120653	0	96	0.0500469	0	96	-0.00146732	0	96	-0	0	
97	-0.000200501	0	97	0.00311918	0	97	0.000996979	0	97	0.0553991	0	97	0.000682762	0	97	-0	0	
98	-0.000496791	0	98	0.00345268	0	98	0.00096667	0	98	0.0615072	0	98	0.00172467	0	98	-0	0	
99	-0.000652789	0	99	0.00423803	0	99	0.000914645	0	99	0.0646227	0	99	0.0022597	0	99	-0	0	
100	-0.00083223	0	100	0.00479664	0	100	0.00101478	0	100	0.0658719	0	100	0.00223698	0	100	-0	0	
101	-0.000897097	0	101	0.00504706	0	101	0.000904827	0	101	0.0666102	0	101	0.00277312	0	101	-0	0	
102	-0.000877125	0	102	0.00518223	0	102	0.000798689	0	102	0.0654998	0	102	0.00459342	0	102	-0	0	
103	-0.00103796	0	103	0.0053576	0	103	0.000820255	0	103	0.0641903	0	103	0.00288338	0	103	-0	0	
104	-0.00107237	0	104	0.00553126	0	104	0.000747653	0	104	0.0615637	0	104	0.00416791	0	104	-0	0	
105	-0.00111071	0	105	0.00553898	0	105	0.000782187	0	105	0.0594732	0	105	0.00370852	0	105	-0	0	
106	-0.00118553	0	106	0.00540056	0	106	0.00082148	0	106	0.0571854	0	106	0.00163838	0	106	-0	0	
107	-0.00110871	0	107	0.00535833	0	107	0.000810646	0	107	0.0544116	0	107	0.00287275	0	107	-0	0	
108	-0.00107075	0	108	0.00531274	0	108	0.000768705	0	108	0.0508546	0	108	0.00398695	0	108	-0	0	
109	-0.00106005	0	109	0.00494642	0	109	0.000630205	0	109	0.0482755	0	109	0.0029904	0	109	-0	0	
110	-0.00109388	0	110	0.00458877	0	110	0.000698023	0	110	0.046212	0	110	0.00186119	0	110	-0	0	
111	-0.00114417	0	111	0.00443097	0	111	0.000674707	0	111	0.0445965	0	111	0.00139299	0	111	-0	0	
112	-0.00120154	0	112	0.00419531	0	112	0.000567714	0	112	0.0424657	0	112	0.00138334	0	112	-0	0	
113	-0.00115942	0	113	0.0040768	0	113	0.000413877	0	113	0.0401999	0	113	0.00211095	0	113	-0	0	
114	-0.00115112	0	114	0.0039657	0	114	0.000236768	0	114	0.0380898	0	114	0.00349074	0	114	-0	0	
115	-0.00109028	0	115	0.00386649	0	115	0.00011313	0	115	0.0363871	0	115	0.00402095	0	115	-0	0	
116	-0.001017	0	116	0.00371541	0	116	0.000274414	0	116	0.0353215	0	116	0.00189723	0	116	-0	0	
117	-0.000919634	0	117	0.0035797	0	117	0.000337934	0	117	0.0336627	0	117	0.000279816	0	117	-0	0	
118	-0.000592282	0	118	0.00371218	0	118	0.000354415	0	118	0.0322445	0	118	0.00293657	0	118	-0	0	
119	-0.000412729	0	119	0.00372927	0	119	0.000370267	0	119	0.0306477	0	119	0.0033078	0	119	-0	0	
120	-0.000347969	0	120	0.00355788	0	120	0.000360028	0	120	0.0289202	0	120	0.00288422	0	120	-0	0	
121	-0.000391745	0	121	0.00337394	0	121	0.000270209	0	121	0.0279093	0	121	0.0031456	0	121	-0	0	
122	-0.000360577	0	122	0.0031924	0	122	0.000194183	0	122	0.0266401	0	122	0.00359662	0	122	-0	0	
123	-0.000338459	0	123	0.00313654	0	123	0.000172681	0	123	0.0254857	0	123	0.00311786	0	123	-0	0	
124	-0.000358448	0	124	0.00293514	0	124	0.000274028	0	124	0.0248191	0	124	0.00189884	0	124	-0	0	
125	-0.000314921	0	125	0.00285088	0	125	0.000177718	0	125	0.0234871	0	125	0.00247532	0	125	-0	0	
126	-0.000320077	0	126	0.00275794	0	126	0.000113175	0	126	0.0223125	0	126	0.00268074	0	126	-0	0	
127	-0.000270714	0	127	0.00266094	0	127	3.94674e-05	0	127	0.0212706	0	127	0.00309116	0	127	-0	0	
128	-0.000311259	0	128	0.00253758	0	128	-7.71961e-05	0	128	0.0203024	0	128	0.00357761	0	128	-0	0	
129	-0.000525835	0	129	0.00238142	0	129	-8.71231e-05	0	129	0.0210318	0	129	0.00177131	0	129	-0	0	
130	-0.000511075	0	130	0.00221241	0	130	-0.000184566	0	130	0.0201756	0	130	0.00234295	0	130	-0	0	
131	-0.000450272	0	131	0.00209896	0	131	-0.00015895	0	131	0.0177692	0	131	0.00284519	0	131	-0	0	
132	-0.000235591	0	132	0.00196357	0	132	-0.000201019	0	132	0.0169432	0	132	0.00408622	0	132	-0	0	
133	-0.000242841	0	133	0.00190301	0	133	-0.000139685	0	133	0.0160962	0	133	0.00323017	0	133	-0	0	
134	-0.000317618	0	134	0.00195959	0	134	-6.18912e-05	0	134	0.016922	0	134	0.0016809	0	134	-0	0	
135	-0.000428076	0	135	0.00192504	0	135	-0.000166157	0	135	0.0172494	0	135	0.00207058	0	135	-0	0	
136	-0.000538206	0	136	0.00192702	0	136	-0.00028499	0	136	0.0161391	0	136	0.00312798	0	136	-0	0	
137	-0.00048987	0	137	0.0019788	0	137	-0.000470381	0	137	0.0152577	0	137	0.00524031	0	137	-0	0	
138	-0.000518356	0	138	0.00198042	0	138	-0.000456758	0	138	0.0147459	0	138	0.00527593	0	138	-0	0	
139	-0.000537526	0	139	0.00200431	0	139	-0.000342936	0	139	0.0135301	0	139	0.00445382	0	139	-0	0	
140	-0.000676701	0	140	0.00190548	0	140	-0.000140537	0	140	0.0144023	0	140	0.00238481	0	140	-0	0	
141	-0.000963182	0	141	0.00213229	0	141	0.000147756	0	141	0.0156713	0	141	0.000533019	0	141	-0	0	
142	-0.000909548	0	142	0.00228162	0	142	7.6338e-05	0	142	0.016022	0	142	0.00161475	0	142	-0	0	
143	-0.000987861	0	143	0.00228372	0	143	7.8329e-05	0	143	0.014802	0	143	0.00144288	0	143	-0	0	
144	-0.000976714	0	144	0.0021471	0	144	0.000145839	0	144	0.0141457	0	144	0.00073566	0	144	-0	0	
145	-0.000992437	0	145	0.00198762	0	145	0.000156296	0	145	0.0118061	0	145	0.000897036	0	145	-0	0	
146	-0.000983145	0	146	0.0017395	0	146	0.000465073	0	146	0.0112998	0	146	-0.00241121	0	146	-0	0	
147	-0.000942054	0	147	0.00158046	0	147	0.00141575	0	147	0.00953314	0	147	-0.00798668	0	147	-0	0	
148	-0.000574142	0	148	0.00135562	0	148	0.00279047	0	148	0.00741891	0	148	-0.016111	0	148	-0	0	
149	-0.000483811	0	149	0.000969727	0	149	0.00438486	0	149	0.00568031	0	149	-0.0287025	0	149	-0	0	
150	-0.000401616	0	150	0.000727427	0	150	0.00496583	0	150	0.00443654	0	150	-0.0330192	0	150	-0	0	
151	-0.000126861	0	151	0.000952409	0	151	0.00455966	0	151	0.00502517	0	151	-0.0293581	0	151	-0	0	
152	-0.000142726	0	152	0.00154376	0	152	0.00386138	0	152	0.00635753	0	152	-0.0238079	0	152	-0	0	
153	-0.000305935	0	153	0.00203999	0	153	0.00316019	0	153	0.00678141	0	153	-0.0188111	0	153	-0	0	
154	-0.000488207	0	154	0.00227322	0	154	0.00257277	0	154	0.00727047	0	154	-0.0163804	0	154	-0	0	
155	-0.000439186	0	155	0.00224367	0	155	0.00213819	0	155	0.00628321	0	155	-0.0123217	0	155	-0	0	
156	-0.000374271	0	156	0.0022601	0	156	0.00190758	0	156	0.00715873	0	156	-0.0121589	0	156	-0	0	
157	-0.000274269	0	157	0.00228202	0	157	0.00183838	0	157	0.00622503	0	157	-0.0116108	0	157	-0	0	
158	-0.000148391	0	158	0.00222093	0	158	0.00170448	0	158	0.0053013	0	158	-0.0105225	0	158	-0	0	
159	4.84126e-06	0	159	0.00208028	0	159	0.00156302	0	159	0.00491935	0	159	-0.00892398	0	159	-0	0	
160	-0.000172321	0	160	0.00192868	0	160	0.00127484	0	160	0.00500883	0	160	-0.00694169	0	160	-0	0	
161	-0.000507665	0	161	0.00188824	0	161	0.000978979	0	161	0.00403473	0	161	-0.00723781	0	161	-0	0	
162	-0.000482779	0	162	0.00168402	0	162	0.000528094	0	162	0.00184221	0	162	-0.00415739	0	162	-0	0	
163	-7.38283e-05	0	163	0.00131889	0	163	0.000278322	0	163	-0.00113344	0	163	-0.00360174	0	163	-0	0	
164	0	0	164	0	0	164	0	0	164	0	0	164	0	0	164	0	0	
165	0	0	165	0	0	165	0	0	165	0	0	165	0	0	165	0	0	
166	0	0	166	0	0	166	0	0	166	0	0	166	0	0	166	0	0	
167	-4.497e-05	0	167	-0.000312134	0	167	-0.000688634	0	167	-0.0223069	0	167	-0.00368117	0	167	-0	0	
168	2.36379e-05	0	168	0.000112151	0	168	-0.000219745	0	168	-0.0198776	0	168	-0.00490994	0	168	-0	0	
169	0.000166435	0	169	0.000175502	0	169	-0.000159219	0	169	-0.0207559	0	169	-0.00496133	0	169	-0	0	
170	0.000167155	0	170	-0.000972814	0	170	-0.000951362	0	170	-0.0320205	0	170	-0.00283751	0	170	-0	0	
171	-0.000187633	0	171	-0.00144355	0	171	-0.0015071	0	171	-0.035577	0	171	0.000803764	0	171	-0	0	
172	-0.000637758	0	172	-0.00139066	0	172	-0.00161459	0	172	-0.0318534	0	172	0.000144398	0	172	-0	0	
173	-0.000657616	0	173	-0.000674489	0	173	-0.00146915	0	173	-0.0280611	0	173	0.0010714	0	173	-0	0	
174	-0.000501397	0	174	-7.85848e-05	0	174	-0.000673175	0	174	-0.0209288	0	174	-0.00270919	0	174	-0	0	
175	-0.000227393	0	175	0.000604748	0	175	0.000159841	0	175	-0.0179027	0	175	-0.00646266	0	175	-0	0	
176	9.95324e-05	0	176	0.0012305	0	176	0.00054456	0	176	-0.0121961	0	176	-0.00740124	0	176	-0	0	
177	0	0	177	0	0	177	0	0	177	0	0	177	0	0	177	0	0	
178	0	0	178	0	0	178	0	0	178	0	0	178	0	0	178	0	0	
179	0	0	179	0	0	179	0	0	179	0	0	179	0	0	179	0	0	
180	0	0	180	0	0	180	0	0	180	0	0	180	0	0	180	0	0	
181	0	0	181	0	0	181	0	0	181	0	0	181	0	0	181	0	0	
182	0	0	182	0	0	182	0	0	182	0	0	182	0	0	182	0	0	
183	0	0	183	0	0	183	0	0	183	0	0	183	0	0	183	0	0	
184	0	0	184	0	0	184	0	0	184	0	0	184	0	0	184	0	0	
185	0	0	185	0	0	185	0	0	185	0	0	185	0	0	185	0	0	
186	0	0	186	0	0	186	0	0	186	0	0	186	0	0	186	0	0	
