Velocities
0	0	0	0	0	0	0	0	0	0	0	0	0	0	0	0	0	0	
1	0	0	1	0	0	1	0	0	1	0	0	1	0	0	1	0	0	
2	0	0	2	0	0	2	0	0	2	0	0	2	0	0	2	0	0	
3	0.0020367	0	3	0.00135853	0	3	0.00035688	0	3	-0.00446303	0	3	0.000730661	0	3	-0	0	
4	0	0	4	0	0	4	0	0	4	0	0	4	0	0	4	0	0	
5	0	0	5	0	0	5	0	0	5	0	0	5	0	0	5	0	0	
6	0	0	6	0	0	6	0	0	6	0	0	6	0	0	6	0	0	
7	0	0	7	0	0	7	0	0	7	0	0	7	0	0	7	0	0	
8	0	0	8	0	0	8	0	0	8	0	0	8	0	0	8	0	0	
9	0	0	9	0	0	9	0	0	9	0	0	9	0	0	9	0	0	
10	0	0	10	0	0	10	0	0	10	0	0	10	0	0	10	0	0	
11	0	0	11	0	0	11	0	0	11	0	0	11	0	0	11	0	0	
12	0	0	12	0	0	12	0	0	12	0	0	12	0	0	12	0	0	
13	0	0	13	0	0	13	0	0	13	0	0	13	0	0	13	0	0	
14	0	0	14	0	0	14	0	0	14	0	0	14	0	0	14	0	0	
15	0	0	15	0	0	15	0	0	15	0	0	15	0	0	15	0	0	
16	0	0	16	0	0	16	0	0	16	0	0	16	0	0	16	0	0	
17	0	0	17	0	0	17	0	0	17	0	0	17	0	0	17	0	0	
18	0	0	18	0	0	18	0	0	18	0	0	18	0	0	18	0	0	
19	0	0	19	0	0	19	0	0	19	0	0	19	0	0	19	0	0	
20	0	0	20	0	0	20	0	0	20	0	0	20	0	0	20	0	0	
21	0	0	21	0	0	21	0	0	21	0	0	21	0	0	21	0	0	
22	0	0	22	0	0	22	0	0	22	0	0	22	0	0	22	0	0	
23	0	0	23	0	0	23	0	0	23	0	0	23	0	0	23	0	0	
24	0	0	24	0	0	24	0	0	24	0	0	24	0	0	24	0	0	
25	0	0	25	0	0	25	0	0	25	0	0	25	0	0	25	0	0	
26	0	0	26	0	0	26	0	0	26	0	0	26	0	0	26	0	0	
27	0	0	27	0	0	27	0	0	27	0	0	27	0	0	27	0	0	
28	0	0	28	0	0	28	0	0	28	0	0	28	0	0	28	0	0	
29	0	0	29	0	0	29	0	0	29	0	0	29	0	0	29	0	0	
30	0	0	30	0	0	30	0	0	30	0	0	30	0	0	30	0	0	
31	0	0	31	0	0	31	0	0	31	0	0	31	0	0	31	0	0	
32	0	0	32	0	0	32	0	0	32	0	0	32	0	0	32	0	0	
33	0	0	33	0	0	33	0	0	33	0	0	33	0	0	33	0	0	
34	0	0	34	0	0	34	0	0	34	0	0	34	0	0	34	0	0	
35	0	0	35	0	0	35	0	0	35	0	0	35	0	0	35	0	0	
36	0	0	36	0	0	36	0	0	36	0	0	36	0	0	36	0	0	
37	0	0	37	0	0	37	0	0	37	0	0	37	0	0	37	0	0	
38	0	0	38	0	0	38	0	0	38	0	0	38	0	0	38	0	0	
39	0	0	39	0	0	39	0	0	39	0	0	39	0	0	39	0	0	
40	0	0	40	0	0	40	0	0	40	0	0	40	0	0	40	0	0	
41	0	0	41	0	0	41	0	0	41	0	0	41	0	0	41	0	0	
42	0	0	42	0	0	42	0	0	42	0	0	42	0	0	42	0	0	
43	0	0	43	0	0	43	0	0	43	0	0	43	0	0	43	0	0	
44	0	0	44	0	0	44	0	0	44	0	0	44	0	0	44	0	0	
45	0	0	45	0	0	45	0	0	45	0	0	45	0	0	45	0	0	
46	0	0	46	0	0	46	0	0	46	0	0	46	0	0	46	0	0	
47	0	0	47	0	0	47	0	0	47	0	0	47	0	0	47	0	0	
48	0	0	48	0	0	48	0	0	48	0	0	48	0	0	48	0	0	
49	0	0	49	0	0	49	0	0	49	0	0	49	0	0	49	0	0	
50	0	0	50	0	0	50	0	0	50	0	0	50	0	0	50	0	0	
51	0	0	51	0	0	51	0	0	51	0	0	51	0	0	51	0	0	
52	0	0	52	0	0	52	0	0	52	0	0	52	0	0	52	0	0	
53	0	0	53	0	0	53	0	0	53	0	0	53	0	0	53	0	0	
54	0	0	54	0	0	54	0	0	54	0	0	54	0	0	54	0	0	
55	0	0	55	0	0	55	0	0	55	0	0	55	0	0	55	0	0	
56	0	0	56	0	0	56	0	0	56	0	0	56	0	0	56	0	0	
57	0	0	57	0	0	57	0	0	57	0	0	57	0	0	57	0	0	
58	0.00248037	0	58	-0.000859649	0	58	-0.00112255	0	58	-0.031638	0	58	0.00701076	0	58	-0	0	
59	0.00266404	0	59	-0.00101588	0	59	-0.000767198	0	59	-0.0364184	0	59	0.00457097	0	59	-0	0	
60	0.00254887	0	60	-0.0012241	0	60	-0.000834519	0	60	-0.03689	0	60	0.00474158	0	60	-0	0	
61	0.0023317	0	61	-0.00159591	0	61	-0.00101603	0	61	-0.0419408	0	61	0.00503944	0	61	-0	0	
62	0.00210062	0	62	-0.00211365	0	62	-0.00112916	0	62	-0.0393419	0	62	0.00547567	0	62	-0	0	
63	0.0019704	0	63	-0.00166182	0	63	-0.000838905	0	63	-0.0325603	0	63	0.00499756	0	63	-0	0	
64	0.00191627	0	64	-0.000876116	0	64	-0.000663783	0	64	-0.0286935	0	64	0.00362186	0	64	-0	0	
65	0.00169666	0	65	-0.000823021	0	65	-0.0010224	0	65	-0.027896	0	65	0.0047626	0	65	-0	0	
66	0.00155561	0	66	-0.00094263	0	66	-0.00125607	0	66	-0.0266243	0	66	0.00639717	0	66	-0	0	
67	0.00153067	0	67	-0.000927103	0	67	-0.00124405	0	67	-0.0255314	0	67	0.00724059	0	67	-0	0	
68	0.00165483	0	68	-0.00111129	0	68	-0.000937292	0	68	-0.0237853	0	68	0.00562167	0	68	-0	0	
69	0.00172295	0	69	-0.00115808	0	69	-0.000634713	0	69	-0.022718	0	69	0.00410066	0	69	-0	0	
70	0.00173924	0	70	-0.00108315	0	70	-0.000620785	0	70	-0.0223763	0	70	0.00401867	0	70	-0	0	
71	0.0018375	0	71	-0.00125614	0	71	-0.000550389	0	71	-0.0232227	0	71	0.00446497	0	71	-0	0	
72	0.00193607	0	72	-0.00147796	0	72	-0.00058717	0	72	-0.0269118	0	72	0.00392511	0	72	-0	0	
73	0.00187165	0	73	-0.00186252	0	73	-0.000409604	0	73	-0.0335982	0	73	0.00151702	0	73	-0	0	
74	0.00195387	0	74	-0.00234857	0	74	-0.0001573	0	74	-0.0378497	0	74	-0.000380413	0	74	-0	0	
75	0.00200237	0	75	-0.00254269	0	75	0.000257655	0	75	-0.0392877	0	75	-0.00470702	0	75	-0	0	
76	0.00204428	0	76	-0.002266	0	76	0.000648002	0	76	-0.0418035	0	76	-0.00726006	0	76	-0	0	
77	0.00196841	0	77	-0.00204357	0	77	0.000629378	0	77	-0.0434704	0	77	-0.0079847	0	77	-0	0	
78	0.00177904	0	78	-0.00230368	0	78	0.00032081	0	78	-0.0433312	0	78	-0.00701053	0	78	-0	0	
79	0.00151564	0	79	-0.00249085	0	79	7.03741e-05	0	79	-0.0456056	0	79	-0.00597485	0	79	-0	0	
80	0.00132912	0	80	-0.00274719	0	80	-3.94943e-05	0	80	-0.0452482	0	80	-0.00711079	0	80	-0	0	
81	0.00136572	0	81	-0.00280655	0	81	-0.000133964	0	81	-0.0443952	0	81	-0.00426531	0	81	-0	0	
82	0.00136179	0	82	-0.00283786	0	82	-2.62785e-05	0	82	-0.0437812	0	82	-0.00456154	0	82	-0	0	
83	0.00135373	0	83	-0.00281059	0	83	0.000127994	0	83	-0.04282	0	83	-0.00580037	0	83	-0	0	
84	0.0013239	0	84	-0.00269885	0	84	0.000226144	0	84	-0.0422597	0	84	-0.00776024	0	84	-0	0	
85	0.00137351	0	85	-0.00278776	0	85	0.000160228	0	85	-0.042234	0	85	-0.00655111	0	85	-0	0	
86	0.00129022	0	86	-0.00295534	0	86	7.84744e-05	0	86	-0.0426668	0	86	-0.00541106	0	86	-0	0	
87	0.00122279	0	87	-0.00306553	0	87	-6.87104e-05	0	87	-0.0438755	0	87	-0.00413212	0	87	-0	0	
88	0.000934141	0	88	-0.00339406	0	88	-0.000228785	0	88	-0.0436734	0	88	-0.00609948	0	88	-0	0	
89	0.000843813	0	89	-0.00344962	0	89	-0.000443294	0	89	-0.0441909	0	89	-0.00340259	0	89	-0	0	
90	0.000696	0	90	-0.00361606	0	90	-0.000335795	0	90	-0.046288	0	90	-0.00410161	0	90	-0	0	
91	0.000683497	0	91	-0.00384632	0	91	-0.000229062	0	91	-0.0469964	0	91	-0.00570241	0	91	-0	0	
92	0.000703357	0	92	-0.00410672	0	92	0.00026037	0	92	-0.0470791	0	92	-0.00849145	0	92	-0	0	
93	0.000800274	0	93	-0.00419107	0	93	0.000403032	0	93	-0.0481576	0	93	-0.00966179	0	93	-0	0	
94	0.000802038	0	94	-0.00393574	0	94	0.000460142	0	94	-0.0480142	0	94	-0.00925007	0	94	-0	0	
95	0.000625953	0	95	-0.00346695	0	95	0.00031963	0	95	-0.0500491	0	95	-0.00896212	0	95	-0	0	
96	0.00055754	0	96	-0.00356359	0	96	0.000103109	0	96	-0.0517835	0	96	-0.00760658	0	96	-0	0	
97	0.000470586	0	97	-0.00372249	0	97	-0.000160567	0	97	-0.050394	0	97	-0.00701072	0	97	-0	0	
98	0.000541694	0	98	-0.00377937	0	98	-0.000400849	0	98	-0.0507952	0	98	-0.00534086	0	98	-0	0	
99	0.000588694	0	99	-0.00383222	0	99	-0.000256672	0	99	-0.0505688	0	99	-0.00463815	0	99	-0	0	
100	0.000588917	0	100	-0.00394145	0	100	-3.37473e-05	0	100	-0.0470253	0	100	-0.0066346	0	100	-0	0	
101	0.000665392	0	101	-0.00398706	0	101	-0.000241264	0	101	-0.0483055	0	101	-0.00331344	0	101	-0	0	
102	0.000600869	0	102	-0.00403706	0	102	-0.000212352	0	102	-0.0450945	0	102	-0.00433457	0	102	-0	0	
103	0.000394624	0	103	-0.00388305	0	103	-0.000294289	0	103	-0.0413949	0	103	-0.00432038	0	103	-0	0	
104	0.000430118	0	104	-0.00352792	0	104	-0.00041121	0	104	-0.0379805	0	104	-0.00220569	0	104	-0	0	
105	0.000395983	0	105	-0.00318975	0	105	-0.000529036	0	105	-0.0341413	0	105	-0.00131867	0	105	-0	0	
106	0.000356434	0	106	-0.0027892	0	106	-0.000431714	0	106	-0.0323116	0	106	-0.00195935	0	106	-0	0	
107	0.000376463	0	107	-0.00239292	0	107	-0.000203317	0	107	-0.0295249	0	107	-0.00270172	0	107	-0	0	
108	0.000448092	0	108	-0.00215289	0	108	-0.000112663	0	108	-0.0268838	0	108	-0.0012243	0	108	-0	0	
109	0.000447565	0	109	-0.00169965	0	109	-1.64765e-05	0	109	-0.0237041	0	109	-0.00256963	0	109	-0	0	
110	0.000466823	0	110	-0.00155068	0	110	0.00015285	0	110	-0.022031	0	110	-0.00367193	0	110	-0	0	
111	0.000466151	0	111	-0.00157774	0	111	0.00011964	0	111	-0.0210514	0	111	-0.00355722	0	111	-0	0	
112	0.000439248	0	112	-0.00155238	0	112	0.000109955	0	112	-0.0203218	0	112	-0.00285815	0	112	-0	0	
113	0.000441324	0	113	-0.0015193	0	113	7.63539e-05	0	113	-0.0187438	0	113	-0.00306103	0	113	-0	0	
114	0.000398022	0	114	-0.00142675	0	114	0.000124618	0	114	-0.0189282	0	114	-0.00243695	0	114	-0	0	
115	0.000388833	0	115	-0.0013851	0	115	0.000167455	0	115	-0.0168348	0	115	-0.00362462	0	115	-0	0	
116	0.000464599	0	116	-0.00123741	0	116	7.53686e-05	0	116	-0.0153363	0	116	-0.0023135	0	116	-0	0	
117	0.000438222	0	117	-0.00109933	0	117	-1.49774e-07	0	117	-0.0136228	0	117	-0.00107794	0	117	-0	0	
118	0.000386711	0	118	-0.000866312	0	118	-3.14109e-05	0	118	-0.0119267	0	118	-0.00034156	0	118	-0	0	
119	0.000261819	0	119	-0.000712923	0	119	-5.20471e-05	0	119	-0.00872922	0	119	0.000183078	0	119	-0	0	
120	0.000214139	0	120	-0.000460434	0	120	-2.10265e-05	0	120	0.000220127	0	120	0.00174813	0	120	-0	0	
121	0.000158264	0	121	0.00023245	0	121	6.91317e-05	0	121	0.0123397	0	121	0.00267748	0	121	-0	0	
122	-5.69684e-05	0	122	0.00065813	0	122	0.000111201	0	122	0.0234522	0	122	0.0030123	0	122	-0	0	
123	-2.87825e-05	0	123	0.00116932	0	123	0.00020943	0	123	0.0315655	0	123	0.00487467	0	123	-0	0	
124	-1.95497e-05	0	124	0.00154645	0	124	0.000908323	0	124	0.0389241	0	124	0.00102455	0	124	-0	0	
125	0.000228567	0	125	0.00184709	0	125	0.00120503	0	125	0.0460621	0	125	0.000933296	0	125	-0	0	
126	0.000185288	0	126	0.00217004	0	126	0.00144056	0	126	0.0498941	0	126	-0.00032148	0	126	-0	0	
127	-0.000111626	0	127	0.00257931	0	127	0.00115549	0	127	0.0509135	0	127	0.000854306	0	127	-0	0	
128	-0.000510746	0	128	0.00283774	0	128	0.000587875	0	128	0.0517901	0	128	0.00380585	0	128	-0	0	
129	-0.000735398	0	129	0.00299827	0	129	0.00025293	0	129	0.0540453	0	129	0.00649903	0	129	-0	0	
130	-0.000906358	0	130	0.00299465	0	130	0.000125789	0	130	0.0566201	0	130	0.00721675	0	130	-0	0	
131	-0.000838046	0	131	0.00317149	0	131	0.000437768	0	131	0.0576772	0	131	0.00616641	0	131	-0	0	
132	-0.000864011	0	132	0.0034572	0	132	0.000842171	0	132	0.05866	0	132	0.00402039	0	132	-0	0	
133	-0.000646116	0	133	0.00375282	0	133	0.00102805	0	133	0.0607629	0	133	0.00149631	0	133	-0	0	
134	-0.000403222	0	134	0.00410116	0	134	0.00138171	0	134	0.0609082	0	134	0.00105302	0	134	-0	0	
135	-0.000244387	0	135	0.00439288	0	135	0.00162271	0	135	0.0614706	0	135	-0.000178906	0	135	-0	0	
136	-0.000104958	0	136	0.00464422	0	136	0.00175507	0	136	0.0594853	0	136	-0.00113367	0	136	-0	0	
137	-4.51413e-05	0	137	0.00476403	0	137	0.00180609	0	137	0.057347	0	137	-0.00172756	0	137	-0	0	
138	-8.40391e-05	0	138	0.00462291	0	138	0.0015407	0	138	0.0539429	0	138	-0.000857545	0	138	-0	0	
139	-0.000172983	0	139	0.00412575	0	139	0.00141413	0	139	0.0534051	0	139	-0.00235688	0	139	-0	0	
140	-3.62769e-05	0	140	0.00361032	0	140	0.00113177	0	140	0.0492067	0	140	-0.000476496	0	140	-0	0	
141	-3.33704e-05	0	141	0.00295498	0	141	0.000979483	0	141	0.0460508	0	141	-0.000414981	0	141	-0	0	
142	-3.12065e-05	0	142	0.00248656	0	142	0.000935677	0	142	0.0432761	0	142	-0.0011631	0	142	-0	0	
143	1.21816e-06	0	143	0.00222704	0	143	0.000885573	0	143	0.0407488	0	143	-0.000601595	0	143	-0	0	
144	2.16089e-05	0	144	0.00219244	0	144	0.000872473	0	144	0.0387856	0	144	-0.00110222	0	144	-0	0	
145	-4.08367e-05	0	145	0.00233037	0	145	0.00100474	0	145	0.0380886	0	145	-0.00243901	0	145	-0	0	
146	1.64785e-05	0	146	0.00232267	0	146	0.000855896	0	146	0.0359302	0	146	-0.00121465	0	146	-0	0	
147	-7.00774e-06	0	147	0.00232392	0	147	0.00088865	0	147	0.0336795	0	147	-0.00191415	0	147	-0	0	
148	-0.000100857	0	148	0.00211403	0	148	0.000850596	0	148	0.0316094	0	148	-0.00201978	0	148	-0	0	
149	-0.000153179	0	149	0.00212925	0	149	0.000668217	0	149	0.0309935	0	149	-0.00135868	0	149	-0	0	
150	-0.00019777	0	150	0.00225185	0	150	0.000660185	0	150	0.0297126	0	150	-0.00184819	0	150	-0	0	
151	-0.000267352	0	151	0.002244	0	151	0.00067213	0	151	0.0285592	0	151	-0.00264519	0	151	-0	0	
152	-0.000127248	0	152	0.00223189	0	152	0.000578439	0	152	0.0257772	0	152	-0.000800776	0	152	-0	0	
153	-0.000125171	0	153	0.00197707	0	153	0.000645723	0	153	0.0250091	0	153	-0.00189548	0	153	-0	0	
154	-0.000149342	0	154	0.00179369	0	154	0.000536363	0	154	0.022724	0	154	-0.00129928	0	154	-0	0	
155	-0.00015195	0	155	0.00169487	0	155	0.000523587	0	155	0.0222724	0	155	-0.00176569	0	155	-0	0	
156	-0.000216242	0	156	0.0016083	0	156	0.000450905	0	156	0.0217475	0	156	-0.00130086	0	156	-0	0	
157	-0.000320721	0	157	0.00166395	0	157	0.000277807	0	157	0.0202038	0	157	-0.000549296	0	157	-0	0	
158	-0.000302134	0	158	0.00174086	0	158	0.000197003	0	158	0.0186989	0	158	0.00114433	0	158	-0	0	
159	-0.000422514	0	159	0.00161375	0	159	0.000118748	0	159	0.0173543	0	159	0.000843755	0	159	-0	0	
160	0	0	160	0	0	160	0	0	160	0	0	160	0	0	160	0	0	
161	0	0	161	0	0	161	0	0	161	0	0	161	0	0	161	0	0	
162	0	0	162	0	0	162	0	0	162	0	0	162	0	0	162	0	0	
163	0	0	163	0	0	163	0	0	163	0	0	163	0	0	163	0	0	
164	0	0	164	0	0	164	0	0	164	0	0	164	0	0	164	0	0	
165	-0.000598955	0	165	0.00177595	0	165	-0.000128024	0	165	0.017297	0	165	0.0026567	0	165	-0	0	
166	-0.000634064	0	166	0.00174031	0	166	-0.000173332	0	166	0.0169976	0	166	0.00248403	0	166	-0	0	
167	0	0	167	0	0	167	0	0	167	0	0	167	0	0	167	0	0	
168	0	0	168	0	0	168	0	0	168	0	0	168	0	0	168	0	0	
169	-0.000692864	0	169	0.00136019	0	169	-0.00015064	0	169	0.0267539	0	169	0.00305694	0	169	-0	0	
170	-0.000700349	0	170	0.00114064	0	170	-0.000197888	0	170	0.0273485	0	170	0.00399971	0	170	-0	0	
171	-0.00066149	0	171	0.0013515	0	171	-0.000286873	0	171	0.0284801	0	171	0.00555253	0	171	-0	0	
172	-0.000759478	0	172	0.00153571	0	172	-0.000346244	0	172	0.0292901	0	172	0.00653784	0	172	-0	0	
173	-0.000800916	0	173	0.00163118	0	173	-0.000490127	0	173	0.0300899	0	173	0.00724863	0	173	-0	0	
174	-0.000676171	0	174	0.00140123	0	174	-0.000421991	0	174	0.0279101	0	174	0.00609272	0	174	-0	0	
175	-0.000520835	0	175	0.00123765	0	175	-0.00026572	0	175	0.0263319	0	175	0.00569071	0	175	-0	0	
176	-0.000456491	0	176	0.00133247	0	176	3.38919e-05	0	176	0.0258271	0	176	0.00395999	0	176	-0	0	
177	-0.00043281	0	177	0.00140275	0	177	2.35596e-05	0	177	0.0254716	0	177	0.0036958	0	177	-0	0	
178	-0.000440253	0	178	0.001345	0	178	-0.000119313	0	178	0.0250398	0	178	0.00457502	0	178	-0	0	
179	-0.000608872	0	179	0.00133633	0	179	-1.29889e-05	0	179	0.025413	0	179	0.00192719	0	179	-0	0	
180	-0.000618675	0	180	0.00149909	0	180	-0.000206796	0	180	0.024034	0	180	0.00535053	0	180	-0	0	
181	-0.000563725	0	181	0.00176639	0	181	-0.000294878	0	181	0.0244768	0	181	0.00612456	0	181	-0	0	
182	-0.000589887	0	182	0.00182749	0	182	-0.000258421	0	182	0.0239319	0	182	0.00534628	0	182	-0	0	
183	-0.000624258	0	183	0.00174981	0	183	-0.000340453	0	183	0.0228863	0	183	0.00576088	0	183	-0	0	
184	-0.00057532	0	184	0.00166241	0	184	-0.000382515	0	184	0.0220984	0	184	0.00592313	0	184	-0	0	
185	-0.000587649	0	185	0.00167485	0	185	-0.000429606	0	185	0.0213673	0	185	0.00667759	0	185	-0	0	
186	-0.000568246	0	186	0.00177486	0	186	-0.000483649	0	186	0.021103	0	186	0.00741015	0	186	-0	0	
187	-0.00054297	0	187	0.00188882	0	187	-0.000412409	0	187	0.0210635	0	187	0.00754284	0	187	-0	0	
188	-0.000562688	0	188	0.00199898	0	188	-0.000385103	0	188	0.0213676	0	188	0.0072566	0	188	-0	0	
189	-0.000581192	0	189	0.00216098	0	189	-0.000214197	0	189	0.0233076	0	189	0.00622126	0	189	-0	0	
190	-0.000532586	0	190	0.00225622	0	190	-0.000130175	0	190	0.0243237	0	190	0.00622328	0	190	-0	0	
191	-0.000580566	0	191	0.00235175	0	191	-0.000228664	0	191	0.0240341	0	191	0.00708994	0	191	-0	0	
192	-0.000681942	0	192	0.00237627	0	192	-0.000298702	0	192	0.0247576	0	192	0.00717688	0	192	-0	0	
193	-0.000794764	0	193	0.00251162	0	193	-0.000534965	0	193	0.0244174	0	193	0.00973666	0	193	-0	0	
194	-0.000891177	0	194	0.00262675	0	194	-0.000666344	0	194	0.0242382	0	194	0.0113875	0	194	-0	0	
195	-0.00107905	0	195	0.00266783	0	195	-0.000473748	0	195	0.0254031	0	195	0.00731518	0	195	-0	0	
196	-0.00107153	0	196	0.00278491	0	196	-0.000449355	0	196	0.0251856	0	196	0.00812218	0	196	-0	0	
197	-0.00090858	0	197	0.00275609	0	197	-0.000337172	0	197	0.0233794	0	197	0.00810766	0	197	-0	0	
198	-0.00070187	0	198	0.00249556	0	198	-0.000197627	0	198	0.0202172	0	198	0.00756256	0	198	-0	0	
199	-0.000443307	0	199	0.00178415	0	199	-0.000102636	0	199	0.0111808	0	199	0.00319678	0	199	-0	0	
200	-0.000113473	0	200	0.00106849	0	200	-8.62509e-05	0	200	0.000971023	0	200	0.000513201	0	200	-0	0	
201	0	0	201	0	0	201	0	0	201	0	0	201	0	0	201	0	0	
202	0	0	202	0	0	202	0	0	202	0	0	202	0	0	202	0	0	
203	0	0	203	0	0	203	0	0	203	0	0	203	0	0	203	0	0	
204	0	0	204	0	0	204	0	0	204	0	0	204	0	0	204	0	0	
205	0	0	205	0	0	205	0	0	205	0	0	205	0	0	205	0	0	
206	0	0	206	0	0	206	0	0	206	0	0	206	0	0	206	0	0	
207	0	0	207	0	0	207	0	0	207	0	0	207	0	0	207	0	0	
208	0	0	208	0	0	208	0	0	208	0	0	208	0	0	208	0	0	
209	0	0	209	0	0	209	0	0	209	0	0	209	0	0	209	0	0	
210	0	0	210	0	0	210	0	0	210	0	0	210	0	0	210	0	0	
211	5.27063e-05	0	211	0.000170387	0	211	-0.000564877	0	211	-0.0240141	0	211	-0.00380678	0	211	-0	0	
212	0.000109767	0	212	0.000710325	0	212	-0.000382086	0	212	-0.0144639	0	212	-0.00272931	0	212	-0	0	
213	0	0	213	0	0	213	0	0	213	0	0	213	0	0	213	0	0	
214	0	0	214	0	0	214	0	0	214	0	0	214	0	0	214	0	0	
215	6.49929e-05	0	215	-0.00133384	0	215	-0.00156627	0	215	-0.0423484	0	215	-9.49844e-05	0	215	-0	0	
216	-0.000299963	0	216	-0.00106964	0	216	-0.00171798	0	216	-0.0333728	0	216	0.000976206	0	216	-0	0	
217	-0.000285397	0	217	-0.000253556	0	217	-0.00120181	0	217	-0.0198578	0	217	0.00144111	0	217	-0	0	
218	2.66925e-05	0	218	5.90556e-05	0	218	-0.000574744	0	218	-0.0165909	0	218	-0.00218489	0	218	-0	0	
219	0.000156792	0	219	-0.000469308	0	219	-0.000422239	0	219	-0.0213055	0	219	-0.00547752	0	219	-0	0	
220	-4.69854e-05	0	220	-7.24924e-05	0	220	-0.000635353	0	220	-0.018252	0	220	-0.000959972	0	220	-0	0	
221	-0.000205893	0	221	0.00090123	0	221	-0.000600864	0	221	-0.0119873	0	221	-0.000251443	0	221	-0	0	
222	0	0	222	0	0	222	0	0	222	0	0	222	0	0	222	0	0	
223	0	0	223	0	0	223	0	0	223	0	0	223	0	0	223	0	0	
224	0	0	224	0	0	224	0	0	224	0	0	224	0	0	224	0	0	
225	0	0	225	0	0	225	0	0	225	0	0	225	0	0	225	0	0	
226	0	0	226	0	0	226	0	0	226	0	0	226	0	0	226	0	0	
227	0	0	227	0	0	227	0	0	227	0	0	227	0	0	227	0	0	
228	0	0	228	0	0	228	0	0	228	0	0	228	0	0	228	0	0	
229	0	0	229	0	0	229	0	0	229	0	0	229	0	0	229	0	0	
230	0	0	230	0	0	230	0	0	230	0	0	230	0	0	230	0	0	
231	0	0	231	0	0	231	0	0	231	0	0	231	0	0	231	0	0	
232	-0.000413249	0	232	-0.000135827	0	232	-0.00112754	0	232	-0.0255527	0	232	0.00158276	0	232	-0	0	
233	-0.000583696	0	233	0.00101427	0	233	-0.00103312	0	233	-0.0118228	0	233	0.002852	0	233	-0	0	
234	0	0	234	0	0	234	0	0	234	0	0	234	0	0	234	0	0	
235	0	0	235	0	0	235	0	0	235	0	0	235	0	0	235	0	0	
236	0	0	236	0	0	236	0	0	236	0	0	236	0	0	236	0	0	
237	0	0	237	0	0	237	0	0	237	0	0	237	0	0	237	0	0	
238	0	0	238	0	0	238	0	0	238	0	0	238	0	0	238	0	0	
239	0	0	239	0	0	239	0	0	239	0	0	239	0	0	239	0	0	
240	0	0	240	0	0	240	0	0	240	0	0	240	0	0	240	0	0	
241	0	0	241	0	0	241	0	0	241	0	0	241	0	0	241	0	0	
242	0	0	242	0	0	242	0	0	242	0	0	242	0	0	242	0	0	
243	0	0	243	0	0	243	0	0	243	0	0	243	0	0	243	0	0	
244	0	0	244	0	0	244	0	0	244	0	0	244	0	0	244	0	0	
245	0	0	245	0	0	245	0	0	245	0	0	245	0	0	245	0	0	
246	0	0	246	0	0	246	0	0	246	0	0	246	0	0	246	0	0	
247	0	0	247	0	0	247	0	0	247	0	0	247	0	0	247	0	0	
248	0	0	248	0	0	248	0	0	248	0	0	248	0	0	248	0	0	
249	0	0	249	0	0	249	0	0	249	0	0	249	0	0	249	0	0	
250	0	0	250	0	0	250	0	0	250	0	0	250	0	0	250	0	0	
251	0	0	251	0	0	251	0	0	251	0	0	251	0	0	251	0	0	
252	0	0	252	0	0	252	0	0	252	0	0	252	0	0	252	0	0	
253	0	0	253	0	0	253	0	0	253	0	0	253	0	0	253	0	0	
254	0	0	254	0	0	254	0	0	254	0	0	254	0	0	254	0	0	
255	0	0	255	0	0	255	0	0	255	0	0	255	0	0	255	0	0	
