Velocities
0	0	0	0	0	0	0	0	0	0	0	0	0	0	0	0	0	0	
1	0	0	1	0	0	1	0	0	1	0	0	1	0	0	1	0	0	
2	0	0	2	0	0	2	0	0	2	0	0	2	0	0	2	0	0	
3	0.00110954	0	3	0.000210713	0	3	-0.000151976	0	3	0.000972956	0	3	-0.00156059	0	3	-0.00117131	0	
4	0	0	4	0	0	4	0	0	4	0	0	4	0	0	4	0	0	
5	0	0	5	0	0	5	0	0	5	0	0	5	0	0	5	0	0	
6	0	0	6	0	0	6	0	0	6	0	0	6	0	0	6	0	0	
7	0	0	7	0	0	7	0	0	7	0	0	7	0	0	7	0	0	
8	0	0	8	0	0	8	0	0	8	0	0	8	0	0	8	0	0	
9	0	0	9	0	0	9	0	0	9	0	0	9	0	0	9	0	0	
10	0	0	10	0	0	10	0	0	10	0	0	10	0	0	10	0	0	
11	0	0	11	0	0	11	0	0	11	0	0	11	0	0	11	0	0	
12	0	0	12	0	0	12	0	0	12	0	0	12	0	0	12	0	0	
13	0	0	13	0	0	13	0	0	13	0	0	13	0	0	13	0	0	
14	0	0	14	0	0	14	0	0	14	0	0	14	0	0	14	0	0	
15	0	0	15	0	0	15	0	0	15	0	0	15	0	0	15	0	0	
16	0	0	16	0	0	16	0	0	16	0	0	16	0	0	16	0	0	
17	0	0	17	0	0	17	0	0	17	0	0	17	0	0	17	0	0	
18	0	0	18	0	0	18	0	0	18	0	0	18	0	0	18	0	0	
19	0	0	19	0	0	19	0	0	19	0	0	19	0	0	19	0	0	
20	0	0	20	0	0	20	0	0	20	0	0	20	0	0	20	0	0	
21	0	0	21	0	0	21	0	0	21	0	0	21	0	0	21	0	0	
22	0	0	22	0	0	22	0	0	22	0	0	22	0	0	22	0	0	
23	0	0	23	0	0	23	0	0	23	0	0	23	0	0	23	0	0	
24	0	0	24	0	0	24	0	0	24	0	0	24	0	0	24	0	0	
25	0	0	25	0	0	25	0	0	25	0	0	25	0	0	25	0	0	
26	0	0	26	0	0	26	0	0	26	0	0	26	0	0	26	0	0	
27	0	0	27	0	0	27	0	0	27	0	0	27	0	0	27	0	0	
28	0	0	28	0	0	28	0	0	28	0	0	28	0	0	28	0	0	
29	0	0	29	0	0	29	0	0	29	0	0	29	0	0	29	0	0	
30	0	0	30	0	0	30	0	0	30	0	0	30	0	0	30	0	0	
31	0	0	31	0	0	31	0	0	31	0	0	31	0	0	31	0	0	
32	0	0	32	0	0	32	0	0	32	0	0	32	0	0	32	0	0	
33	0	0	33	0	0	33	0	0	33	0	0	33	0	0	33	0	0	
34	0	0	34	0	0	34	0	0	34	0	0	34	0	0	34	0	0	
35	0	0	35	0	0	35	0	0	35	0	0	35	0	0	35	0	0	
36	0	0	36	0	0	36	0	0	36	0	0	36	0	0	36	0	0	
37	0	0	37	0	0	37	0	0	37	0	0	37	0	0	37	0	0	
38	0	0	38	0	0	38	0	0	38	0	0	38	0	0	38	0	0	
39	0	0	39	0	0	39	0	0	39	0	0	39	0	0	39	0	0	
40	0	0	40	0	0	40	0	0	40	0	0	40	0	0	40	0	0	
41	0	0	41	0	0	41	0	0	41	0	0	41	0	0	41	0	0	
42	0	0	42	0	0	42	0	0	42	0	0	42	0	0	42	0	0	
43	0	0	43	0	0	43	0	0	43	0	0	43	0	0	43	0	0	
44	0	0	44	0	0	44	0	0	44	0	0	44	0	0	44	0	0	
45	0	0	45	0	0	45	0	0	45	0	0	45	0	0	45	0	0	
46	0	0	46	0	0	46	0	0	46	0	0	46	0	0	46	0	0	
47	0	0	47	0	0	47	0	0	47	0	0	47	0	0	47	0	0	
48	0	0	48	0	0	48	0	0	48	0	0	48	0	0	48	0	0	
49	0	0	49	0	0	49	0	0	49	0	0	49	0	0	49	0	0	
50	0	0	50	0	0	50	0	0	50	0	0	50	0	0	50	0	0	
51	0	0	51	0	0	51	0	0	51	0	0	51	0	0	51	0	0	
52	0	0	52	0	0	52	0	0	52	0	0	52	0	0	52	0	0	
53	0	0	53	0	0	53	0	0	53	0	0	53	0	0	53	0	0	
54	0	0	54	0	0	54	0	0	54	0	0	54	0	0	54	0	0	
55	0	0	55	0	0	55	0	0	55	0	0	55	0	0	55	0	0	
56	0	0	56	0	0	56	0	0	56	0	0	56	0	0	56	0	0	
57	0	0	57	0	0	57	0	0	57	0	0	57	0	0	57	0	0	
58	0	0	58	0	0	58	0	0	58	0	0	58	0	0	58	0	0	
59	0	0	59	0	0	59	0	0	59	0	0	59	0	0	59	0	0	
60	0	0	60	0	0	60	0	0	60	0	0	60	0	0	60	0	0	
61	0	0	61	0	0	61	0	0	61	0	0	61	0	0	61	0	0	
62	0	0	62	0	0	62	0	0	62	0	0	62	0	0	62	0	0	
63	0	0	63	0	0	63	0	0	63	0	0	63	0	0	63	0	0	
64	0	0	64	0	0	64	0	0	64	0	0	64	0	0	64	0	0	
65	0	0	65	0	0	65	0	0	65	0	0	65	0	0	65	0	0	
66	0	0	66	0	0	66	0	0	66	0	0	66	0	0	66	0	0	
67	0	0	67	0	0	67	0	0	67	0	0	67	0	0	67	0	0	
68	0	0	68	0	0	68	0	0	68	0	0	68	0	0	68	0	0	
69	0	0	69	0	0	69	0	0	69	0	0	69	0	0	69	0	0	
70	0	0	70	0	0	70	0	0	70	0	0	70	0	0	70	0	0	
71	0	0	71	0	0	71	0	0	71	0	0	71	0	0	71	0	0	
72	0	0	72	0	0	72	0	0	72	0	0	72	0	0	72	0	0	
73	0	0	73	0	0	73	0	0	73	0	0	73	0	0	73	0	0	
74	0	0	74	0	0	74	0	0	74	0	0	74	0	0	74	0	0	
75	0	0	75	0	0	75	0	0	75	0	0	75	0	0	75	0	0	
76	0	0	76	0	0	76	0	0	76	0	0	76	0	0	76	0	0	
77	0	0	77	0	0	77	0	0	77	0	0	77	0	0	77	0	0	
78	0	0	78	0	0	78	0	0	78	0	0	78	0	0	78	0	0	
79	0	0	79	0	0	79	0	0	79	0	0	79	0	0	79	0	0	
80	0	0	80	0	0	80	0	0	80	0	0	80	0	0	80	0	0	
81	0	0	81	0	0	81	0	0	81	0	0	81	0	0	81	0	0	
82	0	0	82	0	0	82	0	0	82	0	0	82	0	0	82	0	0	
83	0	0	83	0	0	83	0	0	83	0	0	83	0	0	83	0	0	
84	0	0	84	0	0	84	0	0	84	0	0	84	0	0	84	0	0	
85	0	0	85	0	0	85	0	0	85	0	0	85	0	0	85	0	0	
86	0	0	86	0	0	86	0	0	86	0	0	86	0	0	86	0	0	
87	0	0	87	0	0	87	0	0	87	0	0	87	0	0	87	0	0	
88	0	0	88	0	0	88	0	0	88	0	0	88	0	0	88	0	0	
89	0	0	89	0	0	89	0	0	89	0	0	89	0	0	89	0	0	
90	0	0	90	0	0	90	0	0	90	0	0	90	0	0	90	0	0	
91	0	0	91	0	0	91	0	0	91	0	0	91	0	0	91	0	0	
92	0	0	92	0	0	92	0	0	92	0	0	92	0	0	92	0	0	
93	0	0	93	0	0	93	0	0	93	0	0	93	0	0	93	0	0	
94	0	0	94	0	0	94	0	0	94	0	0	94	0	0	94	0	0	
95	0	0	95	0	0	95	0	0	95	0	0	95	0	0	95	0	0	
96	0	0	96	0	0	96	0	0	96	0	0	96	0	0	96	0	0	
97	0	0	97	0	0	97	0	0	97	0	0	97	0	0	97	0	0	
98	0	0	98	0	0	98	0	0	98	0	0	98	0	0	98	0	0	
99	0	0	99	0	0	99	0	0	99	0	0	99	0	0	99	0	0	
100	0	0	100	0	0	100	0	0	100	0	0	100	0	0	100	0	0	
101	0	0	101	0	0	101	0	0	101	0	0	101	0	0	101	0	0	
102	0	0	102	0	0	102	0	0	102	0	0	102	0	0	102	0	0	
103	0	0	103	0	0	103	0	0	103	0	0	103	0	0	103	0	0	
104	0	0	104	0	0	104	0	0	104	0	0	104	0	0	104	0	0	
105	0	0	105	0	0	105	0	0	105	0	0	105	0	0	105	0	0	
106	0	0	106	0	0	106	0	0	106	0	0	106	0	0	106	0	0	
107	0	0	107	0	0	107	0	0	107	0	0	107	0	0	107	0	0	
108	0	0	108	0	0	108	0	0	108	0	0	108	0	0	108	0	0	
109	0	0	109	0	0	109	0	0	109	0	0	109	0	0	109	0	0	
110	0	0	110	0	0	110	0	0	110	0	0	110	0	0	110	0	0	
111	0	0	111	0	0	111	0	0	111	0	0	111	0	0	111	0	0	
112	0	0	112	0	0	112	0	0	112	0	0	112	0	0	112	0	0	
113	0	0	113	0	0	113	0	0	113	0	0	113	0	0	113	0	0	
114	0	0	114	0	0	114	0	0	114	0	0	114	0	0	114	0	0	
115	0	0	115	0	0	115	0	0	115	0	0	115	0	0	115	0	0	
116	0	0	116	0	0	116	0	0	116	0	0	116	0	0	116	0	0	
117	0	0	117	0	0	117	0	0	117	0	0	117	0	0	117	0	0	
118	0	0	118	0	0	118	0	0	118	0	0	118	0	0	118	0	0	
119	0	0	119	0	0	119	0	0	119	0	0	119	0	0	119	0	0	
120	0	0	120	0	0	120	0	0	120	0	0	120	0	0	120	0	0	
121	0	0	121	0	0	121	0	0	121	0	0	121	0	0	121	0	0	
122	0	0	122	0	0	122	0	0	122	0	0	122	0	0	122	0	0	
123	0	0	123	0	0	123	0	0	123	0	0	123	0	0	123	0	0	
124	0	0	124	0	0	124	0	0	124	0	0	124	0	0	124	0	0	
125	0	0	125	0	0	125	0	0	125	0	0	125	0	0	125	0	0	
126	0	0	126	0	0	126	0	0	126	0	0	126	0	0	126	0	0	
127	0	0	127	0	0	127	0	0	127	0	0	127	0	0	127	0	0	
128	0	0	128	0	0	128	0	0	128	0	0	128	0	0	128	0	0	
129	0	0	129	0	0	129	0	0	129	0	0	129	0	0	129	0	0	
130	0	0	130	0	0	130	0	0	130	0	0	130	0	0	130	0	0	
131	0	0	131	0	0	131	0	0	131	0	0	131	0	0	131	0	0	
132	0	0	132	0	0	132	0	0	132	0	0	132	0	0	132	0	0	
133	0	0	133	0	0	133	0	0	133	0	0	133	0	0	133	0	0	
134	0	0	134	0	0	134	0	0	134	0	0	134	0	0	134	0	0	
135	0	0	135	0	0	135	0	0	135	0	0	135	0	0	135	0	0	
136	0	0	136	0	0	136	0	0	136	0	0	136	0	0	136	0	0	
137	0	0	137	0	0	137	0	0	137	0	0	137	0	0	137	0	0	
138	0	0	138	0	0	138	0	0	138	0	0	138	0	0	138	0	0	
139	0	0	139	0	0	139	0	0	139	0	0	139	0	0	139	0	0	
140	0	0	140	0	0	140	0	0	140	0	0	140	0	0	140	0	0	
141	0	0	141	0	0	141	0	0	141	0	0	141	0	0	141	0	0	
142	0	0	142	0	0	142	0	0	142	0	0	142	0	0	142	0	0	
143	0	0	143	0	0	143	0	0	143	0	0	143	0	0	143	0	0	
144	0	0	144	0	0	144	0	0	144	0	0	144	0	0	144	0	0	
145	0	0	145	0	0	145	0	0	145	0	0	145	0	0	145	0	0	
146	0	0	146	0	0	146	0	0	146	0	0	146	0	0	146	0	0	
147	0	0	147	0	0	147	0	0	147	0	0	147	0	0	147	0	0	
148	0	0	148	0	0	148	0	0	148	0	0	148	0	0	148	0	0	
149	0	0	149	0	0	149	0	0	149	0	0	149	0	0	149	0	0	
150	0	0	150	0	0	150	0	0	150	0	0	150	0	0	150	0	0	
151	0	0	151	0	0	151	0	0	151	0	0	151	0	0	151	0	0	
152	0	0	152	0	0	152	0	0	152	0	0	152	0	0	152	0	0	
153	0	0	153	0	0	153	0	0	153	0	0	153	0	0	153	0	0	
154	0	0	154	0	0	154	0	0	154	0	0	154	0	0	154	0	0	
155	0	0	155	0	0	155	0	0	155	0	0	155	0	0	155	0	0	
156	0	0	156	0	0	156	0	0	156	0	0	156	0	0	156	0	0	
157	0	0	157	0	0	157	0	0	157	0	0	157	0	0	157	0	0	
158	0	0	158	0	0	158	0	0	158	0	0	158	0	0	158	0	0	
159	0	0	159	0	0	159	0	0	159	0	0	159	0	0	159	0	0	
160	0	0	160	0	0	160	0	0	160	0	0	160	0	0	160	0	0	
161	0	0	161	0	0	161	0	0	161	0	0	161	0	0	161	0	0	
162	0	0	162	0	0	162	0	0	162	0	0	162	0	0	162	0	0	
163	0	0	163	0	0	163	0	0	163	0	0	163	0	0	163	0	0	
164	0	0	164	0	0	164	0	0	164	0	0	164	0	0	164	0	0	
165	0	0	165	0	0	165	0	0	165	0	0	165	0	0	165	0	0	
166	-0.0138992	0	166	0.00582852	0	166	0.0033015	0	166	0.036911	0	166	0.016337	0	166	0.1	0	
167	-0.0200037	0	167	-0.0146323	0	167	0.002846	0	167	0.0594473	0	167	0.0214471	0	167	0.1	0	
168	-0.0244616	0	168	-0.0330362	0	168	0.00604791	0	168	0.065271	0	168	0.0295169	0	168	0.1	0	
169	-0.0330617	0	169	-0.0408912	0	169	0.00890875	0	169	0.0590578	0	169	0.0451473	0	169	0.1	0	
170	-0.0454047	0	170	-0.0327954	0	170	0.0100486	0	170	0.0852742	0	170	0.0585439	0	170	0.1	0	
171	-0.047168	0	171	-0.0309461	0	171	0.0101884	0	171	0.0885398	0	171	0.0589569	0	171	0.1	0	
172	-0.0419496	0	172	-0.0303875	0	172	0.00928973	0	172	0.0870055	0	172	0.0525138	0	172	0.1	0	
173	-0.03779	0	173	-0.030358	0	173	0.00973189	0	173	0.0805735	0	173	0.0462677	0	173	0.1	0	
174	-0.0310112	0	174	-0.0230896	0	174	0.00886571	0	174	0.0859895	0	174	0.0342327	0	174	0.1	0	
175	-0.0123942	0	175	-0.0109931	0	175	0.00274414	0	175	0.0837677	0	175	0.00517315	0	175	0.1	0	
176	-0.00261096	0	176	-0.00513567	0	176	-0.000604094	0	176	0.0736862	0	176	-0.00833617	0	176	0.1	0	
177	0.00836998	0	177	-0.03143	0	177	-0.00438488	0	177	0.0110791	0	177	-0.0148693	0	177	0.1	0	
178	4.4314e-05	0	178	-0.0410739	0	178	-0.0063062	0	178	-0.0142751	0	178	0.00770376	0	178	0.1	0	
179	-0.0261836	0	179	-0.0175463	0	179	0.00521463	0	179	0.0415671	0	179	0.0459935	0	179	0.1	0	
180	-0.0408868	0	180	-0.0177241	0	180	0.0108371	0	180	0.0469644	0	180	0.0672745	0	180	0.1	0	
181	-0.0509233	0	181	-0.0129536	0	181	0.0124513	0	181	0.0659744	0	181	0.0765497	0	181	0.1	0	
182	-0.0520212	0	182	-0.0158227	0	182	0.0141269	0	182	0.0582325	0	182	0.0798148	0	182	0.1	0	
183	-0.0584086	0	183	-0.0205114	0	183	0.0144249	0	183	0.0718852	0	183	0.0877407	0	183	0.1	0	
184	-0.0543679	0	184	-0.0256434	0	184	0.0162704	0	184	0.0520647	0	184	0.0825985	0	184	0.1	0	
185	-0.0541987	0	185	-0.0234841	0	185	0.0152826	0	185	0.0593398	0	185	0.0829149	0	185	0.1	0	
186	-0.0540428	0	186	-0.0256147	0	186	0.0160273	0	186	0.059954	0	186	0.0818092	0	186	0.1	0	
187	-0.0539085	0	187	-0.0310928	0	187	0.0170089	0	187	0.0523151	0	187	0.0866415	0	187	0.1	0	
188	-0.0512609	0	188	-0.0295862	0	188	0.0150619	0	188	0.0538755	0	188	0.0813716	0	188	0.1	0	
189	-0.0537624	0	189	-0.0191119	0	189	0.0146047	0	189	0.0731431	0	189	0.0765881	0	189	0.1	0	
190	-0.0574437	0	190	-0.0140199	0	190	0.0140283	0	190	0.0865907	0	190	0.0808135	0	190	0.1	0	
191	-0.0585398	0	191	-0.009898	0	191	0.0137821	0	191	0.0970622	0	191	0.0789519	0	191	0.1	0	
192	-0.0582335	0	192	-0.00904873	0	192	0.0131473	0	192	0.0967521	0	192	0.0777596	0	192	0.1	0	
193	-0.0570846	0	193	-0.0104849	0	193	0.0128882	0	193	0.0925615	0	193	0.0766053	0	193	0.1	0	
194	-0.0565177	0	194	-0.00755195	0	194	0.0120275	0	194	0.0972713	0	194	0.0725675	0	194	0.1	0	
195	-0.0587651	0	195	-0.0132792	0	195	0.0142787	0	195	0.0897459	0	195	0.0827436	0	195	0.1	0	
196	-0.0608476	0	196	-0.0158487	0	196	0.0160861	0	196	0.0886405	0	196	0.0894976	0	196	0.1	0	
197	-0.0578098	0	197	-0.0134597	0	197	0.013459	0	197	0.0873393	0	197	0.0811008	0	197	0.1	0	
198	-0.0579683	0	198	-0.0114058	0	198	0.0133434	0	198	0.0916625	0	198	0.0794407	0	198	0.1	0	
199	-0.0574745	0	199	-0.0124968	0	199	0.0133406	0	199	0.0892522	0	199	0.0795688	0	199	0.1	0	
200	-0.0571578	0	200	-0.0103639	0	200	0.0126352	0	200	0.0922096	0	200	0.0767268	0	200	0.1	0	
201	-0.0628396	0	201	-0.0264104	0	201	0.0199117	0	201	0.0726902	0	201	0.1	0	201	0.1	0	
202	-0.0595968	0	202	-0.0166052	0	202	0.0151796	0	202	0.0833775	0	202	0.0876103	0	202	0.1	0	
203	-0.0589858	0	203	-0.0120583	0	203	0.0141801	0	203	0.0922282	0	203	0.0819641	0	203	0.1	0	
204	-0.0667061	0	204	-0.0345055	0	204	0.0233552	0	204	0.0586626	0	204	0.1	0	204	0.1	0	
205	-0.0596525	0	205	-0.0178524	0	205	0.0154281	0	205	0.0808605	0	205	0.0888755	0	205	0.1	0	
206	-0.0582921	0	206	-0.0159692	0	206	0.015159	0	206	0.0859726	0	206	0.0845688	0	206	0.1	0	
207	-0.0574695	0	207	-0.0108846	0	207	0.0129509	0	207	0.0920748	0	207	0.0779949	0	207	0.1	0	
208	-0.0589315	0	208	-0.0154228	0	208	0.014639	0	208	0.0863187	0	208	0.0853398	0	208	0.1	0	
209	-0.0588675	0	209	-0.0121425	0	209	0.0140916	0	209	0.0922785	0	209	0.0817139	0	209	0.1	0	
210	-0.0585779	0	210	-0.0144359	0	210	0.0143649	0	210	0.0870689	0	210	0.083483	0	210	0.1	0	
211	-0.0581204	0	211	-0.0128107	0	211	0.0138471	0	211	0.0896399	0	211	0.0810511	0	211	0.1	0	
212	-0.0567032	0	212	-0.00767979	0	212	0.0121032	0	212	0.0972292	0	212	0.0730771	0	212	0.1	0	
213	-0.0611429	0	213	-0.0189189	0	213	0.0169112	0	213	0.0821279	0	213	0.092616	0	213	0.1	0	
214	-0.0584231	0	214	-0.0106662	0	214	0.0135997	0	214	0.0936687	0	214	0.0791879	0	214	0.1	0	
215	-0.0585709	0	215	-0.0100274	0	215	0.0133517	0	215	0.0953168	0	215	0.0791893	0	215	0.1	0	
216	-0.0607079	0	216	-0.0200577	0	216	0.0171214	0	216	0.0816988	0	216	0.0935647	0	216	0.1	0	
217	-0.0607159	0	217	-0.0230136	0	217	0.0177944	0	217	0.0760652	0	217	0.096483	0	217	0.1	0	
218	-0.057345	0	218	-0.0161206	0	218	0.014664	0	218	0.0850959	0	218	0.0829104	0	218	0.1	0	
219	-0.0578358	0	219	-0.0144726	0	219	0.0136099	0	219	0.0857492	0	219	0.0823507	0	219	0.1	0	
220	-0.0578348	0	220	-0.0129472	0	220	0.0135009	0	220	0.0884765	0	220	0.0807017	0	220	0.1	0	
221	-0.0586403	0	221	-0.0107583	0	221	0.0138069	0	221	0.0946942	0	221	0.0799673	0	221	0.1	0	
222	-0.0616023	0	222	-0.019331	0	222	0.0174233	0	222	0.0824482	0	222	0.094024	0	222	0.1	0	
223	-0.0571265	0	223	-0.00943101	0	223	0.0124684	0	223	0.0940092	0	223	0.0757903	0	223	0.1	0	
224	-0.0575621	0	224	-0.012908	0	224	0.0133375	0	224	0.0884263	0	224	0.0800413	0	224	0.1	0	
225	-0.0597819	0	225	-0.0148844	0	225	0.0150702	0	225	0.0879219	0	225	0.0863413	0	225	0.1	0	
226	-0.0665539	0	226	-0.0355736	0	226	0.0236054	0	226	0.0568357	0	226	0.1	0	226	0.1	0	
227	-0.06161	0	227	-0.020667	0	227	0.017649	0	227	0.0795458	0	227	0.0952309	0	227	0.1	0	
228	-0.0581326	0	228	-0.0131422	0	228	0.0136578	0	228	0.088366	0	228	0.0813843	0	228	0.1	0	
229	-0.0593225	0	229	-0.0150247	0	229	0.015232	0	229	0.0873769	0	229	0.0854122	0	229	0.1	0	
230	-0.0597309	0	230	-0.0127988	0	230	0.0148604	0	230	0.0923533	0	230	0.0840259	0	230	0.1	0	
231	-0.0572529	0	231	-0.00906481	0	231	0.0128619	0	231	0.0957325	0	231	0.0754391	0	231	0.1	0	
232	-0.0570653	0	232	-0.0108235	0	232	0.0128581	0	232	0.0917389	0	232	0.0769865	0	232	0.1	0	
233	-0.0570786	0	233	-0.0101296	0	233	0.0125714	0	233	0.0925995	0	233	0.0762451	0	233	0.1	0	
234	-0.0641969	0	234	-0.0283807	0	234	0.0208208	0	234	0.0682447	0	234	0.1	0	234	0.1	0	
235	-0.0577021	0	235	-0.0129704	0	235	0.0132669	0	235	0.0877822	0	235	0.0804948	0	235	0.1	0	
236	-0.057935	0	236	-0.0125338	0	236	0.0135622	0	236	0.0897484	0	236	0.0803965	0	236	0.1	0	
237	-0.05674	0	237	-0.00977139	0	237	0.012521	0	237	0.0925817	0	237	0.0752877	0	237	0.1	0	
238	-0.0593212	0	238	-0.0166628	0	238	0.015662	0	238	0.0859002	0	238	0.0873597	0	238	0.1	0	
239	-0.0582242	0	239	-0.00947795	0	239	0.0133362	0	239	0.0963024	0	239	0.0779341	0	239	0.1	0	
240	-0.0574313	0	240	-0.0147138	0	240	0.0145742	0	240	0.0866335	0	240	0.0816351	0	240	0.1	0	
241	-0.0589187	0	241	-0.0121528	0	241	0.0139434	0	241	0.0919002	0	241	0.082082	0	241	0.1	0	
242	-0.0588995	0	242	-0.0134386	0	242	0.0142832	0	242	0.0892754	0	242	0.0830741	0	242	0.1	0	
243	-0.057845	0	243	-0.0125483	0	243	0.0134955	0	243	0.0896035	0	243	0.0803177	0	243	0.1	0	
244	-0.0577884	0	244	-0.0107822	0	244	0.0130804	0	244	0.0927576	0	244	0.0784063	0	244	0.1	0	
245	-0.0597231	0	245	-0.0162112	0	245	0.0158281	0	245	0.0875686	0	245	0.0875854	0	245	0.1	0	
246	-0.0586068	0	246	-0.0149504	0	246	0.0142559	0	246	0.0856696	0	246	0.084295	0	246	0.1	0	
247	-0.0583093	0	247	-0.014187	0	247	0.0141863	0	247	0.0872013	0	247	0.0826806	0	247	0.1	0	
248	-0.0567972	0	248	-0.00469996	0	248	0.0116651	0	248	0.1	0	248	0.0701493	0	248	0.1	0	
249	-0.0588486	0	249	-0.0145447	0	249	0.0143025	0	249	0.0867136	0	249	0.0842951	0	249	0.1	0	
250	-0.0582806	0	250	-0.0138816	0	250	0.0141232	0	250	0.0878245	0	250	0.0823372	0	250	0.1	0	
251	-0.0591954	0	251	-0.0141824	0	251	0.0147284	0	251	0.0885349	0	251	0.0843974	0	251	0.1	0	
252	-0.057854	0	252	-0.00964524	0	252	0.0130044	0	252	0.0946167	0	252	0.0773528	0	252	0.1	0	
253	-0.0587368	0	253	-0.0130803	0	253	0.0141472	0	253	0.0897058	0	253	0.0824608	0	253	0.1	0	
254	-0.0582618	0	254	-0.0101518	0	254	0.0133892	0	254	0.0947093	0	254	0.0786382	0	254	0.1	0	
255	-0.057646	0	255	-0.00996845	0	255	0.0132902	0	255	0.0950043	0	255	0.0772873	0	255	0.1	0	
256	-0.0561124	0	256	-0.00489857	0	256	0.0115982	0	256	0.1	0	256	0.0691385	0	256	0.1	0	
257	-0.0665383	0	257	-0.0341982	0	257	0.023218	0	257	0.0594202	0	257	0.1	0	257	0.1	0	
258	-0.057757	0	258	-0.0122937	0	258	0.0138712	0	258	0.0910324	0	258	0.0794881	0	258	0.1	0	
259	-0.0585683	0	259	-0.0136897	0	259	0.0139419	0	259	0.0885561	0	259	0.0830132	0	259	0.1	0	
260	-0.0578374	0	260	-0.0107942	0	260	0.0134309	0	260	0.0928063	0	260	0.0783291	0	260	0.1	0	
261	-0.0579256	0	261	-0.00981298	0	261	0.0132661	0	261	0.0955364	0	261	0.0777843	0	261	0.1	0	
262	-0.059229	0	262	-0.0120037	0	262	0.0141884	0	262	0.0921877	0	262	0.0823402	0	262	0.1	0	
263	-0.0592662	0	263	-0.0139965	0	263	0.014891	0	263	0.0888363	0	263	0.0842004	0	263	0.1	0	
264	-0.0665157	0	264	-0.0371612	0	264	0.0240317	0	264	0.0538201	0	264	0.1	0	264	0.1	0	
265	-0.0629158	0	265	-0.026936	0	265	0.0204235	0	265	0.0705404	0	265	0.1	0	265	0.1	0	
266	-0.057454	0	266	-0.0109299	0	266	0.0131698	0	266	0.0916924	0	266	0.0776695	0	266	0.1	0	
267	-0.0569886	0	267	-0.00798835	0	267	0.0123914	0	267	0.0973491	0	267	0.0738594	0	267	0.1	0	
268	-0.0564777	0	268	-0.0111762	0	268	0.012519	0	268	0.0897467	0	268	0.0761881	0	268	0.1	0	
269	-0.0564056	0	269	-0.00815412	0	269	0.0117606	0	269	0.0950684	0	269	0.0728655	0	269	0.1	0	
270	-0.0571272	0	270	-0.00731081	0	270	0.012111	0	270	0.0981536	0	270	0.0736454	0	270	0.1	0	
271	-0.0573438	0	271	-0.0102677	0	271	0.0127072	0	271	0.0927132	0	271	0.0770142	0	271	0.1	0	
272	-0.0587527	0	272	-0.0130373	0	272	0.0140039	0	272	0.0896753	0	272	0.0825946	0	272	0.1	0	
273	-0.0583317	0	273	-0.0145762	0	273	0.0142256	0	273	0.0867934	0	273	0.0831911	0	273	0.1	0	
274	-0.0580758	0	274	-0.0133226	0	274	0.013894	0	274	0.0883364	0	274	0.0814972	0	274	0.1	0	
275	-0.057028	0	275	-0.0135858	0	275	0.013724	0	275	0.0876808	0	275	0.0796669	0	275	0.1	0	
276	-0.0579602	0	276	-0.0129984	0	276	0.013754	0	276	0.0893226	0	276	0.0808909	0	276	0.1	0	
277	-0.0586226	0	277	-0.0134854	0	277	0.0144807	0	277	0.0892377	0	277	0.0825122	0	277	0.1	0	
278	-0.0563515	0	278	-0.00736068	0	278	0.0119536	0	278	0.0978973	0	278	0.0721118	0	278	0.1	0	
279	-0.0627995	0	279	-0.0279097	0	279	0.0199644	0	279	0.0692466	0	279	0.1	0	279	0.1	0	
280	-0.0579374	0	280	-0.0137137	0	280	0.0139505	0	280	0.0877702	0	280	0.0814944	0	280	0.1	0	
281	-0.0569059	0	281	-0.00585753	0	281	0.0120784	0	281	0.1	0	281	0.0714822	0	281	0.1	0	
282	-0.0590758	0	282	-0.0179725	0	282	0.0158968	0	282	0.0841968	0	282	0.0883044	0	282	0.1	0	
283	-0.0589827	0	283	-0.0139074	0	283	0.014387	0	283	0.0889116	0	283	0.08397	0	283	0.1	0	
284	-0.0546211	0	284	-0.0051962	0	284	0.0108565	0	284	0.098349	0	284	0.0662845	0	284	0.1	0	
285	-0.0575032	0	285	-0.0114216	0	285	0.0129436	0	285	0.0906981	0	285	0.0784995	0	285	0.1	0	
286	-0.0630957	0	286	-0.0230479	0	286	0.0188158	0	286	0.0770027	0	286	0.1	0	286	0.1	0	
287	-0.0581079	0	287	-0.0125364	0	287	0.013626	0	287	0.0893656	0	287	0.0807133	0	287	0.1	0	
288	-0.0602337	0	288	-0.0188798	0	288	0.0165244	0	288	0.0821842	0	288	0.091356	0	288	0.1	0	
289	-0.0596175	0	289	-0.0134513	0	289	0.0146672	0	289	0.0904558	0	289	0.0843588	0	289	0.1	0	
290	-0.057807	0	290	-0.00962393	0	290	0.0131169	0	290	0.0958613	0	290	0.0773304	0	290	0.1	0	
291	-0.0569197	0	291	-0.00955418	0	291	0.0123337	0	291	0.0930248	0	291	0.0754263	0	291	0.1	0	
292	-0.0602168	0	292	-0.0175595	0	292	0.0158006	0	292	0.0833279	0	292	0.089851	0	292	0.1	0	
293	-0.0576806	0	293	-0.0131298	0	293	0.0136172	0	293	0.0884188	0	293	0.0804875	0	293	0.1	0	
294	-0.0577842	0	294	-0.0129254	0	294	0.0135119	0	294	0.0886872	0	294	0.0805257	0	294	0.1	0	
295	-0.0605724	0	295	-0.0215387	0	295	0.0176362	0	295	0.0783101	0	295	0.094115	0	295	0.1	0	
296	-0.0583285	0	296	-0.0158277	0	296	0.0142392	0	296	0.0839206	0	296	0.0845469	0	296	0.1	0	
297	-0.0565124	0	297	-0.00586414	0	297	0.011596	0	297	0.1	0	297	0.0708994	0	297	0.1	0	
298	-0.0637069	0	298	-0.0263914	0	298	0.0198154	0	298	0.0713516	0	298	0.1	0	298	0.1	0	
299	-0.0627271	0	299	-0.0238234	0	299	0.0187207	0	299	0.0749301	0	299	0.1	0	299	0.1	0	
300	-0.0563517	0	300	-0.00737072	0	300	0.0120106	0	300	0.0977058	0	300	0.0720798	0	300	0.1	0	
301	-0.0611806	0	301	-0.0191534	0	301	0.0172468	0	301	0.082339	0	301	0.0928212	0	301	0.1	0	
302	-0.0656631	0	302	-0.0335878	0	302	0.0223362	0	302	0.0590874	0	302	0.1	0	302	0.1	0	
303	-0.0590076	0	303	-0.0175839	0	303	0.0158678	0	303	0.0840493	0	303	0.0878551	0	303	0.1	0	
304	-0.0569294	0	304	-0.0110921	0	304	0.0126454	0	304	0.0904625	0	304	0.0769555	0	304	0.1	0	
305	-0.0605097	0	305	-0.0182106	0	305	0.0166754	0	305	0.0840744	0	305	0.0910214	0	305	0.1	0	
306	-0.060388	0	306	-0.0145653	0	306	0.0154913	0	306	0.090609	0	306	0.0876769	0	306	0.1	0	
307	-0.0581894	0	307	-0.011924	0	307	0.0136557	0	307	0.0912815	0	307	0.0803525	0	307	0.1	0	
308	-0.0596894	0	308	-0.0141599	0	308	0.014924	0	308	0.0896087	0	308	0.0853551	0	308	0.1	0	
309	-0.0586087	0	309	-0.0132728	0	309	0.0141406	0	309	0.089153	0	309	0.0823969	0	309	0.1	0	
310	-0.0576951	0	310	-0.00366721	0	310	0.0121408	0	310	0.1	0	310	0.0710622	0	310	0.1	0	
311	-0.0611669	0	311	-0.0194225	0	311	0.016612	0	311	0.0813381	0	311	0.0935168	0	311	0.1	0	
312	-0.058439	0	312	-0.013431	0	312	0.0141811	0	312	0.0887275	0	312	0.0822107	0	312	0.1	0	
313	-0.0576754	0	313	-0.0119344	0	313	0.0136497	0	313	0.091265	0	313	0.0791416	0	313	0.1	0	
314	-0.0577592	0	314	-0.0125415	0	314	0.0130989	0	314	0.0887372	0	314	0.0802255	0	314	0.1	0	
315	-0.0573944	0	315	-0.00887119	0	315	0.012704	0	315	0.0962035	0	315	0.0756146	0	315	0.1	0	
316	-0.059177	0	316	-0.0135483	0	316	0.0144836	0	316	0.0894823	0	316	0.0838618	0	316	0.1	0	
317	-0.0583352	0	317	-0.0138467	0	317	0.0141093	0	317	0.0881057	0	317	0.0825647	0	317	0.1	0	
318	-0.0582717	0	318	-0.0116655	0	318	0.0136596	0	318	0.0921544	0	318	0.0802208	0	318	0.1	0	
319	-0.0595005	0	319	-0.0171655	0	319	0.0154629	0	319	0.0832602	0	319	0.0880626	0	319	0.1	0	
320	-0.0577681	0	320	-0.0104413	0	320	0.0131677	0	320	0.0937577	0	320	0.0780295	0	320	0.1	0	
321	-0.0574846	0	321	-0.00969087	0	321	0.0130562	0	321	0.0953428	0	321	0.0766672	0	321	0.1	0	
322	-0.0581407	0	322	-0.0133017	0	322	0.0139719	0	322	0.0887851	0	322	0.0815261	0	322	0.1	0	
323	-0.0556107	0	323	-0.000899812	0	323	0.0104891	0	323	0.1	0	323	0.0640624	0	323	0.1	0	
324	-0.0586324	0	324	-0.0130625	0	324	0.0141251	0	324	0.0903602	0	324	0.0824981	0	324	0.1	0	
325	-0.0584747	0	325	-0.0118566	0	325	0.01401	0	325	0.0919053	0	325	0.0805837	0	325	0.1	0	
326	-0.0581618	0	326	-0.0126653	0	326	0.0136978	0	326	0.0895982	0	326	0.0810761	0	326	0.1	0	
327	-0.0576803	0	327	-0.0121084	0	327	0.013271	0	327	0.0898188	0	327	0.0794819	0	327	0.1	0	
328	-0.0653555	0	328	-0.0295248	0	328	0.0214711	0	328	0.0676716	0	328	0.1	0	328	0.1	0	
329	-0.0575212	0	329	-0.0129043	0	329	0.0131242	0	329	0.0876171	0	329	0.0801009	0	329	0.1	0	
330	-0.0563339	0	330	-0.0091592	0	330	0.0121292	0	330	0.0931297	0	330	0.0736796	0	330	0.1	0	
331	-0.0587222	0	331	-0.0131702	0	331	0.0140884	0	331	0.0892265	0	331	0.0824539	0	331	0.1	0	
332	-0.0582436	0	332	-0.0136107	0	332	0.0138385	0	332	0.0880016	0	332	0.0821906	0	332	0.1	0	
333	-0.0581583	0	333	-0.0130162	0	333	0.0136819	0	333	0.0890402	0	333	0.0813879	0	333	0.1	0	
334	-0.0575097	0	334	-0.00847268	0	334	0.0129873	0	334	0.0978237	0	334	0.075364	0	334	0.1	0	
335	-0.0616631	0	335	-0.0204648	0	335	0.0174117	0	335	0.0805032	0	335	0.0958226	0	335	0.1	0	
336	-0.0608985	0	336	-0.0233127	0	336	0.0182783	0	336	0.0764352	0	336	0.0968777	0	336	0.1	0	
337	-0.056492	0	337	-0.00961813	0	337	0.0121733	0	337	0.0925153	0	337	0.074719	0	337	0.1	0	
338	-0.0570397	0	338	-0.0149905	0	338	0.0142277	0	338	0.0865807	0	338	0.0813089	0	338	0.1	0	
339	-0.0592314	0	339	-0.0112061	0	339	0.0140949	0	339	0.0945188	0	339	0.0816558	0	339	0.1	0	
340	-0.0584058	0	340	-0.0138881	0	340	0.0145593	0	340	0.0892557	0	340	0.0824776	0	340	0.1	0	
341	-0.0580741	0	341	-0.0127739	0	341	0.0134535	0	341	0.0885144	0	341	0.0809959	0	341	0.1	0	
342	-0.0581213	0	342	-0.0147363	0	342	0.0143959	0	342	0.0867842	0	342	0.0828247	0	342	0.1	0	
343	-0.0584211	0	343	-0.0116836	0	343	0.0136841	0	343	0.0920051	0	343	0.0806442	0	343	0.1	0	
344	-0.0572924	0	344	-0.0091079	0	344	0.0125484	0	344	0.0950204	0	344	0.0757771	0	344	0.1	0	
345	-0.0666462	0	345	-0.0336934	0	345	0.0231728	0	345	0.0600359	0	345	0.1	0	345	0.1	0	
346	-0.0570193	0	346	-0.0113334	0	346	0.0130189	0	346	0.0909458	0	346	0.0775257	0	346	0.1	0	
347	-0.0630738	0	347	-0.0244603	0	347	0.0190963	0	347	0.0742919	0	347	0.1	0	347	0.1	0	
348	-0.0600927	0	348	-0.0134538	0	348	0.0148177	0	348	0.0905528	0	348	0.0854967	0	348	0.1	0	
349	-0.0608152	0	349	-0.0162044	0	349	0.0157386	0	349	0.0864279	0	349	0.0895865	0	349	0.1	0	
350	-0.0665415	0	350	-0.0362495	0	350	0.0238775	0	350	0.0554023	0	350	0.1	0	350	0.1	0	
351	-0.0579777	0	351	-0.01517	0	351	0.0139844	0	351	0.085115	0	351	0.0833539	0	351	0.1	0	
352	-0.0580707	0	352	-0.0135032	0	352	0.0139426	0	352	0.0882622	0	352	0.0816062	0	352	0.1	0	
353	-0.0576599	0	353	-0.0105597	0	353	0.0130259	0	353	0.0924094	0	353	0.0779041	0	353	0.1	0	
354	-0.057739	0	354	-0.0123855	0	354	0.0134724	0	354	0.0894017	0	354	0.0799101	0	354	0.1	0	
355	-0.0573501	0	355	-0.0120163	0	355	0.0132553	0	355	0.0899532	0	355	0.0786131	0	355	0.1	0	
356	-0.0575789	0	356	-0.0122462	0	356	0.0132913	0	356	0.0894816	0	356	0.0793523	0	356	0.1	0	
357	-0.0601334	0	357	-0.0191005	0	357	0.0164284	0	357	0.0819159	0	357	0.0913728	0	357	0.1	0	
358	-0.0570007	0	358	-0.00784706	0	358	0.0122036	0	358	0.0972795	0	358	0.0739864	0	358	0.1	0	
359	-0.0573474	0	359	-0.010992	0	359	0.0132768	0	359	0.0921514	0	359	0.0776205	0	359	0.1	0	
360	-0.0577166	0	360	-0.0122458	0	360	0.0132835	0	360	0.0898284	0	360	0.0798164	0	360	0.1	0	
361	-0.0651187	0	361	-0.0300812	0	361	0.0216056	0	361	0.0660142	0	361	0.1	0	361	0.1	0	
362	-0.0574311	0	362	-0.0101706	0	362	0.0131416	0	362	0.0942754	0	362	0.0770885	0	362	0.1	0	
363	-0.0633102	0	363	-0.0242467	0	363	0.0191539	0	363	0.0748405	0	363	0.1	0	363	0.1	0	
364	-0.0587331	0	364	-0.0122548	0	364	0.013875	0	364	0.0914402	0	364	0.0818662	0	364	0.1	0	
365	-0.0586177	0	365	-0.0140015	0	365	0.0142556	0	365	0.0876568	0	365	0.0831636	0	365	0.1	0	
366	-0.0568292	0	366	-0.0087589	0	366	0.0123771	0	366	0.0952916	0	366	0.0744042	0	366	0.1	0	
367	-0.058279	0	367	-0.0124343	0	367	0.0137726	0	367	0.0902183	0	367	0.0809591	0	367	0.1	0	
368	-0.0584232	0	368	-0.0152974	0	368	0.0149352	0	368	0.0870191	0	368	0.0840081	0	368	0.1	0	
369	-0.0576215	0	369	-0.011879	0	369	0.0130269	0	369	0.0896756	0	369	0.079257	0	369	0.1	0	
370	-0.0574811	0	370	-0.0102741	0	370	0.0129152	0	370	0.0935553	0	370	0.0773	0	370	0.1	0	
371	-0.0618148	0	371	-0.0211978	0	371	0.0179014	0	371	0.0794158	0	371	0.0957934	0	371	0.1	0	
372	-0.0581734	0	372	-0.0153144	0	372	0.0146686	0	372	0.0856114	0	372	0.0834697	0	372	0.1	0	
373	-0.0593301	0	373	-0.0139777	0	373	0.0146426	0	373	0.0887348	0	373	0.0845503	0	373	0.1	0	
374	-0.0588879	0	374	-0.0128175	0	374	0.0141545	0	374	0.090563	0	374	0.082403	0	374	0.1	0	
375	-0.0575014	0	375	-0.0100537	0	375	0.0129315	0	375	0.0936822	0	375	0.0770125	0	375	0.1	0	
376	-0.0575979	0	376	-0.0123317	0	376	0.0133297	0	376	0.0895357	0	376	0.0795953	0	376	0.1	0	
377	-0.0582232	0	377	-0.0138817	0	377	0.0139261	0	377	0.0875082	0	377	0.0823292	0	377	0.1	0	
378	-0.0579174	0	378	-0.0122676	0	378	0.0134978	0	378	0.0895576	0	378	0.0799537	0	378	0.1	0	
379	-0.0627987	0	379	-0.0223904	0	379	0.0185379	0	379	0.0778121	0	379	0.0993519	0	379	0.1	0	
380	-0.0589525	0	380	-0.0089721	0	380	0.0134773	0	380	0.0977614	0	380	0.0789255	0	380	0.1	0	
381	-0.0580127	0	381	-0.0106315	0	381	0.0132641	0	381	0.0939773	0	381	0.0786468	0	381	0.1	0	
382	-0.0577181	0	382	-0.0127243	0	382	0.0135534	0	382	0.0891839	0	382	0.0801256	0	382	0.1	0	
383	-0.0570736	0	383	-0.0116383	0	383	0.0126536	0	383	0.08934	0	383	0.0779359	0	383	0.1	0	
384	-0.0574816	0	384	-0.0136167	0	384	0.0138143	0	384	0.0878792	0	384	0.0804148	0	384	0.1	0	
385	-0.0591023	0	385	-0.0135558	0	385	0.0143411	0	385	0.089773	0	385	0.0838155	0	385	0.1	0	
386	-0.0587022	0	386	-0.0151911	0	386	0.0146746	0	386	0.0859464	0	386	0.0843932	0	386	0.1	0	
387	-0.0563997	0	387	-0.0100192	0	387	0.0128996	0	387	0.0936063	0	387	0.0748958	0	387	0.1	0	
388	-0.0576583	0	388	-0.0130618	0	388	0.0131634	0	388	0.0876287	0	388	0.0805562	0	388	0.1	0	
389	-0.0587544	0	389	-0.0139267	0	389	0.0144168	0	389	0.0878705	0	389	0.0832191	0	389	0.1	0	
390	-0.05693	0	390	-0.0102469	0	390	0.0124917	0	390	0.0926028	0	390	0.0761918	0	390	0.1	0	
391	-0.0657016	0	391	-0.0347398	0	391	0.0225916	0	391	0.0572534	0	391	0.1	0	391	0.1	0	
392	-0.0572418	0	392	-0.0138668	0	392	0.013939	0	392	0.0873227	0	392	0.0803009	0	392	0.1	0	
393	-0.061029	0	393	-0.0203966	0	393	0.017389	0	393	0.0806338	0	393	0.0942011	0	393	0.1	0	
394	-0.0587329	0	394	-0.0160627	0	394	0.0148451	0	394	0.0844686	0	394	0.085457	0	394	0.1	0	
395	-0.0597476	0	395	-0.0156121	0	395	0.0157786	0	395	0.0871931	0	395	0.0868724	0	395	0.1	0	
396	-0.0579965	0	396	-0.0136483	0	396	0.0135895	0	396	0.0876976	0	396	0.0818145	0	396	0.1	0	
397	-0.0586488	0	397	-0.0124077	0	397	0.013921	0	397	0.0904604	0	397	0.0816218	0	397	0.1	0	
398	-0.0576784	0	398	-0.0110795	0	398	0.0130568	0	398	0.0914691	0	398	0.0784674	0	398	0.1	0	
399	-0.057951	0	399	-0.0108747	0	399	0.0132317	0	399	0.0930039	0	399	0.0788703	0	399	0.1	0	
400	-0.0585865	0	400	-0.0131305	0	400	0.0143817	0	400	0.0904808	0	400	0.0821211	0	400	0.1	0	
401	-0.0591631	0	401	-0.0138444	0	401	0.0146578	0	401	0.0896482	0	401	0.0839816	0	401	0.1	0	
402	-0.0578155	0	402	-0.0110609	0	402	0.0129874	0	402	0.0920828	0	402	0.0788295	0	402	0.1	0	
403	-0.0582732	0	403	-0.0154501	0	403	0.0148553	0	403	0.086571	0	403	0.0839209	0	403	0.1	0	
404	-0.0638768	0	404	-0.0265166	0	404	0.0201473	0	404	0.0712446	0	404	0.1	0	404	0.1	0	
405	-0.0579745	0	405	-0.0121847	0	405	0.0134993	0	405	0.0896215	0	405	0.0801363	0	405	0.1	0	
406	-0.0577454	0	406	-0.0107799	0	406	0.0132113	0	406	0.0930507	0	406	0.0783275	0	406	0.1	0	
407	-0.0667181	0	407	-0.0342451	0	407	0.023198	0	407	0.0590206	0	407	0.1	0	407	0.1	0	
408	-0.0577956	0	408	-0.0113377	0	408	0.0134401	0	408	0.0914859	0	408	0.0789413	0	408	0.1	0	
409	-0.0584771	0	409	-0.0105042	0	409	0.0134328	0	409	0.0945062	0	409	0.0795455	0	409	0.1	0	
410	-0.0575031	0	410	-0.0130409	0	410	0.0134268	0	410	0.0880894	0	410	0.0800448	0	410	0.1	0	
411	-0.0564798	0	411	-0.0103532	0	411	0.0128214	0	411	0.0927773	0	411	0.0752789	0	411	0.1	0	
412	-0.0578339	0	412	-0.0128435	0	412	0.0136629	0	412	0.0889881	0	412	0.0805174	0	412	0.1	0	
413	-0.0624077	0	413	-0.0206367	0	413	0.0181234	0	413	0.0808899	0	413	0.0967603	0	413	0.1	0	
414	-0.0586979	0	414	-0.0120434	0	414	0.0138508	0	414	0.0910098	0	414	0.0814224	0	414	0.1	0	
415	-0.0576458	0	415	-0.00914305	0	415	0.0128283	0	415	0.0959553	0	415	0.076485	0	415	0.1	0	
416	-0.0569523	0	416	-0.0049441	0	416	0.0118043	0	416	0.1	0	416	0.0707571	0	416	0.1	0	
417	-0.0572528	0	417	-0.0110661	0	417	0.0126576	0	417	0.0913222	0	417	0.077846	0	417	0.1	0	
418	-0.0563747	0	418	-0.00673316	0	418	0.0119357	0	418	0.0984633	0	418	0.0713906	0	418	0.1	0	
419	-0.0579581	0	419	-0.0116128	0	419	0.0137149	0	419	0.0922756	0	419	0.0795812	0	419	0.1	0	
420	-0.05666	0	420	-0.00633648	0	420	0.0118643	0	420	0.0992834	0	420	0.0716667	0	420	0.1	0	
421	-0.0581376	0	421	-0.0103726	0	421	0.0131776	0	421	0.0939014	0	421	0.0787489	0	421	0.1	0	
422	-0.0586816	0	422	-0.0089368	0	422	0.0134228	0	422	0.098177	0	422	0.0783047	0	422	0.1	0	
423	-0.0615323	0	423	-0.0241706	0	423	0.0187011	0	423	0.0748265	0	423	0.0990437	0	423	0.1	0	
424	-0.0582983	0	424	-0.0150413	0	424	0.0140849	0	424	0.0854292	0	424	0.0837407	0	424	0.1	0	
425	-0.0575802	0	425	-0.0125333	0	425	0.0133145	0	425	0.0891772	0	425	0.0798579	0	425	0.1	0	
426	-0.0593491	0	426	-0.0103081	0	426	0.014231	0	426	0.0972665	0	426	0.0810614	0	426	0.1	0	
427	-0.0649059	0	427	-0.0269906	0	427	0.020723	0	427	0.0714391	0	427	0.1	0	427	0.1	0	
428	-0.0577733	0	428	-0.0110969	0	428	0.0129679	0	428	0.0917467	0	428	0.0788826	0	428	0.1	0	
429	-0.0584519	0	429	-0.0120998	0	429	0.0138189	0	429	0.0915424	0	429	0.0810512	0	429	0.1	0	
430	-0.0581901	0	430	-0.0127779	0	430	0.0138589	0	430	0.0898592	0	430	0.0811783	0	430	0.1	0	
431	-0.0618636	0	431	-0.0208652	0	431	0.0175233	0	431	0.0789528	0	431	0.0962251	0	431	0.1	0	
432	-0.0579858	0	432	-0.0124593	0	432	0.0136119	0	432	0.0899449	0	432	0.0805023	0	432	0.1	0	
433	-0.0597689	0	433	-0.0155826	0	433	0.015757	0	433	0.0869835	0	433	0.086708	0	433	0.1	0	
434	-0.0583646	0	434	-0.0154851	0	434	0.0145329	0	434	0.0857609	0	434	0.0841875	0	434	0.1	0	
435	-0.0589803	0	435	-0.012183	0	435	0.0141072	0	435	0.0919983	0	435	0.0822258	0	435	0.1	0	
436	-0.0578616	0	436	-0.0107591	0	436	0.0132616	0	436	0.0925827	0	436	0.0784497	0	436	0.1	0	
437	-0.056933	0	437	-0.0115495	0	437	0.0126389	0	437	0.0899042	0	437	0.0776022	0	437	0.1	0	
438	-0.0580082	0	438	-0.0121591	0	438	0.0135795	0	438	0.0908159	0	438	0.0803216	0	438	0.1	0	
439	-0.0584262	0	439	-0.00508579	0	439	0.0126516	0	439	0.1	0	439	0.0740994	0	439	0.1	0	
440	-0.0581862	0	440	-0.0127195	0	440	0.0135708	0	440	0.0897462	0	440	0.0813073	0	440	0.1	0	
441	-0.0592458	0	441	-0.019337	0	441	0.0163794	0	441	0.0805359	0	441	0.0894536	0	441	0.1	0	
442	-0.0578339	0	442	-0.013161	0	442	0.0136737	0	442	0.088627	0	442	0.0809538	0	442	0.1	0	
443	-0.0577507	0	443	-0.0139318	0	443	0.0137169	0	443	0.0868822	0	443	0.0814947	0	443	0.1	0	
444	-0.0576529	0	444	-0.0111692	0	444	0.013114	0	444	0.0917182	0	444	0.0785143	0	444	0.1	0	
445	-0.0587534	0	445	-0.0134465	0	445	0.0142147	0	445	0.0890652	0	445	0.0829122	0	445	0.1	0	
446	-0.0581357	0	446	-0.0129886	0	446	0.0138459	0	446	0.0893514	0	446	0.0812669	0	446	0.1	0	
447	-0.06392	0	447	-0.0257046	0	447	0.0199078	0	447	0.0723627	0	447	0.1	0	447	0.1	0	
448	-0.0568645	0	448	-0.00822153	0	448	0.0123597	0	448	0.0965979	0	448	0.0740444	0	448	0.1	0	
449	-0.0585073	0	449	-0.0143518	0	449	0.0143461	0	449	0.0874227	0	449	0.0832432	0	449	0.1	0	
450	-0.0608839	0	450	-0.0221986	0	450	0.0178015	0	450	0.0780481	0	450	0.095854	0	450	0.1	0	
451	-0.0589224	0	451	-0.0108659	0	451	0.0136274	0	451	0.0946911	0	451	0.0810249	0	451	0.1	0	
452	-0.0562101	0	452	-0.0095473	0	452	0.0122353	0	452	0.0929718	0	452	0.0739362	0	452	0.1	0	
453	-0.0578384	0	453	-0.0118845	0	453	0.0135188	0	453	0.0911833	0	453	0.0795943	0	453	0.1	0	
454	-0.0583977	0	454	-0.0114661	0	454	0.0134537	0	454	0.0921147	0	454	0.0803401	0	454	0.1	0	
455	-0.0576886	0	455	-0.00991434	0	455	0.0130087	0	455	0.0943558	0	455	0.0772734	0	455	0.1	0	
456	-0.0586755	0	456	-0.0116779	0	456	0.0139919	0	456	0.0928654	0	456	0.0810886	0	456	0.1	0	
457	-0.0581531	0	457	-0.0105856	0	457	0.0134989	0	457	0.0940104	0	457	0.078954	0	457	0.1	0	
458	-0.0602464	0	458	-0.0198476	0	458	0.0169851	0	458	0.081412	0	458	0.0919291	0	458	0.1	0	
459	-0.0580119	0	459	-0.0121426	0	459	0.0134832	0	459	0.0906952	0	459	0.0803459	0	459	0.1	0	
460	-0.0565024	0	460	-0.00766041	0	460	0.0120564	0	460	0.0964468	0	460	0.0726041	0	460	0.1	0	
461	-0.0602016	0	461	-0.0103706	0	461	0.0143962	0	461	0.0975961	0	461	0.0827259	0	461	0.1	0	
462	-0.0646823	0	462	-0.0282418	0	462	0.0207673	0	462	0.0684749	0	462	0.1	0	462	0.1	0	
463	-0.057459	0	463	-0.00992387	0	463	0.0129403	0	463	0.0934931	0	463	0.0768683	0	463	0.1	0	
464	-0.0588837	0	464	-0.01558	0	464	0.0151819	0	464	0.0873152	0	464	0.0854089	0	464	0.1	0	
465	-0.0603805	0	465	-0.0226699	0	465	0.017845	0	465	0.076905	0	465	0.0951697	0	465	0.1	0	
466	-0.0646702	0	466	-0.0288227	0	466	0.0210643	0	466	0.0682	0	466	0.1	0	466	0.1	0	
467	-0.0570651	0	467	-0.0096121	0	467	0.0123538	0	467	0.0931162	0	467	0.0758256	0	467	0.1	0	
468	-0.057319	0	468	-0.00968407	0	468	0.0127906	0	468	0.0946796	0	468	0.0763911	0	468	0.1	0	
469	-0.0592579	0	469	-0.0137667	0	469	0.0146349	0	469	0.0895759	0	469	0.0842624	0	469	0.1	0	
470	-0.0618356	0	470	-0.0208097	0	470	0.0178791	0	470	0.0800721	0	470	0.0959142	0	470	0.1	0	
471	-0.0645604	0	471	-0.0265764	0	471	0.0203187	0	471	0.0711149	0	471	0.1	0	471	0.1	0	
472	-0.0582673	0	472	-0.0103526	0	472	0.0134053	0	472	0.0942725	0	472	0.0789676	0	472	0.1	0	
473	-0.0592321	0	473	-0.0147087	0	473	0.0150615	0	473	0.0884556	0	473	0.0850346	0	473	0.1	0	
474	-0.0588805	0	474	-0.0126961	0	474	0.0140568	0	474	0.0904005	0	474	0.0826382	0	474	0.1	0	
475	-0.0578317	0	475	-0.0102007	0	475	0.0130105	0	475	0.093608	0	475	0.0778766	0	475	0.1	0	
476	-0.0577159	0	476	-0.0139283	0	476	0.0137818	0	476	0.0870881	0	476	0.0812593	0	476	0.1	0	
477	-0.0609627	0	477	-0.0213072	0	477	0.0174174	0	477	0.0769126	0	477	0.0948899	0	477	0.1	0	
478	-0.0578743	0	478	-0.0126148	0	478	0.0136763	0	478	0.0897333	0	478	0.0805799	0	478	0.1	0	
479	-0.0602261	0	479	-0.0212807	0	479	0.0167388	0	479	0.0781278	0	479	0.0941819	0	479	0.1	0	
480	-0.058837	0	480	-0.0171114	0	480	0.0152743	0	480	0.0825568	0	480	0.0865566	0	480	0.1	0	
481	-0.0573536	0	481	-0.00712402	0	481	0.0122704	0	481	0.0988608	0	481	0.0738799	0	481	0.1	0	
482	-0.0585049	0	482	-0.0139729	0	482	0.0142753	0	482	0.088082	0	482	0.0829602	0	482	0.1	0	
483	-0.0576004	0	483	-0.00968998	0	483	0.0127608	0	483	0.0940418	0	483	0.0768247	0	483	0.1	0	
484	-0.0572498	0	484	-0.00964516	0	484	0.0126153	0	484	0.0940171	0	484	0.0762474	0	484	0.1	0	
485	-0.0597343	0	485	-0.0147165	0	485	0.0150597	0	485	0.0879219	0	485	0.0859073	0	485	0.1	0	
486	-0.0581791	0	486	-0.0130833	0	486	0.0139388	0	486	0.0888918	0	486	0.0811877	0	486	0.1	0	
487	-0.0581551	0	487	-0.0129708	0	487	0.0137555	0	487	0.0892351	0	487	0.0814166	0	487	0.1	0	
488	-0.0599918	0	488	-0.0194167	0	488	0.0165994	0	488	0.0815258	0	488	0.0913662	0	488	0.1	0	
489	-0.0581834	0	489	-0.0132672	0	489	0.0138731	0	489	0.0888538	0	489	0.0816787	0	489	0.1	0	
490	-0.0570294	0	490	-0.00988501	0	490	0.0125489	0	490	0.0933414	0	490	0.0760684	0	490	0.1	0	
491	-0.0576777	0	491	-0.0113536	0	491	0.0131751	0	491	0.0914127	0	491	0.0787824	0	491	0.1	0	
492	-0.0565546	0	492	-0.00569909	0	492	0.0114768	0	492	0.0997021	0	492	0.0707681	0	492	0.1	0	
493	-0.0584248	0	493	-0.0132725	0	493	0.0137846	0	493	0.0891754	0	493	0.0822446	0	493	0.1	0	
494	-0.0581783	0	494	-0.0113052	0	494	0.0136055	0	494	0.0927188	0	494	0.0797086	0	494	0.1	0	
495	-0.0586393	0	495	-0.0132596	0	495	0.014296	0	495	0.0894834	0	495	0.0823978	0	495	0.1	0	
496	-0.0651038	0	496	-0.0296253	0	496	0.0214461	0	496	0.066685	0	496	0.1	0	496	0.1	0	
497	-0.0574496	0	497	-0.00941628	0	497	0.0125802	0	497	0.0942091	0	497	0.0763719	0	497	0.1	0	
498	-0.0581397	0	498	-0.0121747	0	498	0.0136439	0	498	0.090547	0	498	0.0803539	0	498	0.1	0	
499	-0.0572548	0	499	-0.00830872	0	499	0.0124271	0	499	0.0968744	0	499	0.0748573	0	499	0.1	0	
500	-0.0591051	0	500	-0.0120683	0	500	0.0143307	0	500	0.0924185	0	500	0.0821136	0	500	0.1	0	
501	-0.0597497	0	501	-0.0113915	0	501	0.0143799	0	501	0.0954546	0	501	0.0831412	0	501	0.1	0	
502	-0.0582973	0	502	-0.0097352	0	502	0.0132506	0	502	0.0958739	0	502	0.0784038	0	502	0.1	0	
503	-0.0584889	0	503	-0.013236	0	503	0.0139818	0	503	0.0890054	0	503	0.0822468	0	503	0.1	0	
504	-0.0578182	0	504	-0.0118205	0	504	0.0136821	0	504	0.0917986	0	504	0.0795118	0	504	0.1	0	
505	-0.0574184	0	505	-0.00596467	0	505	0.0122255	0	505	0.1	0	505	0.0728745	0	505	0.1	0	
506	-0.0617967	0	506	-0.0202051	0	506	0.0176747	0	506	0.082052	0	506	0.0957569	0	506	0.1	0	
507	-0.0591898	0	507	-0.0153663	0	507	0.0148481	0	507	0.0857589	0	507	0.0857445	0	507	0.1	0	
508	-0.0571718	0	508	-0.00692181	0	508	0.0122399	0	508	0.099242	0	508	0.0732251	0	508	0.1	0	
509	-0.0585911	0	509	-0.0124918	0	509	0.0141068	0	509	0.0908379	0	509	0.0816055	0	509	0.1	0	
510	-0.0579296	0	510	-0.0135959	0	510	0.0136657	0	510	0.0878099	0	510	0.0815416	0	510	0.1	0	
511	-0.0631357	0	511	-0.024914	0	511	0.0192451	0	511	0.0733785	0	511	0.1	0	511	0.1	0	
512	-0.0580149	0	512	-0.00978883	0	512	0.0130889	0	512	0.0947227	0	512	0.0777735	0	512	0.1	0	
513	-0.0667092	0	513	-0.0374619	0	513	0.024194	0	513	0.0537471	0	513	0.1	0	513	0.1	0	
514	-0.0573645	0	514	-0.00924624	0	514	0.0127728	0	514	0.0949712	0	514	0.0762332	0	514	0.1	0	
515	-0.0602096	0	515	-0.0188184	0	515	0.0164489	0	515	0.0825917	0	515	0.0913231	0	515	0.1	0	
516	-0.0580002	0	516	-0.0105422	0	516	0.0132316	0	516	0.0938177	0	516	0.0787656	0	516	0.1	0	
517	-0.0614191	0	517	-0.0190144	0	517	0.0171866	0	517	0.0819658	0	517	0.0932053	0	517	0.1	0	
518	-0.0602681	0	518	-0.0141704	0	518	0.0152086	0	518	0.0896946	0	518	0.0865415	0	518	0.1	0	
519	-0.0582708	0	519	-0.0117919	0	519	0.0139125	0	519	0.0913102	0	519	0.0801167	0	519	0.1	0	
520	-0.0582528	0	520	-0.0119652	0	520	0.0134006	0	520	0.0901163	0	520	0.0805173	0	520	0.1	0	
521	-0.0581632	0	521	-0.0136187	0	521	0.0138826	0	521	0.0879105	0	521	0.0819669	0	521	0.1	0	
522	-0.0575304	0	522	-0.0123544	0	522	0.0134454	0	522	0.0898361	0	522	0.0794193	0	522	0.1	0	
523	-0.0580902	0	523	-0.0126915	0	523	0.0135354	0	523	0.0896695	0	523	0.0810389	0	523	0.1	0	
524	-0.0578257	0	524	-0.0102158	0	524	0.0131712	0	524	0.0940991	0	524	0.0779433	0	524	0.1	0	
525	-0.0589008	0	525	-0.010692	0	525	0.0138401	0	525	0.0948766	0	525	0.0803877	0	525	0.1	0	
526	-0.0575392	0	526	-0.00955451	0	526	0.0128715	0	526	0.0946086	0	526	0.0766687	0	526	0.1	0	
527	-0.0577876	0	527	-0.00998166	0	527	0.0130384	0	527	0.09451	0	527	0.0776464	0	527	0.1	0	
528	-0.0578945	0	528	-0.0142037	0	528	0.0140565	0	528	0.0869858	0	528	0.0819361	0	528	0.1	0	
529	-0.0575677	0	529	-0.00619865	0	529	0.0122786	0	529	0.1	0	529	0.0732684	0	529	0.1	0	
530	-0.0581528	0	530	-0.0122792	0	530	0.0134091	0	530	0.0904651	0	530	0.0807926	0	530	0.1	0	
531	-0.057644	0	531	-0.00913639	0	531	0.0128191	0	531	0.0956427	0	531	0.0765047	0	531	0.1	0	
532	-0.0575482	0	532	-0.0125472	0	532	0.0132966	0	532	0.0891157	0	532	0.0797535	0	532	0.1	0	
533	-0.0562521	0	533	-0.0086668	0	533	0.0123117	0	533	0.0959468	0	533	0.0732951	0	533	0.1	0	
534	-0.0587205	0	534	-0.0128736	0	534	0.0137985	0	534	0.0901424	0	534	0.082411	0	534	0.1	0	
535	-0.0581526	0	535	-0.0151039	0	535	0.0143667	0	535	0.0860575	0	535	0.0832951	0	535	0.1	0	
536	-0.058117	0	536	-0.00887964	0	536	0.0129897	0	536	0.0966317	0	536	0.0771581	0	536	0.1	0	
537	-0.0581945	0	537	-0.0130039	0	537	0.0138917	0	537	0.0893975	0	537	0.081363	0	537	0.1	0	
538	-0.0578852	0	538	-0.00984517	0	538	0.0130007	0	538	0.0948695	0	538	0.0777598	0	538	0.1	0	
539	-0.0571267	0	539	-0.00584261	0	539	0.0121133	0	539	0.1	0	539	0.0720275	0	539	0.1	0	
540	-0.0594522	0	540	-0.0133606	0	540	0.0143629	0	540	0.0899486	0	540	0.0842063	0	540	0.1	0	
541	-0.0581356	0	541	-0.0111009	0	541	0.0135603	0	541	0.0931953	0	541	0.0793366	0	541	0.1	0	
542	-0.0579153	0	542	-0.0137533	0	542	0.0136665	0	542	0.0871553	0	542	0.0817027	0	542	0.1	0	
543	-0.0580078	0	543	-0.0126142	0	543	0.0134618	0	543	0.0892453	0	543	0.0806592	0	543	0.1	0	
544	-0.0572879	0	544	-0.00848746	0	544	0.0125974	0	544	0.0962874	0	544	0.0750471	0	544	0.1	0	
545	-0.0578534	0	545	-0.0132147	0	545	0.0135213	0	545	0.0882788	0	545	0.0810213	0	545	0.1	0	
546	-0.057448	0	546	-0.0126052	0	546	0.0136519	0	546	0.0897363	0	546	0.0794948	0	546	0.1	0	
547	-0.0665759	0	547	-0.0356512	0	547	0.0236878	0	547	0.0570425	0	547	0.1	0	547	0.1	0	
548	-0.0564691	0	548	-0.0108714	0	548	0.0124853	0	548	0.0904363	0	548	0.0760391	0	548	0.1	0	
549	-0.0583595	0	549	-0.0131258	0	549	0.0144083	0	549	0.0899715	0	549	0.0815357	0	549	0.1	0	
550	-0.0591489	0	550	-0.0147779	0	550	0.0145846	0	550	0.0887326	0	550	0.085656	0	550	0.1	0	
551	-0.0583583	0	551	-0.0156409	0	551	0.0145949	0	551	0.0848211	0	551	0.0844396	0	551	0.1	0	
552	-0.0591288	0	552	-0.013401	0	552	0.0149001	0	552	0.0915997	0	552	0.083624	0	552	0.1	0	
553	-0.060532	0	553	-0.0168274	0	553	0.0163749	0	553	0.0865787	0	553	0.0897205	0	553	0.1	0	
554	-0.0587996	0	554	-0.0138971	0	554	0.0143474	0	554	0.0888841	0	554	0.0835067	0	554	0.1	0	
555	-0.0578407	0	555	-0.0137223	0	555	0.0144914	0	555	0.0894508	0	555	0.0812985	0	555	0.1	0	
556	-0.0586258	0	556	-0.0129613	0	556	0.0141346	0	556	0.0895881	0	556	0.0821778	0	556	0.1	0	
557	-0.0566565	0	557	-0.00801227	0	557	0.0121603	0	557	0.0960627	0	557	0.073313	0	557	0.1	0	
558	-0.0576604	0	558	-0.0122668	0	558	0.0134722	0	558	0.0904315	0	558	0.0796539	0	558	0.1	0	
559	-0.0582449	0	559	-0.0123698	0	559	0.0136884	0	559	0.0904041	0	559	0.0809715	0	559	0.1	0	
560	-0.0597131	0	560	-0.0152731	0	560	0.0153594	0	560	0.088245	0	560	0.0867382	0	560	0.1	0	
561	-0.0579559	0	561	-0.0130166	0	561	0.0135222	0	561	0.0884406	0	561	0.0809034	0	561	0.1	0	
562	-0.0583154	0	562	-0.00891288	0	562	0.0131337	0	562	0.097112	0	562	0.0775658	0	562	0.1	0	
563	-0.0650187	0	563	-0.0296196	0	563	0.0213771	0	563	0.0664438	0	563	0.1	0	563	0.1	0	
564	-0.0568663	0	564	-0.00196347	0	564	0.0112123	0	564	0.1	0	564	0.0675709	0	564	0.1	0	
565	-0.0562098	0	565	-0.00253773	0	565	0.0111487	0	565	0.1	0	565	0.0667849	0	565	0.1	0	
566	-0.0583631	0	566	-0.0133118	0	566	0.0141395	0	566	0.0894798	0	566	0.0820407	0	566	0.1	0	
567	-0.0600609	0	567	-0.0148316	0	567	0.015253	0	567	0.0881787	0	567	0.0865978	0	567	0.1	0	
568	-0.0574497	0	568	-0.0101177	0	568	0.0131199	0	568	0.0941421	0	568	0.0769923	0	568	0.1	0	
569	-0.0582892	0	569	-0.0113321	0	569	0.0136395	0	569	0.0926312	0	569	0.0799304	0	569	0.1	0	
570	-0.0575616	0	570	-0.0149732	0	570	0.0144235	0	570	0.0871495	0	570	0.0823517	0	570	0.1	0	
571	-0.0570191	0	571	-0.00981499	0	571	0.0124244	0	571	0.0930533	0	571	0.0760575	0	571	0.1	0	
572	-0.0633472	0	572	-0.0277192	0	572	0.0201221	0	572	0.0694212	0	572	0.1	0	572	0.1	0	
573	-0.057687	0	573	-0.0112806	0	573	0.0131489	0	573	0.0916154	0	573	0.0789181	0	573	0.1	0	
574	-0.0655508	0	574	-0.0312022	0	574	0.0221352	0	574	0.0638164	0	574	0.1	0	574	0.1	0	
575	-0.056959	0	575	-0.0101598	0	575	0.0128884	0	575	0.0932657	0	575	0.0762179	0	575	0.1	0	
576	-0.0583676	0	576	-0.0135692	0	576	0.0138648	0	576	0.0882645	0	576	0.0824288	0	576	0.1	0	
577	-0.056992	0	577	-0.00897056	0	577	0.0126205	0	577	0.0954647	0	577	0.0749599	0	577	0.1	0	
578	-0.0576744	0	578	-0.0111565	0	578	0.013183	0	578	0.0920788	0	578	0.0786554	0	578	0.1	0	
579	-0.058882	0	579	-0.0167211	0	579	0.0152237	0	579	0.083344	0	579	0.0861451	0	579	0.1	0	
580	-0.0629167	0	580	-0.0239664	0	580	0.0189725	0	580	0.0754891	0	580	0.1	0	580	0.1	0	
581	-0.0560452	0	581	-0.00646827	0	581	0.0116493	0	581	0.0989439	0	581	0.070795	0	581	0.1	0	
582	-0.059616	0	582	-0.00925239	0	582	0.013909	0	582	0.0990019	0	582	0.0805103	0	582	0.1	0	
583	-0.0582449	0	583	-0.0128074	0	583	0.0139104	0	583	0.0895662	0	583	0.0813234	0	583	0.1	0	
584	-0.05835	0	584	-0.00809134	0	584	0.013193	0	584	0.0990889	0	584	0.0766503	0	584	0.1	0	
585	-0.0580199	0	585	-0.0123924	0	585	0.0136414	0	585	0.0903319	0	585	0.0804813	0	585	0.1	0	
586	-0.0584234	0	586	-0.00977431	0	586	0.013684	0	586	0.0958477	0	586	0.0784999	0	586	0.1	0	
587	-0.0605933	0	587	-0.0171515	0	587	0.0162779	0	587	0.0864308	0	587	0.0904953	0	587	0.1	0	
588	-0.0585761	0	588	-0.0138821	0	588	0.0140414	0	588	0.0880066	0	588	0.0831025	0	588	0.1	0	
589	-0.0563858	0	589	-0.00744185	0	589	0.0117573	0	589	0.0966301	0	589	0.0723648	0	589	0.1	0	
590	-0.0582677	0	590	-0.0158177	0	590	0.0147669	0	590	0.0852712	0	590	0.0843204	0	590	0.1	0	
591	-0.0577595	0	591	-0.0189175	0	591	0.0156103	0	591	0.080581	0	591	0.0865062	0	591	0.1	0	
592	-0.0578651	0	592	-0.0125955	0	592	0.0134043	0	592	0.0895088	0	592	0.0805459	0	592	0.1	0	
593	-0.0572634	0	593	-0.012124	0	593	0.0137129	0	593	0.0908671	0	593	0.0786058	0	593	0.1	0	
594	-0.0581386	0	594	-0.010513	0	594	0.0133676	0	594	0.0943214	0	594	0.0788732	0	594	0.1	0	
595	-0.0591332	0	595	-0.0101795	0	595	0.0139849	0	595	0.0963759	0	595	0.0804268	0	595	0.1	0	
596	-0.0578449	0	596	-0.0124208	0	596	0.0137533	0	596	0.0902479	0	596	0.0800427	0	596	0.1	0	
597	-0.0586288	0	597	-0.0100015	0	597	0.013748	0	597	0.0967373	0	597	0.079351	0	597	0.1	0	
598	-0.058464	0	598	-0.0123903	0	598	0.013721	0	598	0.0903428	0	598	0.081338	0	598	0.1	0	
599	-0.0578473	0	599	-0.0100435	0	599	0.0133011	0	599	0.094964	0	599	0.0776515	0	599	0.1	0	
600	-0.0553182	0	600	-0.0044614	0	600	0.0110118	0	600	0.1	0	600	0.0670747	0	600	0.1	0	
601	-0.0600005	0	601	-0.0207226	0	601	0.016963	0	601	0.0803453	0	601	0.0928442	0	601	0.1	0	
602	-0.057615	0	602	-0.011111	0	602	0.0131082	0	602	0.0916878	0	602	0.078455	0	602	0.1	0	
603	-0.0576365	0	603	-0.00919031	0	603	0.0126884	0	603	0.0952824	0	603	0.076628	0	603	0.1	0	
604	-0.0583184	0	604	-0.0137302	0	604	0.0140064	0	604	0.0880344	0	604	0.0823322	0	604	0.1	0	
605	-0.0583512	0	605	-0.00997558	0	605	0.0136591	0	605	0.0959478	0	605	0.0784681	0	605	0.1	0	
606	-0.0574664	0	606	-0.0107357	0	606	0.0136907	0	606	0.0942572	0	606	0.0776162	0	606	0.1	0	
607	-0.0592804	0	607	-0.0116909	0	607	0.0139719	0	607	0.093285	0	607	0.0823246	0	607	0.1	0	
608	-0.0571038	0	608	-0.0122493	0	608	0.0130407	0	608	0.0890023	0	608	0.0783983	0	608	0.1	0	
609	-0.0599007	0	609	-0.0173383	0	609	0.016167	0	609	0.0854552	0	609	0.0890429	0	609	0.1	0	
610	-0.059145	0	610	-0.0164419	0	610	0.0152864	0	610	0.0850641	0	610	0.0866696	0	610	0.1	0	
611	-0.0574052	0	611	-0.0105071	0	611	0.0127813	0	611	0.0923467	0	611	0.0774594	0	611	0.1	0	
612	-0.0577302	0	612	-0.011444	0	612	0.013384	0	612	0.0920411	0	612	0.0789682	0	612	0.1	0	
613	-0.0572433	0	613	-0.0116141	0	613	0.0131581	0	613	0.0911722	0	613	0.0782062	0	613	0.1	0	
614	-0.0590584	0	614	-0.0137106	0	614	0.0143424	0	614	0.0888619	0	614	0.0838865	0	614	0.1	0	
615	-0.0585016	0	615	-0.00901627	0	615	0.0134613	0	615	0.0979114	0	615	0.0780238	0	615	0.1	0	
616	-0.0587056	0	616	-0.0116563	0	616	0.0140871	0	616	0.0928295	0	616	0.0809676	0	616	0.1	0	
617	-0.0578187	0	617	-0.0135852	0	617	0.0134625	0	617	0.0876367	0	617	0.0814096	0	617	0.1	0	
618	-0.057817	0	618	-0.0122757	0	618	0.0134399	0	618	0.0899216	0	618	0.0799665	0	618	0.1	0	
619	-0.058125	0	619	-0.0130062	0	619	0.0137081	0	619	0.0884615	0	619	0.081217	0	619	0.1	0	
620	-0.0581041	0	620	-0.0129268	0	620	0.0136462	0	620	0.0894078	0	620	0.0812097	0	620	0.1	0	
621	-0.0571936	0	621	-0.00631068	0	621	0.0121582	0	621	0.1	0	621	0.0727183	0	621	0.1	0	
622	-0.0583389	0	622	-0.0132781	0	622	0.0141134	0	622	0.0891919	0	622	0.0818528	0	622	0.1	0	
623	-0.0575589	0	623	-0.0127186	0	623	0.0136019	0	623	0.089352	0	623	0.0798358	0	623	0.1	0	
624	-0.0588556	0	624	-0.0128122	0	624	0.0143044	0	624	0.0911804	0	624	0.0824891	0	624	0.1	0	
625	-0.0579929	0	625	-0.0130559	0	625	0.013859	0	625	0.0896227	0	625	0.0811769	0	625	0.1	0	
626	-0.0587724	0	626	-0.00734762	0	626	0.0133761	0	626	0.1	0	626	0.0768328	0	626	0.1	0	
627	-0.0579349	0	627	-0.0109669	0	627	0.013477	0	627	0.0928526	0	627	0.0787696	0	627	0.1	0	
628	-0.0600356	0	628	-0.01528	0	628	0.0155446	0	628	0.0883283	0	628	0.0871879	0	628	0.1	0	
629	-0.0595574	0	629	-0.014847	0	629	0.0148392	0	629	0.0875525	0	629	0.085906	0	629	0.1	0	
630	-0.05893	0	630	-0.0122939	0	630	0.0138893	0	630	0.0910851	0	630	0.0822565	0	630	0.1	0	
631	-0.058459	0	631	-0.0150114	0	631	0.0147248	0	631	0.0866857	0	631	0.0837582	0	631	0.1	0	
632	-0.0582945	0	632	-0.0154551	0	632	0.014902	0	632	0.0863803	0	632	0.0838901	0	632	0.1	0	
633	-0.0590697	0	633	-0.0107667	0	633	0.013924	0	633	0.0953158	0	633	0.0810301	0	633	0.1	0	
634	-0.0592335	0	634	-0.0191423	0	634	0.016156	0	634	0.0812727	0	634	0.0893571	0	634	0.1	0	
635	-0.058427	0	635	-0.0118667	0	635	0.0138027	0	635	0.0914219	0	635	0.0807125	0	635	0.1	0	
636	-0.0623557	0	636	-0.0245242	0	636	0.0190195	0	636	0.0747101	0	636	0.1	0	636	0.1	0	
637	-0.0582552	0	637	-0.0142474	0	637	0.0138403	0	637	0.0865583	0	637	0.0829437	0	637	0.1	0	
638	-0.0581834	0	638	-0.0112858	0	638	0.0140397	0	638	0.0931193	0	638	0.0794454	0	638	0.1	0	
639	-0.0574132	0	639	-0.00983597	0	639	0.0127191	0	639	0.0937397	0	639	0.076779	0	639	0.1	0	
640	-0.0569547	0	640	-0.0108115	0	640	0.0128054	0	640	0.091791	0	640	0.0766924	0	640	0.1	0	
641	-0.058466	0	641	-0.0170894	0	641	0.015485	0	641	0.0843872	0	641	0.0860562	0	641	0.1	0	
642	-0.0588239	0	642	-0.0109747	0	642	0.0137655	0	642	0.0943467	0	642	0.0808697	0	642	0.1	0	
643	-0.0591962	0	643	-0.0140812	0	643	0.0147648	0	643	0.0884257	0	643	0.0842847	0	643	0.1	0	
644	-0.0577238	0	644	-0.0114244	0	644	0.0135954	0	644	0.0924084	0	644	0.0788325	0	644	0.1	0	
645	-0.0586279	0	645	-0.0108318	0	645	0.0138083	0	645	0.0946426	0	645	0.0801506	0	645	0.1	0	
646	-0.0573653	0	646	-0.0131866	0	646	0.0140296	0	646	0.089845	0	646	0.0800185	0	646	0.1	0	
647	-0.0584746	0	647	-0.010327	0	647	0.01345	0	647	0.0945495	0	647	0.0793694	0	647	0.1	0	
648	-0.0578509	0	648	-0.0130261	0	648	0.013693	0	648	0.0890674	0	648	0.0807533	0	648	0.1	0	
649	-0.0566098	0	649	-0.00662782	0	649	0.0120273	0	649	0.0992542	0	649	0.0717849	0	649	0.1	0	
650	-0.0587167	0	650	-0.00637106	0	650	0.0132342	0	650	0.1	0	650	0.0758885	0	650	0.1	0	
651	-0.0580022	0	651	-0.0125443	0	651	0.013405	0	651	0.0894378	0	651	0.0807016	0	651	0.1	0	
652	-0.0561752	0	652	-0.00554197	0	652	0.0114742	0	652	0.0997522	0	652	0.0698665	0	652	0.1	0	
653	-0.0611882	0	653	-0.0175327	0	653	0.0163129	0	653	0.084619	0	653	0.0915175	0	653	0.1	0	
654	-0.0583268	0	654	-0.0142798	0	654	0.0140562	0	654	0.086847	0	654	0.0830063	0	654	0.1	0	
655	-0.0613568	0	655	-0.0203008	0	655	0.0176365	0	655	0.0807498	0	655	0.0943086	0	655	0.1	0	
656	-0.0597304	0	656	-0.0198184	0	656	0.016602	0	656	0.0799809	0	656	0.0911958	0	656	0.1	0	
657	-0.0592604	0	657	-0.0086463	0	657	0.0138009	0	657	0.1	0	657	0.0790835	0	657	0.1	0	
658	-0.058506	0	658	-0.014498	0	658	0.0143649	0	658	0.0874375	0	658	0.0834999	0	658	0.1	0	
659	-0.0580034	0	659	-0.00805849	0	659	0.0129752	0	659	0.0983884	0	659	0.0759799	0	659	0.1	0	
660	-0.0581471	0	660	-0.0147233	0	660	0.0147164	0	660	0.0878625	0	660	0.082902	0	660	0.1	0	
661	-0.0587015	0	661	-0.0133406	0	661	0.0139253	0	661	0.0887772	0	661	0.0827909	0	661	0.1	0	
662	-0.0579674	0	662	-0.0132077	0	662	0.0138474	0	662	0.0887035	0	662	0.0810524	0	662	0.1	0	
663	-0.0577409	0	663	-0.0127352	0	663	0.0136522	0	663	0.0891102	0	663	0.080298	0	663	0.1	0	
664	-0.0577569	0	664	-0.0103126	0	664	0.0131285	0	664	0.0934433	0	664	0.077759	0	664	0.1	0	
665	-0.0595092	0	665	-0.0130814	0	665	0.0145927	0	665	0.0906947	0	665	0.0839428	0	665	0.1	0	
666	-0.0567256	0	666	-0.0112636	0	666	0.0130765	0	666	0.0906765	0	666	0.0766656	0	666	0.1	0	
667	-0.0579817	0	667	-0.0141757	0	667	0.0139673	0	667	0.0869229	0	667	0.0820176	0	667	0.1	0	
668	-0.0571136	0	668	-0.0103063	0	668	0.0128728	0	668	0.0930414	0	668	0.0765516	0	668	0.1	0	
669	-0.0579337	0	669	-0.0142412	0	669	0.0142159	0	669	0.0878718	0	669	0.0821103	0	669	0.1	0	
670	-0.0584097	0	670	-0.0129381	0	670	0.0140511	0	670	0.0899568	0	670	0.0817805	0	670	0.1	0	
671	-0.0598044	0	671	-0.0182623	0	671	0.0162845	0	671	0.0837453	0	671	0.0897636	0	671	0.1	0	
672	-0.0577474	0	672	-0.0127681	0	672	0.0134329	0	672	0.0889731	0	672	0.0804164	0	672	0.1	0	
673	-0.0613021	0	673	-0.0278787	0	673	0.0195344	0	673	0.0692926	0	673	0.1	0	673	0.1	0	
674	-0.0570908	0	674	-0.00896083	0	674	0.0122474	0	674	0.0946146	0	674	0.0754968	0	674	0.1	0	
675	-0.0582143	0	675	-0.0143047	0	675	0.0141505	0	675	0.0869226	0	675	0.0826459	0	675	0.1	0	
676	-0.0576251	0	676	-0.00821568	0	676	0.012953	0	676	0.098035	0	676	0.0752745	0	676	0.1	0	
677	-0.0587522	0	677	-0.0137687	0	677	0.0141062	0	677	0.0880448	0	677	0.0834765	0	677	0.1	0	
678	-0.0577238	0	678	-0.0118466	0	678	0.0135445	0	678	0.091516	0	678	0.0794211	0	678	0.1	0	
679	-0.0585758	0	679	-0.0114178	0	679	0.0137915	0	679	0.0931476	0	679	0.0805129	0	679	0.1	0	
680	-0.057664	0	680	-0.0122964	0	680	0.0133214	0	680	0.0895912	0	680	0.0796432	0	680	0.1	0	
681	-0.0572616	0	681	-0.00938771	0	681	0.0128375	0	681	0.0947173	0	681	0.075786	0	681	0.1	0	
682	-0.0581726	0	682	-0.0131987	0	682	0.0138878	0	682	0.0890689	0	682	0.081508	0	682	0.1	0	
683	-0.0574905	0	683	-0.0116565	0	683	0.0130171	0	683	0.0904548	0	683	0.0788938	0	683	0.1	0	
684	-0.056598	0	684	-0.00566053	0	684	0.012212	0	684	0.1	0	684	0.0707121	0	684	0.1	0	
685	-0.0595987	0	685	-0.0133454	0	685	0.0147205	0	685	0.0907663	0	685	0.0842532	0	685	0.1	0	
686	-0.0578946	0	686	-0.0117069	0	686	0.0133133	0	686	0.0910663	0	686	0.0796876	0	686	0.1	0	
687	-0.0607472	0	687	-0.0197314	0	687	0.0172273	0	687	0.0820762	0	687	0.0929637	0	687	0.1	0	
688	-0.0574977	0	688	-0.00425023	0	688	0.0121483	0	688	0.1	0	688	0.071226	0	688	0.1	0	
689	-0.0624238	0	689	-0.022715	0	689	0.0182942	0	689	0.0772723	0	689	0.099022	0	689	0.1	0	
690	-0.0576397	0	690	-0.00996871	0	690	0.0133248	0	690	0.0947319	0	690	0.077103	0	690	0.1	0	
691	-0.0581202	0	691	-0.00864323	0	691	0.012799	0	691	0.0971198	0	691	0.0769516	0	691	0.1	0	
692	-0.0616155	0	692	-0.0209925	0	692	0.0175989	0	692	0.0790156	0	692	0.0957522	0	692	0.1	0	
693	-0.0586335	0	693	-0.0133078	0	693	0.0142595	0	693	0.0891947	0	693	0.0824552	0	693	0.1	0	
694	-0.0616401	0	694	-0.0196021	0	694	0.0173149	0	694	0.0819444	0	694	0.0945044	0	694	0.1	0	
695	-0.0580949	0	695	-0.00865447	0	695	0.0128993	0	695	0.0967311	0	695	0.0767229	0	695	0.1	0	
696	-0.0588847	0	696	-0.0138377	0	696	0.0148839	0	696	0.0903279	0	696	0.083594	0	696	0.1	0	
697	-0.058412	0	697	-0.0117008	0	697	0.0137085	0	697	0.0919754	0	697	0.0806794	0	697	0.1	0	
698	-0.0590128	0	698	-0.0126913	0	698	0.0142536	0	698	0.0904176	0	698	0.0826778	0	698	0.1	0	
699	-0.0625909	0	699	-0.0215866	0	699	0.0181758	0	699	0.0779089	0	699	0.09815	0	699	0.1	0	
700	-0.0581415	0	700	-0.0100101	0	700	0.0134125	0	700	0.0951619	0	700	0.0783224	0	700	0.1	0	
701	-0.0579785	0	701	-0.0152583	0	701	0.0140148	0	701	0.0844272	0	701	0.0832212	0	701	0.1	0	
702	-0.0635756	0	702	-0.0255356	0	702	0.0197665	0	702	0.073406	0	702	0.1	0	702	0.1	0	
703	-0.0615024	0	703	-0.019494	0	703	0.0172414	0	703	0.0826266	0	703	0.0942141	0	703	0.1	0	
704	-0.057741	0	704	-0.00921937	0	704	0.0127814	0	704	0.0953479	0	704	0.076829	0	704	0.1	0	
705	-0.0598883	0	705	-0.0112408	0	705	0.0145385	0	705	0.0962042	0	705	0.0830902	0	705	0.1	0	
706	-0.0588356	0	706	-0.00983983	0	706	0.0135695	0	706	0.0962342	0	706	0.0795389	0	706	0.1	0	
707	-0.0587032	0	707	-0.00745778	0	707	0.0132997	0	707	0.1	0	707	0.0767906	0	707	0.1	0	
708	-0.0589497	0	708	-0.0159806	0	708	0.0153003	0	708	0.0863459	0	708	0.0857862	0	708	0.1	0	
709	-0.0584129	0	709	-0.0121298	0	709	0.0141436	0	709	0.0922403	0	709	0.0811762	0	709	0.1	0	
710	-0.057807	0	710	-0.0118637	0	710	0.0132929	0	710	0.0905657	0	710	0.079586	0	710	0.1	0	
711	-0.0570851	0	711	-0.00963312	0	711	0.0124969	0	711	0.0938435	0	711	0.075762	0	711	0.1	0	
712	-0.0572499	0	712	-0.00889522	0	712	0.0127163	0	712	0.0961689	0	712	0.0754376	0	712	0.1	0	
713	-0.0575573	0	713	-0.00941888	0	713	0.0126858	0	713	0.0946889	0	713	0.0766455	0	713	0.1	0	
714	-0.0585955	0	714	-0.012294	0	714	0.0140786	0	714	0.0914208	0	714	0.0813851	0	714	0.1	0	
715	-0.0665321	0	715	-0.0352427	0	715	0.0235678	0	715	0.0575561	0	715	0.1	0	715	0.1	0	
716	-0.057708	0	716	-0.0115535	0	716	0.0131374	0	716	0.0901438	0	716	0.0789665	0	716	0.1	0	
717	-0.0579669	0	717	-0.0117004	0	717	0.0133569	0	717	0.0914626	0	717	0.0797291	0	717	0.1	0	
718	-0.0587248	0	718	-0.0129674	0	718	0.014049	0	718	0.0902658	0	718	0.0824659	0	718	0.1	0	
719	-0.0574347	0	719	-0.00892764	0	719	0.0125391	0	719	0.0955185	0	719	0.0758281	0	719	0.1	0	
720	-0.0584396	0	720	-0.014807	0	720	0.0147902	0	720	0.0874991	0	720	0.083607	0	720	0.1	0	
721	-0.0590103	0	721	-0.0147265	0	721	0.0144032	0	721	0.0869909	0	721	0.0848856	0	721	0.1	0	
722	-0.062224	0	722	-0.0189563	0	722	0.0174514	0	722	0.0832143	0	722	0.0945025	0	722	0.1	0	
723	-0.0596961	0	723	-0.0102849	0	723	0.0140703	0	723	0.0968376	0	723	0.0816199	0	723	0.1	0	
724	-0.0581862	0	724	-0.0142717	0	724	0.0145732	0	724	0.0879697	0	724	0.0823878	0	724	0.1	0	
725	-0.0612556	0	725	-0.0244564	0	725	0.0186284	0	725	0.0749184	0	725	0.0990724	0	725	0.1	0	
726	-0.0602077	0	726	-0.0213514	0	726	0.0173064	0	726	0.0776333	0	726	0.0937635	0	726	0.1	0	
727	-0.0590994	0	727	-0.00531235	0	727	0.0125828	0	727	0.1	0	727	0.0758568	0	727	0.1	0	
728	-0.0655013	0	728	-0.0295463	0	728	0.0215791	0	728	0.066615	0	728	0.1	0	728	0.1	0	
729	-0.0564902	0	729	-0.00799249	0	729	0.0121306	0	729	0.0965999	0	729	0.073027	0	729	0.1	0	
730	-0.0629807	0	730	-0.0259049	0	730	0.0196955	0	730	0.0730018	0	730	0.1	0	730	0.1	0	
731	-0.0586502	0	731	-0.0153068	0	731	0.0147087	0	731	0.0870401	0	731	0.0849148	0	731	0.1	0	
