Velocities
0	0	0	0	0	0	0	0	0	0	0	0	0	0	0	0	0	0	
1	0	0	1	0	0	1	0	0	1	0	0	1	0	0	1	0	0	
2	0	0	2	0	0	2	0	0	2	0	0	2	0	0	2	0	0	
3	0	0	3	0	0	3	0	0	3	0	0	3	0	0	3	0	0	
4	0.00187077	0	4	-0.00285065	0	4	-0.000907632	0	4	-0	0	4	-0.0110343	0	4	-0.00289076	0	
5	0	0	5	0	0	5	0	0	5	0	0	5	0	0	5	0	0	
6	0	0	6	0	0	6	0	0	6	0	0	6	0	0	6	0	0	
7	0	0	7	0	0	7	0	0	7	0	0	7	0	0	7	0	0	
8	0.00271836	0	8	-0.00338164	0	8	-0.000437906	0	8	-0	0	8	-0.000519154	0	8	-0.0313367	0	
9	0.00295782	0	9	-0.0034602	0	9	-0.000261818	0	9	-0	0	9	-0.000638135	0	9	-0.0375824	0	
10	0.00294821	0	10	-0.00350124	0	10	-9.91904e-05	0	10	-0	0	10	-0.00141988	0	10	-0.0410183	0	
11	0.00267468	0	11	-0.00337199	0	11	-9.72751e-05	0	11	-0	0	11	-0.00215769	0	11	-0.0383866	0	
12	0.00255806	0	12	-0.00326588	0	12	-9.32027e-05	0	12	-0	0	12	-0.00160849	0	12	-0.0371604	0	
13	0.00244127	0	13	-0.00324317	0	13	-3.77705e-05	0	13	-0	0	13	-0.00133693	0	13	-0.0362402	0	
14	0.0023772	0	14	-0.00347578	0	14	-0.000326154	0	14	-0	0	14	-0.00585453	0	14	-0.037717	0	
15	0.00235873	0	15	-0.00381449	0	15	-0.000170792	0	15	-0	0	15	0.00021317	0	15	-0.04215	0	
16	0.00269129	0	16	-0.00426358	0	16	5.59645e-05	0	16	-0	0	16	0.00169398	0	16	-0.0483278	0	
17	0.00309329	0	17	-0.00489458	0	17	0.000121839	0	17	-0	0	17	0.00114831	0	17	-0.0578735	0	
18	0.00338568	0	18	-0.00587061	0	18	0.000229622	0	18	-0	0	18	0.00188266	0	18	-0.0714565	0	
19	0.00347754	0	19	-0.00687687	0	19	0.000259044	0	19	-0	0	19	0.00275541	0	19	-0.0839538	0	
20	0.00339764	0	20	-0.00851475	0	20	8.93049e-05	0	20	-0	0	20	0.00361627	0	20	-0.0989626	0	
21	0.00316056	0	21	-0.00945633	0	21	-7.72758e-05	0	21	-0	0	21	0.00517594	0	21	-0.1	0	
22	0.00263022	0	22	-0.00996424	0	22	-0.000163797	0	22	-0	0	22	0.00415134	0	22	-0.094476	0	
23	0.00215112	0	23	-0.00959972	0	23	-0.000557072	0	23	-0	0	23	0.0046306	0	23	-0.08811	0	
24	0.0014658	0	24	-0.00910448	0	24	-0.000781334	0	24	-0	0	24	0.00685772	0	24	-0.0806812	0	
25	0.00124075	0	25	-0.00881168	0	25	-0.00106638	0	25	-0	0	25	0.00595244	0	25	-0.0791312	0	
26	0.00159522	0	26	-0.00954238	0	26	-0.00100346	0	26	-0	0	26	0.00397063	0	26	-0.0798501	0	
27	0.00177941	0	27	-0.0104899	0	27	-0.000999953	0	27	-0	0	27	0.0024137	0	27	-0.0804459	0	
28	0.00156754	0	28	-0.0110837	0	28	-0.000836504	0	28	-0	0	28	-0.000364375	0	28	-0.0801255	0	
29	0.00182762	0	29	-0.0113801	0	29	-0.000503288	0	29	-0	0	29	0.00083707	0	29	-0.0789973	0	
30	0.00225027	0	30	-0.0112505	0	30	-0.00035629	0	30	-0	0	30	-0.000121497	0	30	-0.0755253	0	
31	0.00247453	0	31	-0.011313	0	31	-0.000188415	0	31	-0	0	31	0.000279866	0	31	-0.0762164	0	
32	0.00229371	0	32	-0.0117311	0	32	-0.000508221	0	32	-0	0	32	0.00258402	0	32	-0.0796627	0	
33	0.00247757	0	33	-0.01217	0	33	-0.000578772	0	33	-0	0	33	0.00424671	0	33	-0.0812635	0	
34	0.00236449	0	34	-0.0122542	0	34	-0.000579749	0	34	-0	0	34	0.00599769	0	34	-0.0816097	0	
35	0.00258061	0	35	-0.0115907	0	35	-0.000544235	0	35	-0	0	35	0.00500996	0	35	-0.077131	0	
36	0.00247485	0	36	-0.0110117	0	36	-0.000358349	0	36	-0	0	36	0.00450927	0	36	-0.0742823	0	
37	0.00222164	0	37	-0.0103113	0	37	-0.000228021	0	37	-0	0	37	0.00436854	0	37	-0.0712798	0	
38	0.00203505	0	38	-0.00942261	0	38	-2.9459e-05	0	38	-0	0	38	0.00255115	0	38	-0.0648605	0	
39	0.00209701	0	39	-0.00851325	0	39	4.51775e-05	0	39	-0	0	39	0.00252978	0	39	-0.0609065	0	
40	0.00189568	0	40	-0.00809093	0	40	0.000347113	0	40	-0	0	40	0.000211253	0	40	-0.0584165	0	
41	0.00151397	0	41	-0.00806123	0	41	0.000522656	0	41	-0	0	41	-0.00209794	0	41	-0.054896	0	
42	0.00172598	0	42	-0.00771232	0	42	0.000556831	0	42	-0	0	42	0.000238373	0	42	-0.0535879	0	
43	0.00172002	0	43	-0.00723025	0	43	0.00060967	0	43	-0	0	43	-6.74337e-05	0	43	-0.0491619	0	
44	0.00139442	0	44	-0.00691247	0	44	0.000521424	0	44	-0	0	44	-0.00082696	0	44	-0.0474201	0	
45	0.00167497	0	45	-0.00659911	0	45	0.000316624	0	45	-0	0	45	0.000654103	0	45	-0.0451043	0	
46	0.00150759	0	46	-0.00644998	0	46	7.93011e-05	0	46	-0	0	46	0.0014106	0	46	-0.044359	0	
47	0.000952934	0	47	-0.00603913	0	47	5.87701e-05	0	47	-0	0	47	0.00105796	0	47	-0.040001	0	
48	0.0006316	0	48	-0.00481602	0	48	-0.000854949	0	48	-0	0	48	0.0068437	0	48	-0.0346888	0	
49	0.000586184	0	49	-0.00333952	0	49	-0.00135524	0	49	-0	0	49	0.0121417	0	49	-0.0262911	0	
50	0.000348732	0	50	-0.00235078	0	50	-0.00202513	0	50	-0	0	50	0.0203353	0	50	-0.0215721	0	
51	0.000316744	0	51	-0.00229945	0	51	-0.00259419	0	51	-0	0	51	0.0292246	0	51	-0.020558	0	
52	0.000337933	0	52	-0.00229923	0	52	-0.00242181	0	52	-0	0	52	0.0296945	0	52	-0.0198106	0	
53	0.000360126	0	53	-0.00211829	0	53	-0.00182478	0	53	-0	0	53	0.0214638	0	53	-0.0176983	0	
54	0.00027897	0	54	-0.00175376	0	54	-0.00139675	0	54	-0	0	54	0.009895	0	54	-0.0150021	0	
55	0.000638793	0	55	-0.0015486	0	55	0.000422891	0	55	-0	0	55	-0.00688838	0	55	-0.0111136	0	
56	0.0007929	0	56	-0.00144465	0	56	0.000983108	0	56	-0	0	56	-0.0126894	0	56	-0.0086198	0	
57	0.000483583	0	57	-0.00131919	0	57	0.000345134	0	57	-0	0	57	-0.00462733	0	57	-0.00875645	0	
58	0.000316721	0	58	-0.000679723	0	58	2.51965e-05	0	58	-0	0	58	-0.000578298	0	58	-0.00626437	0	
59	0.000224189	0	59	-0.000474653	0	59	-0.000151282	0	59	-0	0	59	-0.0016013	0	59	-0.00447271	0	
60	0.000150022	0	60	-0.000228907	0	60	-0.000155793	0	60	-0	0	60	-0.00127558	0	60	-0.00266516	0	
61	6.77323e-05	0	61	-4.99689e-05	0	61	-9.24016e-05	0	61	-0	0	61	-0.000585632	0	61	-0.00189233	0	
62	3.2012e-05	0	62	9.21684e-05	0	62	-1.9428e-05	0	62	-0	0	62	9.46548e-05	0	62	-0.00109378	0	
63	1.22001e-05	0	63	0.000142776	0	63	3.90546e-06	0	63	-0	0	63	0.000210852	0	63	-0.000732885	0	
64	1.88523e-05	0	64	0.0002174	0	64	2.50859e-05	0	64	-0	0	64	0.000270262	0	64	-0.000434413	0	
65	-8.40842e-06	0	65	0.000269007	0	65	6.34208e-05	0	65	-0	0	65	0.000546514	0	65	0.000138981	0	
66	-3.87552e-05	0	66	0.000381293	0	66	6.15763e-05	0	66	-0	0	66	-0.000153097	0	66	0.000976225	0	
67	-7.80819e-05	0	67	0.000580196	0	67	4.48021e-05	0	67	-0	0	67	-0.000474774	0	67	0.00226644	0	
68	-0.000321924	0	68	0.0012928	0	68	4.57896e-05	0	68	-0	0	68	-0.000241074	0	68	0.00714282	0	
69	-0.000575331	0	69	0.00211122	0	69	6.56465e-05	0	69	-0	0	69	0.000514859	0	69	0.0137806	0	
70	-0.00105104	0	70	0.00357828	0	70	3.30532e-05	0	70	-0	0	70	0.00142141	0	70	0.0242974	0	
71	-0.00178488	0	71	0.00568218	0	71	2.03227e-05	0	71	-0	0	71	0.00173826	0	71	0.0394333	0	
72	-0.00261377	0	72	0.00846881	0	72	7.91498e-05	0	72	-0	0	72	0.000944435	0	72	0.0602327	0	
73	-0.00323074	0	73	0.0104729	0	73	7.0647e-05	0	73	-0	0	73	-1.46697e-05	0	73	0.0761039	0	
74	-0.00362455	0	74	0.0116745	0	74	-2.64255e-05	0	74	-0	0	74	-0.000129541	0	74	0.0836554	0	
75	-0.00357044	0	75	0.0115898	0	75	-0.000238263	0	75	-0	0	75	-0.00076325	0	75	0.0876952	0	
76	-0.00333663	0	76	0.010902	0	76	-5.04235e-05	0	76	-0	0	76	-0.00077156	0	76	0.0899727	0	
77	-0.00323013	0	77	0.0104087	0	77	-0.000194966	0	77	-0	0	77	-0.001353	0	77	0.0897981	0	
78	-0.00315718	0	78	0.0100312	0	78	-0.000113073	0	78	-0	0	78	-0.00114229	0	78	0.0894489	0	
79	-0.00311008	0	79	0.00998361	0	79	-0.00017837	0	79	-0	0	79	-0.00350782	0	79	0.0865889	0	
80	-0.00277696	0	80	0.00957246	0	80	-0.000235785	0	80	-0	0	80	-0.00135457	0	80	0.0868409	0	
81	-0.00262093	0	81	0.00890267	0	81	-0.000182058	0	81	-0	0	81	-0.00238822	0	81	0.0851354	0	
82	-0.00249287	0	82	0.00882949	0	82	-0.000338814	0	82	-0	0	82	-0.0020684	0	82	0.0850298	0	
83	-0.0025446	0	83	0.00851398	0	83	-0.000491108	0	83	-0	0	83	-0.00543031	0	83	0.085002	0	
84	-0.00252611	0	84	0.00839233	0	84	-0.000874152	0	84	-0	0	84	-0.0111392	0	84	0.0861999	0	
85	-0.00248544	0	85	0.00890923	0	85	-0.000439781	0	85	-0	0	85	-0.00128705	0	85	0.0863988	0	
86	-0.00253618	0	86	0.0088781	0	86	-0.000428471	0	86	-0	0	86	-0.00115848	0	86	0.0858243	0	
87	-0.0023202	0	87	0.00842689	0	87	-0.000283556	0	87	-0	0	87	0.000890841	0	87	0.0809132	0	
88	-0.00206772	0	88	0.00796335	0	88	-0.000311453	0	88	-0	0	88	-0.000730134	0	88	0.0764481	0	
89	-0.00192318	0	89	0.00760363	0	89	-0.000305081	0	89	-0	0	89	0.000163082	0	89	0.0715198	0	
90	-0.00185768	0	90	0.00740124	0	90	-0.000422916	0	90	-0	0	90	-0.000623261	0	90	0.0675098	0	
91	-0.00173227	0	91	0.00708739	0	91	-0.000322122	0	91	-0	0	91	-0.00137092	0	91	0.0657587	0	
92	-0.00163594	0	92	0.00699038	0	92	-0.000252963	0	92	-0	0	92	0.00124221	0	92	0.0625698	0	
93	-0.00158598	0	93	0.00688538	0	93	-0.000274805	0	93	-0	0	93	0.000984253	0	93	0.0598002	0	
94	-0.00150167	0	94	0.00657202	0	94	-0.000223915	0	94	-0	0	94	0.00083587	0	94	0.0568517	0	
95	-0.00133937	0	95	0.00619183	0	95	-0.000384998	0	95	-0	0	95	-0.0020293	0	95	0.053722	0	
96	-0.00124083	0	96	0.00543278	0	96	-0.000609476	0	96	-0	0	96	-0.00773178	0	96	0.04979	0	
97	-0.00107859	0	97	0.00537855	0	97	-0.000128797	0	97	-0	0	97	0.000600409	0	97	0.0464705	0	
98	-0.000938437	0	98	0.00499106	0	98	-9.03369e-07	0	98	-0	0	98	0.00222534	0	98	0.0429181	0	
99	-0.000832022	0	99	0.00438782	0	99	-2.62961e-05	0	99	-0	0	99	3.76485e-05	0	99	0.039438	0	
100	-0.000433973	0	100	0.00426157	0	100	0.00021927	0	100	-0	0	100	-0.000776584	0	100	0.0359022	0	
101	0.000113672	0	101	0.00383027	0	101	0.000379094	0	101	-0	0	101	-0.0067241	0	101	0.0327684	0	
102	0.000980402	0	102	0.00340743	0	102	0.000603541	0	102	-0	0	102	-0.0114938	0	102	0.0298586	0	
103	0.00217134	0	103	0.00316817	0	103	0.000821185	0	103	-0	0	103	-0.0173472	0	103	0.0256805	0	
104	0.00344705	0	104	0.0034066	0	104	0.00166156	0	104	-0	0	104	-0.00983182	0	104	0.0237273	0	
105	0.00461651	0	105	0.00299419	0	105	0.0015859	0	105	-0	0	105	-0.0213135	0	105	0.0211818	0	
106	0.00586228	0	106	0.003377	0	106	0.00266965	0	106	-0	0	106	-0.011315	0	106	0.0198562	0	
107	0.00684259	0	107	0.00284713	0	107	0.0023902	0	107	-0	0	107	-0.0198825	0	107	0.0173012	0	
108	0.0074403	0	108	0.00247485	0	108	0.0023747	0	108	-0	0	108	-0.0200639	0	108	0.0144775	0	
109	0.00780532	0	109	0.00227989	0	109	0.00248274	0	109	-0	0	109	-0.0174038	0	109	0.012981	0	
110	0.00834885	0	110	0.0022067	0	110	0.0027851	0	110	-0	0	110	-0.0140443	0	110	0.0115983	0	
111	0.00912829	0	111	0.00212751	0	111	0.00276726	0	111	-0	0	111	-0.0189266	0	111	0.0102559	0	
112	0.0100246	0	112	0.00253586	0	112	0.00336105	0	112	-0	0	112	-0.0108757	0	112	0.00848572	0	
113	0.0109713	0	113	0.002798	0	113	0.00374605	0	113	-0	0	113	-0.00656451	0	113	0.00805487	0	
114	0.0119012	0	114	0.00285778	0	114	0.0039896	0	114	-0	0	114	-0.00880732	0	114	0.00756458	0	
115	0.0126284	0	115	0.00328715	0	115	0.00422	0	115	-0	0	115	-0.00799393	0	115	0.00828602	0	
116	0	0	116	0	0	116	0	0	116	0	0	116	0	0	116	0	0	
117	0.0141243	0	117	0.00347003	0	117	0.00429392	0	117	-0	0	117	-0.0124666	0	117	0.00903691	0	
118	0.0147194	0	118	0.0038006	0	118	0.00473575	0	118	-0	0	118	-0.00835877	0	118	0.00763713	0	
119	0	0	119	0	0	119	0	0	119	0	0	119	0	0	119	0	0	
120	0	0	120	0	0	120	0	0	120	0	0	120	0	0	120	0	0	
121	0.016018	0	121	0.00359572	0	121	0.00490464	0	121	-0	0	121	-0.00754415	0	121	0.00594513	0	
122	0	0	122	0	0	122	0	0	122	0	0	122	0	0	122	0	0	
123	0	0	123	0	0	123	0	0	123	0	0	123	0	0	123	0	0	
124	0	0	124	0	0	124	0	0	124	0	0	124	0	0	124	0	0	
125	0.0188734	0	125	0.00384083	0	125	0.00531618	0	125	-0	0	125	-0.0169947	0	125	0.00599344	0	
126	0.0185323	0	126	0.00359501	0	126	0.00532302	0	126	-0	0	126	-0.0131165	0	126	0.00680707	0	
127	0	0	127	0	0	127	0	0	127	0	0	127	0	0	127	0	0	
128	0	0	128	0	0	128	0	0	128	0	0	128	0	0	128	0	0	
129	0	0	129	0	0	129	0	0	129	0	0	129	0	0	129	0	0	
130	0	0	130	0	0	130	0	0	130	0	0	130	0	0	130	0	0	
131	0	0	131	0	0	131	0	0	131	0	0	131	0	0	131	0	0	
132	0	0	132	0	0	132	0	0	132	0	0	132	0	0	132	0	0	
133	0	0	133	0	0	133	0	0	133	0	0	133	0	0	133	0	0	
134	0	0	134	0	0	134	0	0	134	0	0	134	0	0	134	0	0	
135	0	0	135	0	0	135	0	0	135	0	0	135	0	0	135	0	0	
136	0	0	136	0	0	136	0	0	136	0	0	136	0	0	136	0	0	
137	0	0	137	0	0	137	0	0	137	0	0	137	0	0	137	0	0	
138	0	0	138	0	0	138	0	0	138	0	0	138	0	0	138	0	0	
139	0	0	139	0	0	139	0	0	139	0	0	139	0	0	139	0	0	
140	0	0	140	0	0	140	0	0	140	0	0	140	0	0	140	0	0	
141	0	0	141	0	0	141	0	0	141	0	0	141	0	0	141	0	0	
142	0	0	142	0	0	142	0	0	142	0	0	142	0	0	142	0	0	
143	0	0	143	0	0	143	0	0	143	0	0	143	0	0	143	0	0	
144	0	0	144	0	0	144	0	0	144	0	0	144	0	0	144	0	0	
145	0	0	145	0	0	145	0	0	145	0	0	145	0	0	145	0	0	
146	0	0	146	0	0	146	0	0	146	0	0	146	0	0	146	0	0	
147	0	0	147	0	0	147	0	0	147	0	0	147	0	0	147	0	0	
148	0	0	148	0	0	148	0	0	148	0	0	148	0	0	148	0	0	
149	0	0	149	0	0	149	0	0	149	0	0	149	0	0	149	0	0	
150	0	0	150	0	0	150	0	0	150	0	0	150	0	0	150	0	0	
151	0	0	151	0	0	151	0	0	151	0	0	151	0	0	151	0	0	
152	0	0	152	0	0	152	0	0	152	0	0	152	0	0	152	0	0	
153	0	0	153	0	0	153	0	0	153	0	0	153	0	0	153	0	0	
154	0	0	154	0	0	154	0	0	154	0	0	154	0	0	154	0	0	
155	0	0	155	0	0	155	0	0	155	0	0	155	0	0	155	0	0	
156	0	0	156	0	0	156	0	0	156	0	0	156	0	0	156	0	0	
157	0	0	157	0	0	157	0	0	157	0	0	157	0	0	157	0	0	
158	0	0	158	0	0	158	0	0	158	0	0	158	0	0	158	0	0	
159	-0.00549881	0	159	0.00270757	0	159	-0.00192832	0	159	-0	0	159	0.0137929	0	159	0.00205675	0	
160	0	0	160	0	0	160	0	0	160	0	0	160	0	0	160	0	0	
161	-0.00819122	0	161	0.0021948	0	161	-0.0024656	0	161	-0	0	161	0.0154205	0	161	-7.35165e-05	0	
162	0	0	162	0	0	162	0	0	162	0	0	162	0	0	162	0	0	
163	0	0	163	0	0	163	0	0	163	0	0	163	0	0	163	0	0	
164	-0.00990677	0	164	0.00272902	0	164	-0.00261141	0	164	-0	0	164	0.0162117	0	164	0.00380009	0	
165	0	0	165	0	0	165	0	0	165	0	0	165	0	0	165	0	0	
166	-0.00942645	0	166	0.00274267	0	166	-0.00257408	0	166	-0	0	166	0.0208478	0	166	0.00431827	0	
167	-0.00934066	0	167	0.00267512	0	167	-0.00262456	0	167	-0	0	167	0.0197982	0	167	0.00404942	0	
168	-0.00902132	0	168	0.00227283	0	168	-0.00285419	0	168	-0	0	168	0.0135299	0	168	0.00389139	0	
169	0	0	169	0	0	169	0	0	169	0	0	169	0	0	169	0	0	
170	0	0	170	0	0	170	0	0	170	0	0	170	0	0	170	0	0	
171	0	0	171	0	0	171	0	0	171	0	0	171	0	0	171	0	0	
172	-0.00844123	0	172	0.00262764	0	172	-0.002743	0	172	-0	0	172	0.0167403	0	172	0.003865	0	
173	0	0	173	0	0	173	0	0	173	0	0	173	0	0	173	0	0	
174	0	0	174	0	0	174	0	0	174	0	0	174	0	0	174	0	0	
175	0	0	175	0	0	175	0	0	175	0	0	175	0	0	175	0	0	
176	0	0	176	0	0	176	0	0	176	0	0	176	0	0	176	0	0	
177	-0.0080178	0	177	0.0024472	0	177	-0.00275443	0	177	-0	0	177	0.0249699	0	177	0.00459719	0	
178	-0.00779317	0	178	0.00235913	0	178	-0.00330627	0	178	-0	0	178	0.0162227	0	178	0.00523257	0	
179	0	0	179	0	0	179	0	0	179	0	0	179	0	0	179	0	0	
180	-0.00721674	0	180	0.00272724	0	180	-0.00250785	0	180	-0	0	180	0.0251373	0	180	0.0056635	0	
181	-0.00700269	0	181	0.00244173	0	181	-0.00254714	0	181	-0	0	181	0.0237133	0	181	0.00529551	0	
182	-0.00672658	0	182	0.00211126	0	182	-0.00258628	0	182	-0	0	182	0.0182063	0	182	0.00583725	0	
183	-0.00645728	0	183	0.00216845	0	183	-0.00244859	0	183	-0	0	183	0.02326	0	183	0.00682333	0	
184	-0.00612475	0	184	0.00187459	0	184	-0.00256447	0	184	-0	0	184	0.0233972	0	184	0.00566241	0	
185	-0.0058835	0	185	0.00197121	0	185	-0.00292261	0	185	-0	0	185	0.0166318	0	185	0.00716122	0	
186	-0.00575075	0	186	0.00249178	0	186	-0.00282052	0	186	-0	0	186	0.0281836	0	186	0.010088	0	
187	-0.00552074	0	187	0.00277802	0	187	-0.0029325	0	187	-0	0	187	0.028098	0	187	0.0119181	0	
188	-0.00517165	0	188	0.00304164	0	188	-0.00251174	0	188	-0	0	188	0.0252499	0	188	0.0126678	0	
189	-0.00500672	0	189	0.00282633	0	189	-0.00254957	0	189	-0	0	189	0.021522	0	189	0.00979898	0	
190	-0.00449434	0	190	0.00228821	0	190	-0.00224077	0	190	-0	0	190	0.0191809	0	190	0.00709515	0	
191	-0.004223	0	191	0.00136482	0	191	-0.00197405	0	191	-0	0	191	0.0204785	0	191	0.00438168	0	
192	-0.00402837	0	192	0.000742482	0	192	-0.00251367	0	192	-0	0	192	0.00934875	0	192	0.00124494	0	
193	0	0	193	0	0	193	0	0	193	0	0	193	0	0	193	0	0	
194	0	0	194	0	0	194	0	0	194	0	0	194	0	0	194	0	0	
195	0	0	195	0	0	195	0	0	195	0	0	195	0	0	195	0	0	
196	0	0	196	0	0	196	0	0	196	0	0	196	0	0	196	0	0	
197	0	0	197	0	0	197	0	0	197	0	0	197	0	0	197	0	0	
198	-0.00385503	0	198	0.00178683	0	198	-0.00191847	0	198	-0	0	198	0.0182771	0	198	0.00709411	0	
199	-0.00372867	0	199	0.00172571	0	199	-0.00182957	0	199	-0	0	199	0.0172352	0	199	0.00652753	0	
200	-0.00344374	0	200	0.0015215	0	200	-0.0017118	0	200	-0	0	200	0.015734	0	200	0.00579027	0	
201	0	0	201	0	0	201	0	0	201	0	0	201	0	0	201	0	0	
202	0	0	202	0	0	202	0	0	202	0	0	202	0	0	202	0	0	
203	-0.00834636	0	203	0.0013066	0	203	-0.00214204	0	203	-0	0	203	0.0221949	0	203	0.00542872	0	
204	-0.0094518	0	204	0.000874159	0	204	-0.00237317	0	204	-0	0	204	0.0218307	0	204	0.00232001	0	
205	-0.0109538	0	205	0.000591441	0	205	-0.00263909	0	205	-0	0	205	0.0217416	0	205	0.00299847	0	
206	-0.0120746	0	206	0.000719097	0	206	-0.00247136	0	206	-0	0	206	0.0287908	0	206	0.00447675	0	
207	-0.0130687	0	207	0.000562479	0	207	-0.0026832	0	207	-0	0	207	0.0310708	0	207	0.00407496	0	
208	-0.0142493	0	208	0.000539163	0	208	-0.00290541	0	208	-0	0	208	0.032033	0	208	0.00392512	0	
209	-0.0155835	0	209	0.000537687	0	209	-0.00315079	0	209	-0	0	209	0.0320983	0	209	0.00370652	0	
210	-0.0167903	0	210	0.000474678	0	210	-0.00333401	0	210	-0	0	210	0.0350616	0	210	0.00448263	0	
211	-0.017688	0	211	0.000519186	0	211	-0.00319882	0	211	-0	0	211	0.0363194	0	211	0.00416855	0	
212	-0.0160509	0	212	0.00047957	0	212	-0.00278771	0	212	-0	0	212	0.0314653	0	212	0.00390633	0	
213	-0.0152204	0	213	0.000485436	0	213	-0.00276445	0	213	-0	0	213	0.0296534	0	213	0.00367515	0	
214	-0.0148834	0	214	0.000617389	0	214	-0.00273055	0	214	-0	0	214	0.0245256	0	214	0.00312117	0	
215	-0.01429	0	215	0.000370205	0	215	-0.00255375	0	215	-0	0	215	0.0205376	0	215	0.00191678	0	
216	-0.0134257	0	216	0.000102202	0	216	-0.00237971	0	216	-0	0	216	0.0162591	0	216	0.000891252	0	
217	0	0	217	0	0	217	0	0	217	0	0	217	0	0	217	0	0	
218	0	0	218	0	0	218	0	0	218	0	0	218	0	0	218	0	0	
219	0	0	219	0	0	219	0	0	219	0	0	219	0	0	219	0	0	
220	0	0	220	0	0	220	0	0	220	0	0	220	0	0	220	0	0	
221	0	0	221	0	0	221	0	0	221	0	0	221	0	0	221	0	0	
222	0	0	222	0	0	222	0	0	222	0	0	222	0	0	222	0	0	
223	0	0	223	0	0	223	0	0	223	0	0	223	0	0	223	0	0	
224	0	0	224	0	0	224	0	0	224	0	0	224	0	0	224	0	0	
225	-0.0121873	0	225	-0.00131481	0	225	-0.00241471	0	225	-0	0	225	-0.00138968	0	225	-0.0100781	0	
226	-0.0116423	0	226	-0.00125267	0	226	-0.00247437	0	226	-0	0	226	-0.00407693	0	226	-0.00986717	0	
227	-0.0115584	0	227	-0.00185717	0	227	-0.00174587	0	227	-0	0	227	-0.0103158	0	227	-0.00915482	0	
228	-0.0103893	0	228	-0.00187488	0	228	-4.12255e-07	0	228	-0	0	228	-0.0241337	0	228	-0.00910048	0	
229	-0.00994735	0	229	-0.00143667	0	229	0.000973631	0	229	-0	0	229	-0.0340689	0	229	-0.00507078	0	
230	-0.00911876	0	230	-0.00128048	0	230	-0.000785952	0	230	-0	0	230	-0.0193028	0	230	-0.00761826	0	
231	-0.00870789	0	231	-0.00322996	0	231	-0.00204808	0	231	-0	0	231	-0.00394165	0	231	-0.0283143	0	
232	-0.00762086	0	232	-0.00475333	0	232	-0.00223281	0	232	-0	0	232	-0.0010802	0	232	-0.0354655	0	
233	-0.00717112	0	233	-0.00569652	0	233	-0.00199304	0	233	-0	0	233	-0.00206934	0	233	-0.0354025	0	
234	-0.00699142	0	234	-0.00599216	0	234	-0.000892618	0	234	-0	0	234	-0.00848523	0	234	-0.0341689	0	
235	-0.00620135	0	235	-0.00566411	0	235	0.000453996	0	235	-0	0	235	-0.0189937	0	235	-0.0298466	0	
236	-0.00604708	0	236	-0.00517192	0	236	0.00066842	0	236	-0	0	236	-0.0177912	0	236	-0.0268339	0	
237	-0.00572562	0	237	-0.00461851	0	237	-0.00038061	0	237	-0	0	237	-0.0113882	0	237	-0.0252025	0	
238	-0.00559841	0	238	-0.00347212	0	238	0.000194752	0	238	-0	0	238	-0.0136794	0	238	-0.0202123	0	
239	-0.00583866	0	239	-0.00150161	0	239	-0.000140745	0	239	-0	0	239	-0.00865733	0	239	-0.00697997	0	
240	-0.00680612	0	240	0.00346057	0	240	-0.00136212	0	240	-0	0	240	-0.000455282	0	240	0.0296937	0	
241	-0.0063154	0	241	0.00639127	0	241	-0.000203807	0	241	-0	0	241	-0.00122329	0	241	0.0345133	0	
242	-0.0051894	0	242	0.00254198	0	242	-8.62915e-05	0	242	-0	0	242	0.00147005	0	242	-0.0141133	0	
243	-0.00451587	0	243	0.000833289	0	243	-0.000643544	0	243	-0	0	243	0.00280692	0	243	-0.0142168	0	
244	0	0	244	0	0	244	0	0	244	0	0	244	0	0	244	0	0	
245	-0.00449196	0	245	0.00197523	0	245	-0.000665481	0	245	-0	0	245	0.000457332	0	245	0.00566175	0	
246	0	0	246	0	0	246	0	0	246	0	0	246	0	0	246	0	0	
247	-0.00341332	0	247	-0.00173119	0	247	-0.000399513	0	247	-0	0	247	-0.00046818	0	247	-0.0234693	0	
248	-0.00402918	0	248	0.00137261	0	248	-0.00046528	0	248	-0	0	248	-0.00496128	0	248	0.0163822	0	
249	-0.00459556	0	249	0.0034795	0	249	-0.000778772	0	249	-0	0	249	-0.00781155	0	249	0.0336816	0	
250	-0.00378319	0	250	0.00153997	0	250	-0.00041026	0	250	-0	0	250	-0.00395812	0	250	0.00860856	0	
251	-0.00248872	0	251	-0.00261906	0	251	-0.000332506	0	251	-0	0	251	-0.00211716	0	251	-0.0276017	0	
252	-0.00238399	0	252	-0.00419614	0	252	-0.000438399	0	252	-0	0	252	-0.00277924	0	252	-0.0248064	0	
253	-0.00306013	0	253	-0.000946984	0	253	-0.000655757	0	253	-0	0	253	-0.00353146	0	253	0.00772725	0	
254	-0.00353441	0	254	0.00209992	0	254	-0.000535709	0	254	-0	0	254	-0.00535619	0	254	0.0226124	0	
255	-0.00301801	0	255	0.000830454	0	255	-0.000324284	0	255	-0	0	255	-0.00286149	0	255	0.00249224	0	
256	-0.00230147	0	256	-0.00176679	0	256	-0.000183875	0	256	-0	0	256	-0.00259176	0	256	-0.0167038	0	
257	-0.00225971	0	257	-0.00149515	0	257	-0.00033413	0	257	-0	0	257	-0.00312812	0	257	-0.00666898	0	
258	-0.00283071	0	258	0.00131418	0	258	-0.000494615	0	258	-0	0	258	-0.00282662	0	258	0.0174173	0	
259	-0.00283417	0	259	0.0020035	0	259	-0.000301582	0	259	-0	0	259	-0.0028482	0	259	0.0151359	0	
260	-0.00204234	0	260	-0.000116128	0	260	-0.000163452	0	260	-0	0	260	-0.00179775	0	260	-0.00622919	0	
261	0	0	261	0	0	261	0	0	261	0	0	261	0	0	261	0	0	
262	-0.00186763	0	262	-0.00178554	0	262	-0.000298513	0	262	-0	0	262	-0.00219843	0	262	-0.00521426	0	
263	-0.00260434	0	263	0.00139077	0	263	-0.000447822	0	263	-0	0	263	-0.00275339	0	263	0.0200704	0	
264	-0.00297944	0	264	0.00349143	0	264	-0.000351407	0	264	-0	0	264	-0.00456329	0	264	0.030356	0	
265	-0.00232108	0	265	0.00211675	0	265	-0.000200995	0	265	-0	0	265	-0.00195129	0	265	0.0136398	0	
266	-0.00126555	0	266	-0.00184091	0	266	-0.000119927	0	266	-0	0	266	-0.000308682	0	266	-0.0159493	0	
267	-0.000493563	0	267	-0.00585367	0	267	-0.000142858	0	267	-0	0	267	-0.000989186	0	267	-0.0376944	0	
268	-0.000525412	0	268	-0.00606945	0	268	-0.000203887	0	268	-0	0	268	-0.00140415	0	268	-0.0306135	0	
269	-0.000805765	0	269	-0.00364216	0	269	-0.000245311	0	269	-0	0	269	-0.00134623	0	269	-0.0127823	0	
270	-0.0015295	0	270	-0.000359915	0	270	-0.000244892	0	270	-0	0	270	-0.000983515	0	270	0.00623286	0	
271	-0.00191682	0	271	0.00194984	0	271	-0.000118337	0	271	-0	0	271	-0.00128483	0	271	0.0205209	0	
272	-0.00193316	0	272	0.00290405	0	272	3.04298e-05	0	272	-0	0	272	-0.00115982	0	272	0.0218938	0	
273	-0.0015925	0	273	0.0023888	0	273	-6.9221e-05	0	273	-0	0	273	-0.0022664	0	273	0.0158802	0	
274	-0.00141154	0	274	0.00144662	0	274	2.09393e-05	0	274	-0	0	274	-0.00137778	0	274	0.0126148	0	
275	-0.00135872	0	275	0.00101247	0	275	1.22666e-05	0	275	-0	0	275	-0.00112224	0	275	0.0116332	0	
276	-0.00141416	0	276	0.00120687	0	276	-3.4937e-05	0	276	-0	0	276	-0.00046316	0	276	0.0121193	0	
277	-0.00143005	0	277	0.00141399	0	277	6.48748e-05	0	277	-0	0	277	-0.00132953	0	277	0.0110204	0	
278	-0.00127282	0	278	0.00147206	0	278	0.000172073	0	278	-0	0	278	-0.00315453	0	278	0.0101282	0	
279	-0.00108475	0	279	0.00120131	0	279	0.000361118	0	279	-0	0	279	-0.00701199	0	279	0.00776809	0	
280	-0.00104476	0	280	0.000751633	0	280	0.000256177	0	280	-0	0	280	-0.00232813	0	280	0.00551782	0	
281	0	0	281	0	0	281	0	0	281	0	0	281	0	0	281	0	0	
282	-0.00133192	0	282	0.00152764	0	282	8.45525e-05	0	282	-0	0	282	-0.00221185	0	282	0.0197883	0	
283	-0.00181275	0	283	0.00376494	0	283	1.96979e-06	0	283	-0	0	283	-0.00613902	0	283	0.032666	0	
284	-0.000850724	0	284	0.00161284	0	284	0.000355347	0	284	-0	0	284	-0.00374075	0	284	0.0083032	0	
285	0	0	285	0	0	285	0	0	285	0	0	285	0	0	285	0	0	
286	0.00113071	0	286	-0.005601	0	286	0.000611129	0	286	-0	0	286	-0.000111797	0	286	-0.0580456	0	
287	0.0013182	0	287	-0.00743651	0	287	0.00064265	0	287	-0	0	287	0.00038473	0	287	-0.0693875	0	
288	0.00117843	0	288	-0.00593609	0	288	0.000455516	0	288	-0	0	288	0.00113672	0	288	-0.0606172	0	
289	0.000795508	0	289	-0.00399156	0	289	0.00040108	0	289	-0	0	289	0.000859498	0	289	-0.0415552	0	
290	0.000217688	0	290	-0.00066692	0	290	0.000467048	0	290	-0	0	290	0.000816291	0	290	-0.0130059	0	
291	-0.00062611	0	291	0.00293526	0	291	0.000398446	0	291	-0	0	291	-0.000353509	0	291	0.0203556	0	
292	-0.0016164	0	292	0.00574053	0	292	0.000376698	0	292	-0	0	292	-0.00430623	0	292	0.0438146	0	
293	-0.00181109	0	293	0.00628011	0	293	0.000179577	0	293	-0	0	293	-0.00651086	0	293	0.0516385	0	
294	-0.00177871	0	294	0.00635753	0	294	0.000206813	0	294	-0	0	294	-0.00311585	0	294	0.0448771	0	
295	-0.00150678	0	295	0.00540763	0	295	8.23279e-05	0	295	-0	0	295	-0.00355686	0	295	0.0419638	0	
296	-0.00123632	0	296	0.00455572	0	296	0.000212528	0	296	-0	0	296	-0.00131834	0	296	0.0327269	0	
297	-0.000699469	0	297	0.00313318	0	297	0.000251803	0	297	-0	0	297	-0.000727597	0	297	0.0219611	0	
298	-0.000228002	0	298	0.00171058	0	298	0.00030978	0	298	-0	0	298	0.00226752	0	298	0.0083758	0	
299	0	0	299	0	0	299	0	0	299	0	0	299	0	0	299	0	0	
300	0	0	300	0	0	300	0	0	300	0	0	300	0	0	300	0	0	
301	0.000440399	0	301	-0.00252837	0	301	0.00025369	0	301	-0	0	301	0.00333261	0	301	-0.0193316	0	
302	0.000266164	0	302	-0.00239412	0	302	0.000313056	0	302	-0	0	302	0.00309495	0	302	-0.0157236	0	
303	0.000165067	0	303	-0.00172688	0	303	0.000352601	0	303	-0	0	303	0.00255871	0	303	-0.013074	0	
304	0.000160245	0	304	-0.00123472	0	304	0.000319144	0	304	-0	0	304	0.00262148	0	304	-0.0109059	0	
305	0.000112284	0	305	-0.00105589	0	305	0.000317261	0	305	-0	0	305	0.00257836	0	305	-0.00977986	0	
306	9.32513e-05	0	306	-0.000978362	0	306	0.000330232	0	306	-0	0	306	0.00244444	0	306	-0.00892184	0	
307	0.000122343	0	307	-0.000856604	0	307	0.000356449	0	307	-0	0	307	0.00246205	0	307	-0.0080476	0	
308	0	0	308	0	0	308	0	0	308	0	0	308	0	0	308	0	0	
309	0	0	309	0	0	309	0	0	309	0	0	309	0	0	309	0	0	
310	0	0	310	0	0	310	0	0	310	0	0	310	0	0	310	0	0	
311	0	0	311	0	0	311	0	0	311	0	0	311	0	0	311	0	0	
312	-1.13103e-05	0	312	-0.000404671	0	312	0.00118952	0	312	-0	0	312	-0.00809939	0	312	-0.0012266	0	
313	0	0	313	0	0	313	0	0	313	0	0	313	0	0	313	0	0	
314	-6.70953e-05	0	314	-8.96904e-05	0	314	-0.000248092	0	314	-0	0	314	0.00714858	0	314	0.0005739	0	
315	0.000349745	0	315	-0.000390905	0	315	0.00166474	0	315	-0	0	315	-0.0213711	0	315	0.000804002	0	
316	0.00167455	0	316	-6.07942e-05	0	316	0.00388147	0	316	-0	0	316	-0.0368942	0	316	5.12421e-05	0	
317	0.00265884	0	317	0.000164892	0	317	0.00360523	0	317	-0	0	317	-0.0332571	0	317	-0.000313719	0	
318	0.00207346	0	318	4.31514e-05	0	318	0.000333279	0	318	-0	0	318	0.00653701	0	318	-0.00154687	0	
319	0.000564798	0	319	4.10951e-05	0	319	-0.00172221	0	319	-0	0	319	0.0253747	0	319	-0.00148012	0	
320	0.000380107	0	320	0.000485687	0	320	0.000492527	0	320	-0	0	320	0.000179598	0	320	0.00298257	0	
321	0	0	321	0	0	321	0	0	321	0	0	321	0	0	321	0	0	
322	0.000399217	0	322	0.000499975	0	322	0.0010561	0	322	-0	0	322	-0.00390354	0	322	0.00468313	0	
323	0	0	323	0	0	323	0	0	323	0	0	323	0	0	323	0	0	
324	3.35033e-05	0	324	-1.76923e-05	0	324	0.000549366	0	324	-0	0	324	-0.000133399	0	324	0.00277632	0	
325	0	0	325	0	0	325	0	0	325	0	0	325	0	0	325	0	0	
326	-0.000258474	0	326	0.000531728	0	326	0.000729016	0	326	-0	0	326	-0.00671444	0	326	0.0043901	0	
327	0	0	327	0	0	327	0	0	327	0	0	327	0	0	327	0	0	
328	-0.000296941	0	328	0.000120233	0	328	0.000307476	0	328	-0	0	328	0.00372632	0	328	0.00407195	0	
329	0	0	329	0	0	329	0	0	329	0	0	329	0	0	329	0	0	
330	-0.000610562	0	330	0.000206492	0	330	0.00110754	0	330	-0	0	330	-0.00432157	0	330	0.00513696	0	
331	0	0	331	0	0	331	0	0	331	0	0	331	0	0	331	0	0	
332	0	0	332	0	0	332	0	0	332	0	0	332	0	0	332	0	0	
333	0	0	333	0	0	333	0	0	333	0	0	333	0	0	333	0	0	
334	0	0	334	0	0	334	0	0	334	0	0	334	0	0	334	0	0	
335	-0.00129319	0	335	0.0039086	0	335	0.000653884	0	335	-0	0	335	0.00189805	0	335	0.0258337	0	
336	-0.000562543	0	336	0.0010131	0	336	0.000480823	0	336	-0	0	336	0.00580938	0	336	-0.00175974	0	
337	0	0	337	0	0	337	0	0	337	0	0	337	0	0	337	0	0	
338	0.000706578	0	338	-0.00682672	0	338	0.000204049	0	338	-0	0	338	0.00630297	0	338	-0.045512	0	
339	0.000523828	0	339	-0.00617043	0	339	-4.06271e-05	0	339	-0	0	339	0.00564098	0	339	-0.0330225	0	
340	-0.000120504	0	340	-0.00265167	0	340	-2.96762e-05	0	340	-0	0	340	0.00515023	0	340	-0.00648246	0	
341	-0.000984238	0	341	0.00138376	0	341	-3.35556e-05	0	341	-0	0	341	0.00500519	0	341	0.0176072	0	
342	-0.00117658	0	342	0.00316668	0	342	0.000210544	0	342	-0	0	342	0.00550719	0	342	0.0222039	0	
343	-0.000935236	0	343	0.00189337	0	343	0.000263389	0	343	-0	0	343	0.00690264	0	343	0.00792996	0	
344	0	0	344	0	0	344	0	0	344	0	0	344	0	0	344	0	0	
345	0	0	345	0	0	345	0	0	345	0	0	345	0	0	345	0	0	
346	4.4441e-05	0	346	-0.00356609	0	346	-1.69375e-05	0	346	-0	0	346	0.00731638	0	346	-0.0229455	0	
347	-0.000161784	0	347	-0.00294882	0	347	-6.92987e-05	0	347	-0	0	347	0.00682014	0	347	-0.0105593	0	
348	-0.000664338	0	348	0.000116086	0	348	-0.000242005	0	348	-0	0	348	0.00673592	0	348	0.00927377	0	
349	-0.00110705	0	349	0.00211412	0	349	-0.00017006	0	349	-0	0	349	0.00587925	0	349	0.0211005	0	
350	-0.00115916	0	350	0.00292865	0	350	-1.20027e-05	0	350	-0	0	350	0.00540513	0	350	0.0196875	0	
351	-0.0005993	0	351	0.000823095	0	351	5.11972e-05	0	351	-0	0	351	0.00713927	0	351	0.00110108	0	
352	0	0	352	0	0	352	0	0	352	0	0	352	0	0	352	0	0	
353	0.000359131	0	353	-0.00398823	0	353	-2.42668e-05	0	353	-0	0	353	0.00796137	0	353	-0.0292965	0	
354	0.000245509	0	354	-0.00338341	0	354	-0.000139073	0	354	-0	0	354	0.006655	0	354	-0.0186959	0	
355	-0.000285128	0	355	-0.000818189	0	355	-0.000192289	0	355	-0	0	355	0.00610922	0	355	0.00133771	0	
356	-0.00107232	0	356	0.00231077	0	356	-8.44369e-05	0	356	-0	0	356	0.00606978	0	356	0.0212144	0	
357	-0.00140618	0	357	0.00443148	0	357	0.000237902	0	357	-0	0	357	0.00478029	0	357	0.0284087	0	
358	-0.00114739	0	358	0.00395339	0	358	0.000123251	0	358	-0	0	358	0.00283248	0	358	0.0170151	0	
359	0	0	359	0	0	359	0	0	359	0	0	359	0	0	359	0	0	
360	0	0	360	0	0	360	0	0	360	0	0	360	0	0	360	0	0	
361	0	0	361	0	0	361	0	0	361	0	0	361	0	0	361	0	0	
362	0	0	362	0	0	362	0	0	362	0	0	362	0	0	362	0	0	
363	-0.00129287	0	363	0.00405461	0	363	-0.000120532	0	363	-0	0	363	0.0036813	0	363	0.027298	0	
364	-0.00130438	0	364	0.00500432	0	364	0.000240058	0	364	-0	0	364	0.00515258	0	364	0.0259698	0	
365	-0.000973934	0	365	0.00359678	0	365	0.000269903	0	365	-0	0	365	0.00579503	0	365	0.0140499	0	
366	0	0	366	0	0	366	0	0	366	0	0	366	0	0	366	0	0	
367	0	0	367	0	0	367	0	0	367	0	0	367	0	0	367	0	0	
368	0	0	368	0	0	368	0	0	368	0	0	368	0	0	368	0	0	
369	0	0	369	0	0	369	0	0	369	0	0	369	0	0	369	0	0	
370	0	0	370	0	0	370	0	0	370	0	0	370	0	0	370	0	0	
371	0	0	371	0	0	371	0	0	371	0	0	371	0	0	371	0	0	
372	0	0	372	0	0	372	0	0	372	0	0	372	0	0	372	0	0	
373	0	0	373	0	0	373	0	0	373	0	0	373	0	0	373	0	0	
374	0	0	374	0	0	374	0	0	374	0	0	374	0	0	374	0	0	
375	0	0	375	0	0	375	0	0	375	0	0	375	0	0	375	0	0	
376	0	0	376	0	0	376	0	0	376	0	0	376	0	0	376	0	0	
377	0	0	377	0	0	377	0	0	377	0	0	377	0	0	377	0	0	
378	0	0	378	0	0	378	0	0	378	0	0	378	0	0	378	0	0	
379	0	0	379	0	0	379	0	0	379	0	0	379	0	0	379	0	0	
380	0	0	380	0	0	380	0	0	380	0	0	380	0	0	380	0	0	
381	0.000378029	0	381	-0.000603163	0	381	-0.000342063	0	381	-0	0	381	-0.00243292	0	381	-0.0037357	0	
382	0	0	382	0	0	382	0	0	382	0	0	382	0	0	382	0	0	
383	0.00115574	0	383	0.000231259	0	383	0.000421275	0	383	-0	0	383	-0.0128921	0	383	-0.0009739	0	
384	0.000467682	0	384	0.000822628	0	384	0.000369912	0	384	-0	0	384	-0.0150314	0	384	0.00162562	0	
385	0.000414593	0	385	0.00093046	0	385	0.000454161	0	385	-0	0	385	-0.0142206	0	385	0.00247796	0	
386	0.00151118	0	386	0.000463145	0	386	0.00277845	0	386	-0	0	386	-0.0432585	0	386	0.00281605	0	
387	0.00205129	0	387	0.000703825	0	387	0.00326647	0	387	-0	0	387	-0.0408115	0	387	0.00260488	0	
388	0.00112809	0	388	0.000139434	0	388	0.000446861	0	388	-0	0	388	-0.00595428	0	388	-8.33833e-06	0	
389	0	0	389	0	0	389	0	0	389	0	0	389	0	0	389	0	0	
390	0.000853222	0	390	-0.000121413	0	390	0.00113611	0	390	-0	0	390	-0.0114739	0	390	0.000548889	0	
391	0.00101855	0	391	-5.04758e-05	0	391	0.00177596	0	391	-0	0	391	-0.0186585	0	391	0.00061001	0	
392	0.000412939	0	392	-0.000333046	0	392	-0.000440956	0	392	-0	0	392	0.00710209	0	392	-0.00145046	0	
393	0.000236823	0	393	-0.000489473	0	393	-0.00139566	0	393	-0	0	393	0.0175822	0	393	-0.00231496	0	
394	0.000659491	0	394	-0.000352231	0	394	0.00032244	0	394	-0	0	394	-0.00095838	0	394	-0.00111477	0	
395	0	0	395	0	0	395	0	0	395	0	0	395	0	0	395	0	0	
396	0.000687634	0	396	0.000217522	0	396	0.000140925	0	396	-0	0	396	0.00142647	0	396	0.00161592	0	
397	0	0	397	0	0	397	0	0	397	0	0	397	0	0	397	0	0	
398	0.000243858	0	398	-0.000155065	0	398	-0.000890178	0	398	-0	0	398	0.0134489	0	398	0.000773907	0	
399	0.00055178	0	399	3.24798e-05	0	399	0.001076	0	399	-0	0	399	-0.00812385	0	399	0.0026793	0	
400	0	0	400	0	0	400	0	0	400	0	0	400	0	0	400	0	0	
401	0.000306353	0	401	4.57213e-06	0	401	-0.000152108	0	401	-0	0	401	0.00646926	0	401	0.00264143	0	
402	0	0	402	0	0	402	0	0	402	0	0	402	0	0	402	0	0	
403	0.000252119	0	403	-0.000477687	0	403	-0.000537148	0	403	-0	0	403	0.0104697	0	403	0.000988611	0	
404	0.0005838	0	404	-0.000107299	0	404	0.00128663	0	404	-0	0	404	-0.00848807	0	404	0.00303685	0	
405	0	0	405	0	0	405	0	0	405	0	0	405	0	0	405	0	0	
406	3.54144e-05	0	406	0.000208558	0	406	1.97882e-05	0	406	-0	0	406	0.00548271	0	406	0.00311326	0	
407	0	0	407	0	0	407	0	0	407	0	0	407	0	0	407	0	0	
408	-1.71526e-05	0	408	-0.000111532	0	408	-0.000305384	0	408	-0	0	408	0.00854672	0	408	0.00282054	0	
409	0.000273588	0	409	2.75762e-05	0	409	0.00152821	0	409	-0	0	409	-0.00967664	0	409	0.0037924	0	
410	0	0	410	0	0	410	0	0	410	0	0	410	0	0	410	0	0	
411	0	0	411	0	0	411	0	0	411	0	0	411	0	0	411	0	0	
412	0	0	412	0	0	412	0	0	412	0	0	412	0	0	412	0	0	
413	0	0	413	0	0	413	0	0	413	0	0	413	0	0	413	0	0	
414	0	0	414	0	0	414	0	0	414	0	0	414	0	0	414	0	0	
415	-0.000251982	0	415	-0.000254777	0	415	5.16395e-05	0	415	-0	0	415	0.00703122	0	415	0.00142981	0	
416	0	0	416	0	0	416	0	0	416	0	0	416	0	0	416	0	0	
417	0	0	417	0	0	417	0	0	417	0	0	417	0	0	417	0	0	
418	0	0	418	0	0	418	0	0	418	0	0	418	0	0	418	0	0	
419	0	0	419	0	0	419	0	0	419	0	0	419	0	0	419	0	0	
420	0	0	420	0	0	420	0	0	420	0	0	420	0	0	420	0	0	
421	0	0	421	0	0	421	0	0	421	0	0	421	0	0	421	0	0	
422	0	0	422	0	0	422	0	0	422	0	0	422	0	0	422	0	0	
423	0	0	423	0	0	423	0	0	423	0	0	423	0	0	423	0	0	
424	0	0	424	0	0	424	0	0	424	0	0	424	0	0	424	0	0	
425	0	0	425	0	0	425	0	0	425	0	0	425	0	0	425	0	0	
426	0	0	426	0	0	426	0	0	426	0	0	426	0	0	426	0	0	
427	0	0	427	0	0	427	0	0	427	0	0	427	0	0	427	0	0	
428	0	0	428	0	0	428	0	0	428	0	0	428	0	0	428	0	0	
429	0	0	429	0	0	429	0	0	429	0	0	429	0	0	429	0	0	
430	0	0	430	0	0	430	0	0	430	0	0	430	0	0	430	0	0	
431	0	0	431	0	0	431	0	0	431	0	0	431	0	0	431	0	0	
432	0	0	432	0	0	432	0	0	432	0	0	432	0	0	432	0	0	
433	0	0	433	0	0	433	0	0	433	0	0	433	0	0	433	0	0	
434	0	0	434	0	0	434	0	0	434	0	0	434	0	0	434	0	0	
435	0	0	435	0	0	435	0	0	435	0	0	435	0	0	435	0	0	
436	0	0	436	0	0	436	0	0	436	0	0	436	0	0	436	0	0	
437	0	0	437	0	0	437	0	0	437	0	0	437	0	0	437	0	0	
438	0	0	438	0	0	438	0	0	438	0	0	438	0	0	438	0	0	
439	0	0	439	0	0	439	0	0	439	0	0	439	0	0	439	0	0	
440	0	0	440	0	0	440	0	0	440	0	0	440	0	0	440	0	0	
441	0	0	441	0	0	441	0	0	441	0	0	441	0	0	441	0	0	
442	0	0	442	0	0	442	0	0	442	0	0	442	0	0	442	0	0	
443	0	0	443	0	0	443	0	0	443	0	0	443	0	0	443	0	0	
444	0	0	444	0	0	444	0	0	444	0	0	444	0	0	444	0	0	
445	0	0	445	0	0	445	0	0	445	0	0	445	0	0	445	0	0	
446	0	0	446	0	0	446	0	0	446	0	0	446	0	0	446	0	0	
447	0	0	447	0	0	447	0	0	447	0	0	447	0	0	447	0	0	
448	0	0	448	0	0	448	0	0	448	0	0	448	0	0	448	0	0	
449	-0.00040391	0	449	-0.000147166	0	449	0.000540993	0	449	-0	0	449	-0.00854549	0	449	0.00247278	0	
450	0	0	450	0	0	450	0	0	450	0	0	450	0	0	450	0	0	
451	-0.000349655	0	451	0.000353249	0	451	0.000590295	0	451	-0	0	451	-0.00917602	0	451	0.00405349	0	
452	0	0	452	0	0	452	0	0	452	0	0	452	0	0	452	0	0	
453	-0.000787066	0	453	-0.000139437	0	453	-0.00240838	0	453	-0	0	453	0.0300465	0	453	0.00146082	0	
454	-0.000227202	0	454	-4.28539e-05	0	454	-0.000114619	0	454	-0	0	454	0.00262534	0	454	0.00195874	0	
455	0	0	455	0	0	455	0	0	455	0	0	455	0	0	455	0	0	
456	-0.000335972	0	456	0.000165478	0	456	0.00109469	0	456	-0	0	456	-0.0136679	0	456	0.00201042	0	
457	-0.000695045	0	457	2.61637e-05	0	457	-0.0024577	0	457	-0	0	457	0.024933	0	457	0.000493977	0	
458	-0.000546337	0	458	-0.000407761	0	458	-0.00216808	0	458	-0	0	458	0.0226924	0	458	-0.00106706	0	
459	-0.000179727	0	459	-0.000483771	0	459	9.81709e-06	0	459	-0	0	459	-0.00316846	0	459	-0.00189425	0	
460	0	0	460	0	0	460	0	0	460	0	0	460	0	0	460	0	0	
461	-0.000201261	0	461	-0.000151466	0	461	0.000644421	0	461	-0	0	461	-0.00845677	0	461	0.000246036	0	
462	0	0	462	0	0	462	0	0	462	0	0	462	0	0	462	0	0	
463	-0.000460337	0	463	-5.08631e-05	0	463	-0.00251528	0	463	-0	0	463	0.0256832	0	463	0.000966647	0	
464	-1.52581e-05	0	464	0.000168507	0	464	0.000447949	0	464	-0	0	464	-0.00416302	0	464	0.00376168	0	
465	0	0	465	0	0	465	0	0	465	0	0	465	0	0	465	0	0	
466	0.00153024	0	466	-0.000182928	0	466	0.00291098	0	466	-0	0	466	-0.0329026	0	466	0.000708277	0	
467	0.000530177	0	467	-0.000805028	0	467	0.00059333	0	467	-0	0	467	-0.0077733	0	467	-0.00205293	0	
468	0	0	468	0	0	468	0	0	468	0	0	468	0	0	468	0	0	
469	-1.10441e-05	0	469	-0.000930646	0	469	-0.00100122	0	469	-0	0	469	0.0101977	0	469	-0.00270828	0	
470	1.65592e-05	0	470	-0.000514762	0	470	0.00135202	0	470	-0	0	470	-0.0138649	0	470	-1.09273e-05	0	
471	-0.00025233	0	471	-0.000209283	0	471	0.0011841	0	471	-0	0	471	-0.0122776	0	471	0.00111165	0	
472	0	0	472	0	0	472	0	0	472	0	0	472	0	0	472	0	0	
473	-0.000519954	0	473	-0.000876934	0	473	-0.00209503	0	473	-0	0	473	0.0240195	0	473	-0.00217253	0	
474	-0.00020218	0	474	-0.000937116	0	474	-0.000159886	0	474	-0	0	474	0.00395635	0	474	-0.00185834	0	
475	0	0	475	0	0	475	0	0	475	0	0	475	0	0	475	0	0	
476	0.000668635	0	476	-0.00083053	0	476	0.00173453	0	476	-0	0	476	-0.0173479	0	476	-0.000944728	0	
477	-0.000182477	0	477	-0.000925814	0	477	-0.000350691	0	477	-0	0	477	0.00661993	0	477	-0.00134181	0	
478	0	0	478	0	0	478	0	0	478	0	0	478	0	0	478	0	0	
479	6.22646e-05	0	479	-0.00125704	0	479	-0.000505016	0	479	-0	0	479	0.00933309	0	479	-0.00409949	0	
480	0	0	480	0	0	480	0	0	480	0	0	480	0	0	480	0	0	
481	5.04573e-05	0	481	-0.000669677	0	481	0.00118478	0	481	-0	0	481	-0.00873309	0	481	-0.000305032	0	
482	0	0	482	0	0	482	0	0	482	0	0	482	0	0	482	0	0	
483	-0.000431128	0	483	-0.000241104	0	483	-0.000870039	0	483	-0	0	483	0.0129749	0	483	0.000726779	0	
484	0	0	484	0	0	484	0	0	484	0	0	484	0	0	484	0	0	
485	0	0	485	0	0	485	0	0	485	0	0	485	0	0	485	0	0	
486	0	0	486	0	0	486	0	0	486	0	0	486	0	0	486	0	0	
487	0	0	487	0	0	487	0	0	487	0	0	487	0	0	487	0	0	
488	0	0	488	0	0	488	0	0	488	0	0	488	0	0	488	0	0	
489	0	0	489	0	0	489	0	0	489	0	0	489	0	0	489	0	0	
490	0	0	490	0	0	490	0	0	490	0	0	490	0	0	490	0	0	
491	0	0	491	0	0	491	0	0	491	0	0	491	0	0	491	0	0	
492	0	0	492	0	0	492	0	0	492	0	0	492	0	0	492	0	0	
493	0	0	493	0	0	493	0	0	493	0	0	493	0	0	493	0	0	
494	0	0	494	0	0	494	0	0	494	0	0	494	0	0	494	0	0	
495	0	0	495	0	0	495	0	0	495	0	0	495	0	0	495	0	0	
496	0	0	496	0	0	496	0	0	496	0	0	496	0	0	496	0	0	
497	0	0	497	0	0	497	0	0	497	0	0	497	0	0	497	0	0	
498	0	0	498	0	0	498	0	0	498	0	0	498	0	0	498	0	0	
499	0	0	499	0	0	499	0	0	499	0	0	499	0	0	499	0	0	
500	0	0	500	0	0	500	0	0	500	0	0	500	0	0	500	0	0	
501	0	0	501	0	0	501	0	0	501	0	0	501	0	0	501	0	0	
502	0	0	502	0	0	502	0	0	502	0	0	502	0	0	502	0	0	
503	0	0	503	0	0	503	0	0	503	0	0	503	0	0	503	0	0	
504	0	0	504	0	0	504	0	0	504	0	0	504	0	0	504	0	0	
505	0	0	505	0	0	505	0	0	505	0	0	505	0	0	505	0	0	
506	0	0	506	0	0	506	0	0	506	0	0	506	0	0	506	0	0	
507	0	0	507	0	0	507	0	0	507	0	0	507	0	0	507	0	0	
508	0	0	508	0	0	508	0	0	508	0	0	508	0	0	508	0	0	
509	0	0	509	0	0	509	0	0	509	0	0	509	0	0	509	0	0	
510	0	0	510	0	0	510	0	0	510	0	0	510	0	0	510	0	0	
511	0	0	511	0	0	511	0	0	511	0	0	511	0	0	511	0	0	
512	0	0	512	0	0	512	0	0	512	0	0	512	0	0	512	0	0	
513	0	0	513	0	0	513	0	0	513	0	0	513	0	0	513	0	0	
514	0	0	514	0	0	514	0	0	514	0	0	514	0	0	514	0	0	
515	0	0	515	0	0	515	0	0	515	0	0	515	0	0	515	0	0	
516	0	0	516	0	0	516	0	0	516	0	0	516	0	0	516	0	0	
517	0	0	517	0	0	517	0	0	517	0	0	517	0	0	517	0	0	
518	0	0	518	0	0	518	0	0	518	0	0	518	0	0	518	0	0	
519	0	0	519	0	0	519	0	0	519	0	0	519	0	0	519	0	0	
520	0	0	520	0	0	520	0	0	520	0	0	520	0	0	520	0	0	
521	0	0	521	0	0	521	0	0	521	0	0	521	0	0	521	0	0	
522	0	0	522	0	0	522	0	0	522	0	0	522	0	0	522	0	0	
523	0	0	523	0	0	523	0	0	523	0	0	523	0	0	523	0	0	
524	0	0	524	0	0	524	0	0	524	0	0	524	0	0	524	0	0	
525	0	0	525	0	0	525	0	0	525	0	0	525	0	0	525	0	0	
526	0	0	526	0	0	526	0	0	526	0	0	526	0	0	526	0	0	
527	0	0	527	0	0	527	0	0	527	0	0	527	0	0	527	0	0	
528	0	0	528	0	0	528	0	0	528	0	0	528	0	0	528	0	0	
529	0	0	529	0	0	529	0	0	529	0	0	529	0	0	529	0	0	
530	0	0	530	0	0	530	0	0	530	0	0	530	0	0	530	0	0	
531	0	0	531	0	0	531	0	0	531	0	0	531	0	0	531	0	0	
532	0	0	532	0	0	532	0	0	532	0	0	532	0	0	532	0	0	
533	0	0	533	0	0	533	0	0	533	0	0	533	0	0	533	0	0	
534	0	0	534	0	0	534	0	0	534	0	0	534	0	0	534	0	0	
535	0	0	535	0	0	535	0	0	535	0	0	535	0	0	535	0	0	
536	0	0	536	0	0	536	0	0	536	0	0	536	0	0	536	0	0	
537	0	0	537	0	0	537	0	0	537	0	0	537	0	0	537	0	0	
538	0	0	538	0	0	538	0	0	538	0	0	538	0	0	538	0	0	
539	0	0	539	0	0	539	0	0	539	0	0	539	0	0	539	0	0	
540	0	0	540	0	0	540	0	0	540	0	0	540	0	0	540	0	0	
541	0	0	541	0	0	541	0	0	541	0	0	541	0	0	541	0	0	
542	0	0	542	0	0	542	0	0	542	0	0	542	0	0	542	0	0	
543	0	0	543	0	0	543	0	0	543	0	0	543	0	0	543	0	0	
544	0	0	544	0	0	544	0	0	544	0	0	544	0	0	544	0	0	
545	0	0	545	0	0	545	0	0	545	0	0	545	0	0	545	0	0	
546	0	0	546	0	0	546	0	0	546	0	0	546	0	0	546	0	0	
547	0	0	547	0	0	547	0	0	547	0	0	547	0	0	547	0	0	
548	0	0	548	0	0	548	0	0	548	0	0	548	0	0	548	0	0	
549	0	0	549	0	0	549	0	0	549	0	0	549	0	0	549	0	0	
550	0	0	550	0	0	550	0	0	550	0	0	550	0	0	550	0	0	
551	0	0	551	0	0	551	0	0	551	0	0	551	0	0	551	0	0	
552	0	0	552	0	0	552	0	0	552	0	0	552	0	0	552	0	0	
553	0	0	553	0	0	553	0	0	553	0	0	553	0	0	553	0	0	
554	0	0	554	0	0	554	0	0	554	0	0	554	0	0	554	0	0	
555	0	0	555	0	0	555	0	0	555	0	0	555	0	0	555	0	0	
556	0	0	556	0	0	556	0	0	556	0	0	556	0	0	556	0	0	
557	0	0	557	0	0	557	0	0	557	0	0	557	0	0	557	0	0	
558	0	0	558	0	0	558	0	0	558	0	0	558	0	0	558	0	0	
559	0	0	559	0	0	559	0	0	559	0	0	559	0	0	559	0	0	
560	0	0	560	0	0	560	0	0	560	0	0	560	0	0	560	0	0	
561	0	0	561	0	0	561	0	0	561	0	0	561	0	0	561	0	0	
562	0	0	562	0	0	562	0	0	562	0	0	562	0	0	562	0	0	
563	0	0	563	0	0	563	0	0	563	0	0	563	0	0	563	0	0	
564	0	0	564	0	0	564	0	0	564	0	0	564	0	0	564	0	0	
565	0	0	565	0	0	565	0	0	565	0	0	565	0	0	565	0	0	
566	0	0	566	0	0	566	0	0	566	0	0	566	0	0	566	0	0	
567	0	0	567	0	0	567	0	0	567	0	0	567	0	0	567	0	0	
568	0	0	568	0	0	568	0	0	568	0	0	568	0	0	568	0	0	
569	0	0	569	0	0	569	0	0	569	0	0	569	0	0	569	0	0	
570	0	0	570	0	0	570	0	0	570	0	0	570	0	0	570	0	0	
571	0	0	571	0	0	571	0	0	571	0	0	571	0	0	571	0	0	
572	0	0	572	0	0	572	0	0	572	0	0	572	0	0	572	0	0	
573	0	0	573	0	0	573	0	0	573	0	0	573	0	0	573	0	0	
574	0	0	574	0	0	574	0	0	574	0	0	574	0	0	574	0	0	
575	0	0	575	0	0	575	0	0	575	0	0	575	0	0	575	0	0	
576	0	0	576	0	0	576	0	0	576	0	0	576	0	0	576	0	0	
577	0	0	577	0	0	577	0	0	577	0	0	577	0	0	577	0	0	
578	0	0	578	0	0	578	0	0	578	0	0	578	0	0	578	0	0	
579	0	0	579	0	0	579	0	0	579	0	0	579	0	0	579	0	0	
580	0	0	580	0	0	580	0	0	580	0	0	580	0	0	580	0	0	
581	0	0	581	0	0	581	0	0	581	0	0	581	0	0	581	0	0	
582	0	0	582	0	0	582	0	0	582	0	0	582	0	0	582	0	0	
583	0	0	583	0	0	583	0	0	583	0	0	583	0	0	583	0	0	
584	0	0	584	0	0	584	0	0	584	0	0	584	0	0	584	0	0	
585	0	0	585	0	0	585	0	0	585	0	0	585	0	0	585	0	0	
586	0	0	586	0	0	586	0	0	586	0	0	586	0	0	586	0	0	
587	0	0	587	0	0	587	0	0	587	0	0	587	0	0	587	0	0	
588	0	0	588	0	0	588	0	0	588	0	0	588	0	0	588	0	0	
589	0	0	589	0	0	589	0	0	589	0	0	589	0	0	589	0	0	
590	0	0	590	0	0	590	0	0	590	0	0	590	0	0	590	0	0	
591	0	0	591	0	0	591	0	0	591	0	0	591	0	0	591	0	0	
592	0	0	592	0	0	592	0	0	592	0	0	592	0	0	592	0	0	
593	0	0	593	0	0	593	0	0	593	0	0	593	0	0	593	0	0	
594	0	0	594	0	0	594	0	0	594	0	0	594	0	0	594	0	0	
595	0.0164956	0	595	0.00101613	0	595	0.00341044	0	595	-0	0	595	0.00993423	0	595	0.0138573	0	
596	0.0164313	0	596	0.00116164	0	596	0.00347501	0	596	-0	0	596	0.007602	0	596	0.0113348	0	
597	0	0	597	0	0	597	0	0	597	0	0	597	0	0	597	0	0	
598	0	0	598	0	0	598	0	0	598	0	0	598	0	0	598	0	0	
599	0	0	599	0	0	599	0	0	599	0	0	599	0	0	599	0	0	
600	0	0	600	0	0	600	0	0	600	0	0	600	0	0	600	0	0	
601	0	0	601	0	0	601	0	0	601	0	0	601	0	0	601	0	0	
602	0	0	602	0	0	602	0	0	602	0	0	602	0	0	602	0	0	
603	0.0184449	0	603	0.00081258	0	603	0.0038361	0	603	-0	0	603	0.0126898	0	603	0.0133081	0	
604	0.0182946	0	604	0.000712794	0	604	0.00387397	0	604	-0	0	604	0.0127508	0	604	0.0123297	0	
605	0.0177732	0	605	0.000625905	0	605	0.00374141	0	605	-0	0	605	0.0112214	0	605	0.010486	0	
606	0.0170315	0	606	0.000740329	0	606	0.00373385	0	606	-0	0	606	0.00935904	0	606	0.0101493	0	
607	0	0	607	0	0	607	0	0	607	0	0	607	0	0	607	0	0	
608	0	0	608	0	0	608	0	0	608	0	0	608	0	0	608	0	0	
609	0	0	609	0	0	609	0	0	609	0	0	609	0	0	609	0	0	
610	0.0178557	0	610	0.00110112	0	610	0.00400729	0	610	-0	0	610	0.00928493	0	610	0.0121669	0	
611	0	0	611	0	0	611	0	0	611	0	0	611	0	0	611	0	0	
612	0	0	612	0	0	612	0	0	612	0	0	612	0	0	612	0	0	
613	0.0196755	0	613	0.0014586	0	613	0.00480378	0	613	-0	0	613	0.0107079	0	613	0.0124604	0	
614	0.019949	0	614	0.00170867	0	614	0.00504363	0	614	-0	0	614	0.0103143	0	614	0.0121247	0	
615	0.0197804	0	615	0.0019771	0	615	0.0050477	0	615	-0	0	615	0.00906931	0	615	0.0110746	0	
616	0	0	616	0	0	616	0	0	616	0	0	616	0	0	616	0	0	
617	0.0194852	0	617	0.00190102	0	617	0.00520839	0	617	-0	0	617	0.00784132	0	617	0.0132276	0	
618	0	0	618	0	0	618	0	0	618	0	0	618	0	0	618	0	0	
619	0.0192485	0	619	0.00183277	0	619	0.00506345	0	619	-0	0	619	0.0111532	0	619	0.0134876	0	
620	0.0189472	0	620	0.00182595	0	620	0.00509567	0	620	-0	0	620	0.00859001	0	620	0.0143578	0	
621	0.018471	0	621	0.0019438	0	621	0.00510196	0	621	-0	0	621	0.007224	0	621	0.0146361	0	
622	0.0181493	0	622	0.00175322	0	622	0.00479344	0	622	-0	0	622	-0.00370306	0	622	0.01576	0	
623	0.0175546	0	623	0.00196485	0	623	0.0049933	0	623	-0	0	623	0.00548314	0	623	0.01477	0	
624	0.0168431	0	624	0.00192168	0	624	0.00467898	0	624	-0	0	624	0.00757879	0	624	0.0128533	0	
625	0.0164409	0	625	0.00189366	0	625	0.00447655	0	625	-0	0	625	0.00878303	0	625	0.0121866	0	
626	0.016203	0	626	0.00170504	0	626	0.00447829	0	626	-0	0	626	0.0094658	0	626	0.0108919	0	
627	0.0161265	0	627	0.00149578	0	627	0.00489385	0	627	-0	0	627	0.0116387	0	627	0.011447	0	
628	0.0162911	0	628	0.00138792	0	628	0.00493476	0	628	-0	0	628	0.00595575	0	628	0.010881	0	
629	0	0	629	0	0	629	0	0	629	0	0	629	0	0	629	0	0	
630	0	0	630	0	0	630	0	0	630	0	0	630	0	0	630	0	0	
631	0	0	631	0	0	631	0	0	631	0	0	631	0	0	631	0	0	
632	0.0177498	0	632	0.00207227	0	632	0.0055646	0	632	-0	0	632	0.00727766	0	632	0.0131302	0	
633	0.0174609	0	633	0.00233389	0	633	0.0056002	0	633	-0	0	633	0.00919981	0	633	0.0130958	0	
634	0.0170696	0	634	0.00188543	0	634	0.00518973	0	634	-0	0	634	-0.00175598	0	634	0.0137308	0	
635	0	0	635	0	0	635	0	0	635	0	0	635	0	0	635	0	0	
636	0.0171324	0	636	0.002107	0	636	0.0058005	0	636	-0	0	636	-0.000130005	0	636	0.0133808	0	
637	0.0173559	0	637	0.00187858	0	637	0.0057818	0	637	-0	0	637	-0.00711737	0	637	0.0127469	0	
638	0.017237	0	638	0.00188468	0	638	0.00605445	0	638	-0	0	638	-0.00746026	0	638	0.0112341	0	
639	0.0164517	0	639	0.00133774	0	639	0.00562625	0	639	-0	0	639	-0.00955435	0	639	0.00892381	0	
640	0	0	640	0	0	640	0	0	640	0	0	640	0	0	640	0	0	
641	0	0	641	0	0	641	0	0	641	0	0	641	0	0	641	0	0	
642	0.0175101	0	642	0.000892261	0	642	0.00692571	0	642	-0	0	642	-0.0192555	0	642	0.00838542	0	
643	0.0180113	0	643	0.0010098	0	643	0.00758845	0	643	-0	0	643	-0.0247037	0	643	0.00926358	0	
644	0.0182472	0	644	0.00124596	0	644	0.0083234	0	644	-0	0	644	-0.0176716	0	644	0.0089302	0	
645	0.0179742	0	645	0.00105561	0	645	0.00769277	0	645	-0	0	645	-0.0212075	0	645	0.00808784	0	
646	0.0174844	0	646	0.000756777	0	646	0.00723867	0	646	-0	0	646	-0.0188953	0	646	0.00788607	0	
647	0.01675	0	647	0.000732949	0	647	0.00647112	0	647	-0	0	647	-0.0194459	0	647	0.00669594	0	
648	0.0159523	0	648	0.000852228	0	648	0.0061111	0	648	-0	0	648	-0.0156664	0	648	0.00709484	0	
649	0.0150341	0	649	0.00117013	0	649	0.00590091	0	649	-0	0	649	-0.0125417	0	649	0.00696846	0	
650	0	0	650	0	0	650	0	0	650	0	0	650	0	0	650	0	0	
651	0	0	651	0	0	651	0	0	651	0	0	651	0	0	651	0	0	
652	0.0138177	0	652	0.00127618	0	652	0.00517075	0	652	-0	0	652	-0.0139196	0	652	0.00821641	0	
653	0.0130614	0	653	0.00121748	0	653	0.00495803	0	653	-0	0	653	-0.0103809	0	653	0.00710548	0	
654	0	0	654	0	0	654	0	0	654	0	0	654	0	0	654	0	0	
655	0	0	655	0	0	655	0	0	655	0	0	655	0	0	655	0	0	
656	0	0	656	0	0	656	0	0	656	0	0	656	0	0	656	0	0	
657	0.00958125	0	657	0.000336136	0	657	0.00363123	0	657	-0	0	657	-0.0166532	0	657	0.0065968	0	
658	0.00797236	0	658	0.000499605	0	658	0.00311053	0	658	-0	0	658	-0.00787161	0	658	0.00636298	0	
659	0.00629674	0	659	-0.000113815	0	659	0.00214839	0	659	-0	0	659	-0.0179111	0	659	0.00647069	0	
660	0.00515259	0	660	0.000522652	0	660	0.00176155	0	660	-0	0	660	-0.0192631	0	660	0.00725199	0	
661	0.00404409	0	661	0.00148721	0	661	0.00147748	0	661	-0	0	661	-0.0139899	0	661	0.00772902	0	
662	0.00301636	0	662	0.00147426	0	662	0.00109558	0	662	-0	0	662	-0.0207462	0	662	0.00863435	0	
663	0.00180227	0	663	0.00185094	0	663	0.000812576	0	663	-0	0	663	-0.0182767	0	663	0.00791659	0	
664	0.000499274	0	664	0.00239661	0	664	0.000255853	0	664	-0	0	664	-0.0138798	0	664	0.0113123	0	
665	-0.000204403	0	665	0.00266721	0	665	-0.000206304	0	665	-0	0	665	-0.0101661	0	665	0.0125374	0	
666	0	0	666	0	0	666	0	0	666	0	0	666	0	0	666	0	0	
667	-0.000337407	0	667	0.00176039	0	667	-0.000107476	0	667	-0	0	667	-0.0145461	0	667	0.00954922	0	
668	-0.000349479	0	668	0.00165375	0	668	-0.000222649	0	668	-0	0	668	-0.0160568	0	668	0.00903926	0	
669	-0.000469084	0	669	0.00170257	0	669	0.000215225	0	669	-0	0	669	-0.0106288	0	669	0.00873852	0	
670	0	0	670	0	0	670	0	0	670	0	0	670	0	0	670	0	0	
671	0	0	671	0	0	671	0	0	671	0	0	671	0	0	671	0	0	
672	-0.00103875	0	672	0.00239359	0	672	-5.66773e-06	0	672	-0	0	672	-0.00504414	0	672	0.011574	0	
673	0	0	673	0	0	673	0	0	673	0	0	673	0	0	673	0	0	
674	0	0	674	0	0	674	0	0	674	0	0	674	0	0	674	0	0	
675	0	0	675	0	0	675	0	0	675	0	0	675	0	0	675	0	0	
676	0	0	676	0	0	676	0	0	676	0	0	676	0	0	676	0	0	
677	0	0	677	0	0	677	0	0	677	0	0	677	0	0	677	0	0	
678	0	0	678	0	0	678	0	0	678	0	0	678	0	0	678	0	0	
679	0	0	679	0	0	679	0	0	679	0	0	679	0	0	679	0	0	
680	0	0	680	0	0	680	0	0	680	0	0	680	0	0	680	0	0	
681	0	0	681	0	0	681	0	0	681	0	0	681	0	0	681	0	0	
682	0	0	682	0	0	682	0	0	682	0	0	682	0	0	682	0	0	
683	0	0	683	0	0	683	0	0	683	0	0	683	0	0	683	0	0	
684	0	0	684	0	0	684	0	0	684	0	0	684	0	0	684	0	0	
685	0	0	685	0	0	685	0	0	685	0	0	685	0	0	685	0	0	
686	0	0	686	0	0	686	0	0	686	0	0	686	0	0	686	0	0	
687	0	0	687	0	0	687	0	0	687	0	0	687	0	0	687	0	0	
688	0	0	688	0	0	688	0	0	688	0	0	688	0	0	688	0	0	
689	0	0	689	0	0	689	0	0	689	0	0	689	0	0	689	0	0	
690	0	0	690	0	0	690	0	0	690	0	0	690	0	0	690	0	0	
691	-0.00100941	0	691	-0.000193921	0	691	-0.00020475	0	691	-0	0	691	-0.00682144	0	691	-0.00220982	0	
692	0	0	692	0	0	692	0	0	692	0	0	692	0	0	692	0	0	
693	0	0	693	0	0	693	0	0	693	0	0	693	0	0	693	0	0	
694	-0.000346129	0	694	-0.000390127	0	694	2.45669e-05	0	694	-0	0	694	-0.00733798	0	694	-0.00411215	0	
695	0	0	695	0	0	695	0	0	695	0	0	695	0	0	695	0	0	
696	2.35633e-05	0	696	-0.00100298	0	696	-0.000185438	0	696	-0	0	696	-0.0207038	0	696	-0.00600094	0	
697	-1.19328e-05	0	697	-0.00117453	0	697	5.005e-05	0	697	-0	0	697	-0.0202796	0	697	-0.00577389	0	
698	-2.20385e-05	0	698	-0.00103822	0	698	0.000336708	0	698	-0	0	698	-0.01661	0	698	-0.00369759	0	
699	4.84322e-05	0	699	-0.000661415	0	699	0.000791355	0	699	-0	0	699	-0.00932488	0	699	-0.00119811	0	
700	0	0	700	0	0	700	0	0	700	0	0	700	0	0	700	0	0	
701	0	0	701	0	0	701	0	0	701	0	0	701	0	0	701	0	0	
702	0	0	702	0	0	702	0	0	702	0	0	702	0	0	702	0	0	
703	0	0	703	0	0	703	0	0	703	0	0	703	0	0	703	0	0	
704	0	0	704	0	0	704	0	0	704	0	0	704	0	0	704	0	0	
705	0	0	705	0	0	705	0	0	705	0	0	705	0	0	705	0	0	
706	0	0	706	0	0	706	0	0	706	0	0	706	0	0	706	0	0	
707	0	0	707	0	0	707	0	0	707	0	0	707	0	0	707	0	0	
708	0	0	708	0	0	708	0	0	708	0	0	708	0	0	708	0	0	
709	0	0	709	0	0	709	0	0	709	0	0	709	0	0	709	0	0	
710	-0.013994	0	710	0.00138288	0	710	-0.00513899	0	710	-0	0	710	0.012195	0	710	0.00928129	0	
711	0	0	711	0	0	711	0	0	711	0	0	711	0	0	711	0	0	
712	0	0	712	0	0	712	0	0	712	0	0	712	0	0	712	0	0	
713	-0.0169354	0	713	0.00132272	0	713	-0.00550776	0	713	-0	0	713	0.0218168	0	713	0.00732679	0	
714	-0.0175302	0	714	0.00104766	0	714	-0.00587469	0	714	-0	0	714	0.0211358	0	714	0.00580972	0	
715	-0.0180438	0	715	0.00122804	0	715	-0.0059626	0	715	-0	0	715	0.0229427	0	715	0.00554335	0	
716	-0.0184401	0	716	0.00121577	0	716	-0.00615451	0	716	-0	0	716	0.0221629	0	716	0.00795925	0	
717	-0.0185096	0	717	0.00166763	0	717	-0.00607957	0	717	-0	0	717	0.0252169	0	717	0.0091989	0	
718	-0.018468	0	718	0.00207209	0	718	-0.0061126	0	718	-0	0	718	0.0252198	0	718	0.0104049	0	
719	-0.0188353	0	719	0.00223848	0	719	-0.0063579	0	719	-0	0	719	0.0240002	0	719	0.00940853	0	
720	-0.0194114	0	720	0.00227597	0	720	-0.00630588	0	720	-0	0	720	0.026369	0	720	0.00757982	0	
721	-0.0196678	0	721	0.00198088	0	721	-0.00653156	0	721	-0	0	721	0.024788	0	721	0.00836927	0	
722	-0.0196825	0	722	0.00189163	0	722	-0.00648402	0	722	-0	0	722	0.0259927	0	722	0.0088505	0	
723	-0.0193065	0	723	0.00195348	0	723	-0.00634661	0	723	-0	0	723	0.0245699	0	723	0.00910065	0	
724	-0.0188245	0	724	0.0017814	0	724	-0.00609388	0	724	-0	0	724	0.0179218	0	724	0.0093062	0	
725	-0.0183075	0	725	0.00161541	0	725	-0.00570762	0	725	-0	0	725	0.0142339	0	725	0.00786533	0	
726	0	0	726	0	0	726	0	0	726	0	0	726	0	0	726	0	0	
727	0	0	727	0	0	727	0	0	727	0	0	727	0	0	727	0	0	
728	-0.0176474	0	728	0.000767596	0	728	-0.00564746	0	728	-0	0	728	0.0147551	0	728	0.00593874	0	
729	0	0	729	0	0	729	0	0	729	0	0	729	0	0	729	0	0	
730	0	0	730	0	0	730	0	0	730	0	0	730	0	0	730	0	0	
731	0	0	731	0	0	731	0	0	731	0	0	731	0	0	731	0	0	
732	0	0	732	0	0	732	0	0	732	0	0	732	0	0	732	0	0	
733	0	0	733	0	0	733	0	0	733	0	0	733	0	0	733	0	0	
734	0	0	734	0	0	734	0	0	734	0	0	734	0	0	734	0	0	
735	0	0	735	0	0	735	0	0	735	0	0	735	0	0	735	0	0	
736	0	0	736	0	0	736	0	0	736	0	0	736	0	0	736	0	0	
737	0	0	737	0	0	737	0	0	737	0	0	737	0	0	737	0	0	
738	0	0	738	0	0	738	0	0	738	0	0	738	0	0	738	0	0	
739	0	0	739	0	0	739	0	0	739	0	0	739	0	0	739	0	0	
740	0	0	740	0	0	740	0	0	740	0	0	740	0	0	740	0	0	
741	0	0	741	0	0	741	0	0	741	0	0	741	0	0	741	0	0	
742	0	0	742	0	0	742	0	0	742	0	0	742	0	0	742	0	0	
743	0	0	743	0	0	743	0	0	743	0	0	743	0	0	743	0	0	
744	0	0	744	0	0	744	0	0	744	0	0	744	0	0	744	0	0	
745	0	0	745	0	0	745	0	0	745	0	0	745	0	0	745	0	0	
746	0	0	746	0	0	746	0	0	746	0	0	746	0	0	746	0	0	
747	0	0	747	0	0	747	0	0	747	0	0	747	0	0	747	0	0	
748	0	0	748	0	0	748	0	0	748	0	0	748	0	0	748	0	0	
749	0	0	749	0	0	749	0	0	749	0	0	749	0	0	749	0	0	
750	0	0	750	0	0	750	0	0	750	0	0	750	0	0	750	0	0	
751	0	0	751	0	0	751	0	0	751	0	0	751	0	0	751	0	0	
752	0	0	752	0	0	752	0	0	752	0	0	752	0	0	752	0	0	
753	0	0	753	0	0	753	0	0	753	0	0	753	0	0	753	0	0	
754	0	0	754	0	0	754	0	0	754	0	0	754	0	0	754	0	0	
755	0	0	755	0	0	755	0	0	755	0	0	755	0	0	755	0	0	
756	0	0	756	0	0	756	0	0	756	0	0	756	0	0	756	0	0	
757	0	0	757	0	0	757	0	0	757	0	0	757	0	0	757	0	0	
758	0	0	758	0	0	758	0	0	758	0	0	758	0	0	758	0	0	
759	0	0	759	0	0	759	0	0	759	0	0	759	0	0	759	0	0	
760	0	0	760	0	0	760	0	0	760	0	0	760	0	0	760	0	0	
761	0	0	761	0	0	761	0	0	761	0	0	761	0	0	761	0	0	
762	0	0	762	0	0	762	0	0	762	0	0	762	0	0	762	0	0	
763	0	0	763	0	0	763	0	0	763	0	0	763	0	0	763	0	0	
764	0	0	764	0	0	764	0	0	764	0	0	764	0	0	764	0	0	
765	0	0	765	0	0	765	0	0	765	0	0	765	0	0	765	0	0	
766	0	0	766	0	0	766	0	0	766	0	0	766	0	0	766	0	0	
767	0	0	767	0	0	767	0	0	767	0	0	767	0	0	767	0	0	
768	0	0	768	0	0	768	0	0	768	0	0	768	0	0	768	0	0	
769	0	0	769	0	0	769	0	0	769	0	0	769	0	0	769	0	0	
770	0	0	770	0	0	770	0	0	770	0	0	770	0	0	770	0	0	
771	0	0	771	0	0	771	0	0	771	0	0	771	0	0	771	0	0	
772	0	0	772	0	0	772	0	0	772	0	0	772	0	0	772	0	0	
773	0	0	773	0	0	773	0	0	773	0	0	773	0	0	773	0	0	
774	0	0	774	0	0	774	0	0	774	0	0	774	0	0	774	0	0	
775	0	0	775	0	0	775	0	0	775	0	0	775	0	0	775	0	0	
776	0	0	776	0	0	776	0	0	776	0	0	776	0	0	776	0	0	
777	0	0	777	0	0	777	0	0	777	0	0	777	0	0	777	0	0	
778	0	0	778	0	0	778	0	0	778	0	0	778	0	0	778	0	0	
779	0	0	779	0	0	779	0	0	779	0	0	779	0	0	779	0	0	
780	0	0	780	0	0	780	0	0	780	0	0	780	0	0	780	0	0	
781	0	0	781	0	0	781	0	0	781	0	0	781	0	0	781	0	0	
782	-0.0256033	0	782	0.00102925	0	782	-0.00540907	0	782	-0	0	782	0.0255209	0	782	0.00482612	0	
783	-0.027709	0	783	0.000707072	0	783	-0.00576042	0	783	-0	0	783	0.0297606	0	783	0.00579138	0	
784	-0.028598	0	784	0.000694438	0	784	-0.00543957	0	784	-0	0	784	0.0385661	0	784	0.00631477	0	
785	-0.0277876	0	785	0.000926819	0	785	-0.00509639	0	785	-0	0	785	0.0360886	0	785	0.00483752	0	
786	-0.0264788	0	786	0.000796182	0	786	-0.00441027	0	786	-0	0	786	0.0271538	0	786	0.000974025	0	
787	-0.0252778	0	787	0.00077256	0	787	-0.00382535	0	787	-0	0	787	0.0200626	0	787	0.000141551	0	
788	-0.0242332	0	788	0.000759459	0	788	-0.00370686	0	788	-0	0	788	0.0195658	0	788	0.00179088	0	
789	-0.0229184	0	789	0.00086133	0	789	-0.00268781	0	789	-0	0	789	0.009679	0	789	0.00151519	0	
790	0	0	790	0	0	790	0	0	790	0	0	790	0	0	790	0	0	
791	0	0	791	0	0	791	0	0	791	0	0	791	0	0	791	0	0	
792	-0.0265339	0	792	0.000986091	0	792	0.000758548	0	792	-0	0	792	-0.0228463	0	792	0.00530546	0	
793	-0.0270062	0	793	0.000829808	0	793	0.000606806	0	793	-0	0	793	-0.0244112	0	793	0.0105707	0	
794	-0.026084	0	794	0.000602841	0	794	0.00066805	0	794	-0	0	794	-0.0254298	0	794	0.0100115	0	
795	-0.0241788	0	795	0.00067166	0	795	0.000913946	0	795	-0	0	795	-0.0284814	0	795	0.00709879	0	
796	-0.0221633	0	796	0.000855887	0	796	0.00150159	0	796	-0	0	796	-0.0270988	0	796	0.00413987	0	
797	-0.0203512	0	797	0.000734128	0	797	0.00179931	0	797	-0	0	797	-0.0321115	0	797	0.00515679	0	
798	-0.0192287	0	798	0.000486628	0	798	0.00200207	0	798	-0	0	798	-0.0342287	0	798	0.00259456	0	
799	-0.0185913	0	799	0.000636927	0	799	0.00225159	0	799	-0	0	799	-0.0337091	0	799	0.0027327	0	
800	-0.0178881	0	800	0.00104642	0	800	0.00272436	0	800	-0	0	800	-0.0373286	0	800	0.00327976	0	
801	-0.0172322	0	801	0.00114114	0	801	0.0032529	0	801	-0	0	801	-0.0400606	0	801	0.00445532	0	
802	-0.0165023	0	802	0.00103768	0	802	0.00348401	0	802	-0	0	802	-0.0395594	0	802	0.00390909	0	
803	-0.0154491	0	803	0.000831156	0	803	0.00357075	0	803	-0	0	803	-0.0409153	0	803	0.00317779	0	
804	-0.0144866	0	804	0.000494247	0	804	0.00383388	0	804	-0	0	804	-0.0444044	0	804	0.00474817	0	
805	-0.0137028	0	805	0.000274896	0	805	0.00390845	0	805	-0	0	805	-0.0443892	0	805	0.00403257	0	
806	0	0	806	0	0	806	0	0	806	0	0	806	0	0	806	0	0	
807	0	0	807	0	0	807	0	0	807	0	0	807	0	0	807	0	0	
808	0	0	808	0	0	808	0	0	808	0	0	808	0	0	808	0	0	
809	0	0	809	0	0	809	0	0	809	0	0	809	0	0	809	0	0	
810	0	0	810	0	0	810	0	0	810	0	0	810	0	0	810	0	0	
811	0	0	811	0	0	811	0	0	811	0	0	811	0	0	811	0	0	
812	0	0	812	0	0	812	0	0	812	0	0	812	0	0	812	0	0	
813	0	0	813	0	0	813	0	0	813	0	0	813	0	0	813	0	0	
814	0	0	814	0	0	814	0	0	814	0	0	814	0	0	814	0	0	
815	0	0	815	0	0	815	0	0	815	0	0	815	0	0	815	0	0	
816	0	0	816	0	0	816	0	0	816	0	0	816	0	0	816	0	0	
817	0	0	817	0	0	817	0	0	817	0	0	817	0	0	817	0	0	
818	0	0	818	0	0	818	0	0	818	0	0	818	0	0	818	0	0	
819	0	0	819	0	0	819	0	0	819	0	0	819	0	0	819	0	0	
820	0	0	820	0	0	820	0	0	820	0	0	820	0	0	820	0	0	
821	-0.0224767	0	821	-0.00172259	0	821	-0.00599847	0	821	-0	0	821	0.0601918	0	821	-0.0038175	0	
822	0	0	822	0	0	822	0	0	822	0	0	822	0	0	822	0	0	
823	-0.0218971	0	823	-0.00214661	0	823	-0.00763885	0	823	-0	0	823	0.0766468	0	823	-0.00969078	0	
824	-0.0217589	0	824	-0.00149118	0	824	-0.00715523	0	824	-0	0	824	0.0688039	0	824	-0.00942479	0	
825	-0.0208816	0	825	-0.00065414	0	825	-0.00599165	0	825	-0	0	825	0.0574956	0	825	-0.0118608	0	
826	0	0	826	0	0	826	0	0	826	0	0	826	0	0	826	0	0	
827	0	0	827	0	0	827	0	0	827	0	0	827	0	0	827	0	0	
828	0	0	828	0	0	828	0	0	828	0	0	828	0	0	828	0	0	
829	0	0	829	0	0	829	0	0	829	0	0	829	0	0	829	0	0	
830	0	0	830	0	0	830	0	0	830	0	0	830	0	0	830	0	0	
831	0	0	831	0	0	831	0	0	831	0	0	831	0	0	831	0	0	
832	0	0	832	0	0	832	0	0	832	0	0	832	0	0	832	0	0	
833	0	0	833	0	0	833	0	0	833	0	0	833	0	0	833	0	0	
834	0	0	834	0	0	834	0	0	834	0	0	834	0	0	834	0	0	
835	0	0	835	0	0	835	0	0	835	0	0	835	0	0	835	0	0	
836	0	0	836	0	0	836	0	0	836	0	0	836	0	0	836	0	0	
837	0	0	837	0	0	837	0	0	837	0	0	837	0	0	837	0	0	
838	0	0	838	0	0	838	0	0	838	0	0	838	0	0	838	0	0	
839	0	0	839	0	0	839	0	0	839	0	0	839	0	0	839	0	0	
840	0	0	840	0	0	840	0	0	840	0	0	840	0	0	840	0	0	
841	0	0	841	0	0	841	0	0	841	0	0	841	0	0	841	0	0	
842	0	0	842	0	0	842	0	0	842	0	0	842	0	0	842	0	0	
843	0	0	843	0	0	843	0	0	843	0	0	843	0	0	843	0	0	
844	0	0	844	0	0	844	0	0	844	0	0	844	0	0	844	0	0	
845	0	0	845	0	0	845	0	0	845	0	0	845	0	0	845	0	0	
846	0	0	846	0	0	846	0	0	846	0	0	846	0	0	846	0	0	
847	0	0	847	0	0	847	0	0	847	0	0	847	0	0	847	0	0	
848	0	0	848	0	0	848	0	0	848	0	0	848	0	0	848	0	0	
849	0	0	849	0	0	849	0	0	849	0	0	849	0	0	849	0	0	
850	0	0	850	0	0	850	0	0	850	0	0	850	0	0	850	0	0	
851	0	0	851	0	0	851	0	0	851	0	0	851	0	0	851	0	0	
852	0	0	852	0	0	852	0	0	852	0	0	852	0	0	852	0	0	
853	0	0	853	0	0	853	0	0	853	0	0	853	0	0	853	0	0	
854	0	0	854	0	0	854	0	0	854	0	0	854	0	0	854	0	0	
855	0	0	855	0	0	855	0	0	855	0	0	855	0	0	855	0	0	
856	0	0	856	0	0	856	0	0	856	0	0	856	0	0	856	0	0	
857	0	0	857	0	0	857	0	0	857	0	0	857	0	0	857	0	0	
858	0	0	858	0	0	858	0	0	858	0	0	858	0	0	858	0	0	
859	0	0	859	0	0	859	0	0	859	0	0	859	0	0	859	0	0	
860	0	0	860	0	0	860	0	0	860	0	0	860	0	0	860	0	0	
861	0	0	861	0	0	861	0	0	861	0	0	861	0	0	861	0	0	
862	0	0	862	0	0	862	0	0	862	0	0	862	0	0	862	0	0	
863	0	0	863	0	0	863	0	0	863	0	0	863	0	0	863	0	0	
864	0	0	864	0	0	864	0	0	864	0	0	864	0	0	864	0	0	
865	0	0	865	0	0	865	0	0	865	0	0	865	0	0	865	0	0	
866	0	0	866	0	0	866	0	0	866	0	0	866	0	0	866	0	0	
867	0	0	867	0	0	867	0	0	867	0	0	867	0	0	867	0	0	
868	0	0	868	0	0	868	0	0	868	0	0	868	0	0	868	0	0	
869	0	0	869	0	0	869	0	0	869	0	0	869	0	0	869	0	0	
870	0	0	870	0	0	870	0	0	870	0	0	870	0	0	870	0	0	
871	0	0	871	0	0	871	0	0	871	0	0	871	0	0	871	0	0	
872	0	0	872	0	0	872	0	0	872	0	0	872	0	0	872	0	0	
873	0	0	873	0	0	873	0	0	873	0	0	873	0	0	873	0	0	
874	0	0	874	0	0	874	0	0	874	0	0	874	0	0	874	0	0	
875	0	0	875	0	0	875	0	0	875	0	0	875	0	0	875	0	0	
876	0	0	876	0	0	876	0	0	876	0	0	876	0	0	876	0	0	
877	0	0	877	0	0	877	0	0	877	0	0	877	0	0	877	0	0	
878	0	0	878	0	0	878	0	0	878	0	0	878	0	0	878	0	0	
879	0	0	879	0	0	879	0	0	879	0	0	879	0	0	879	0	0	
880	0	0	880	0	0	880	0	0	880	0	0	880	0	0	880	0	0	
881	0	0	881	0	0	881	0	0	881	0	0	881	0	0	881	0	0	
882	0	0	882	0	0	882	0	0	882	0	0	882	0	0	882	0	0	
883	0	0	883	0	0	883	0	0	883	0	0	883	0	0	883	0	0	
884	0	0	884	0	0	884	0	0	884	0	0	884	0	0	884	0	0	
885	0	0	885	0	0	885	0	0	885	0	0	885	0	0	885	0	0	
886	0	0	886	0	0	886	0	0	886	0	0	886	0	0	886	0	0	
887	0	0	887	0	0	887	0	0	887	0	0	887	0	0	887	0	0	
888	0	0	888	0	0	888	0	0	888	0	0	888	0	0	888	0	0	
889	0	0	889	0	0	889	0	0	889	0	0	889	0	0	889	0	0	
890	0	0	890	0	0	890	0	0	890	0	0	890	0	0	890	0	0	
891	0	0	891	0	0	891	0	0	891	0	0	891	0	0	891	0	0	
892	0	0	892	0	0	892	0	0	892	0	0	892	0	0	892	0	0	
893	0	0	893	0	0	893	0	0	893	0	0	893	0	0	893	0	0	
894	0	0	894	0	0	894	0	0	894	0	0	894	0	0	894	0	0	
895	0	0	895	0	0	895	0	0	895	0	0	895	0	0	895	0	0	
896	0	0	896	0	0	896	0	0	896	0	0	896	0	0	896	0	0	
897	0	0	897	0	0	897	0	0	897	0	0	897	0	0	897	0	0	
898	-0.016082	0	898	-0.00330255	0	898	-0.00418312	0	898	-0	0	898	0.0206988	0	898	-0.020199	0	
899	0	0	899	0	0	899	0	0	899	0	0	899	0	0	899	0	0	
900	0	0	900	0	0	900	0	0	900	0	0	900	0	0	900	0	0	
901	0	0	901	0	0	901	0	0	901	0	0	901	0	0	901	0	0	
902	0	0	902	0	0	902	0	0	902	0	0	902	0	0	902	0	0	
903	0	0	903	0	0	903	0	0	903	0	0	903	0	0	903	0	0	
904	0.00131318	0	904	-0.00223664	0	904	0.000614578	0	904	-0	0	904	0.0034951	0	904	-0.0169267	0	
905	0.00385774	0	905	-0.00175718	0	905	0.00118027	0	905	-0	0	905	-0.000731008	0	905	-0.0149949	0	
906	0.00619665	0	906	-0.00105354	0	906	0.00119859	0	906	-0	0	906	-0.00357332	0	906	-0.00800103	0	
907	0	0	907	0	0	907	0	0	907	0	0	907	0	0	907	0	0	
908	0	0	908	0	0	908	0	0	908	0	0	908	0	0	908	0	0	
909	0	0	909	0	0	909	0	0	909	0	0	909	0	0	909	0	0	
910	0	0	910	0	0	910	0	0	910	0	0	910	0	0	910	0	0	
911	0	0	911	0	0	911	0	0	911	0	0	911	0	0	911	0	0	
912	0	0	912	0	0	912	0	0	912	0	0	912	0	0	912	0	0	
913	0	0	913	0	0	913	0	0	913	0	0	913	0	0	913	0	0	
914	0	0	914	0	0	914	0	0	914	0	0	914	0	0	914	0	0	
915	0	0	915	0	0	915	0	0	915	0	0	915	0	0	915	0	0	
916	0	0	916	0	0	916	0	0	916	0	0	916	0	0	916	0	0	
917	0	0	917	0	0	917	0	0	917	0	0	917	0	0	917	0	0	
918	0	0	918	0	0	918	0	0	918	0	0	918	0	0	918	0	0	
919	0	0	919	0	0	919	0	0	919	0	0	919	0	0	919	0	0	
920	0.0330537	0	920	-0.000825131	0	920	0.00685823	0	920	-0	0	920	0.00987786	0	920	0.00886877	0	
921	0	0	921	0	0	921	0	0	921	0	0	921	0	0	921	0	0	
922	0	0	922	0	0	922	0	0	922	0	0	922	0	0	922	0	0	
923	0	0	923	0	0	923	0	0	923	0	0	923	0	0	923	0	0	
924	0	0	924	0	0	924	0	0	924	0	0	924	0	0	924	0	0	
925	0	0	925	0	0	925	0	0	925	0	0	925	0	0	925	0	0	
926	0	0	926	0	0	926	0	0	926	0	0	926	0	0	926	0	0	
927	0	0	927	0	0	927	0	0	927	0	0	927	0	0	927	0	0	
928	0.037668	0	928	-0.00100047	0	928	0.00923448	0	928	-0	0	928	-0.00467175	0	928	0.0120994	0	
929	0.0371382	0	929	-0.00116931	0	929	0.0105946	0	929	-0	0	929	-0.0154213	0	929	0.0132589	0	
930	0.0355057	0	930	-0.00104619	0	930	0.00899397	0	930	-0	0	930	-0.00333764	0	930	0.0111214	0	
931	0.0342596	0	931	-0.00126029	0	931	0.00826129	0	931	-0	0	931	0.00300592	0	931	0.01073	0	
932	0	0	932	0	0	932	0	0	932	0	0	932	0	0	932	0	0	
933	0	0	933	0	0	933	0	0	933	0	0	933	0	0	933	0	0	
934	0	0	934	0	0	934	0	0	934	0	0	934	0	0	934	0	0	
935	0.0366033	0	935	-0.00123879	0	935	0.00922499	0	935	-0	0	935	0.00261468	0	935	0.00944351	0	
936	0	0	936	0	0	936	0	0	936	0	0	936	0	0	936	0	0	
937	0	0	937	0	0	937	0	0	937	0	0	937	0	0	937	0	0	
938	0.0378739	0	938	-0.00106689	0	938	0.0100124	0	938	-0	0	938	0.00289797	0	938	0.011236	0	
939	0.0371848	0	939	-0.00117928	0	939	0.00985823	0	939	-0	0	939	0.000157347	0	939	0.0146808	0	
940	0.0359308	0	940	-0.000963949	0	940	0.00967142	0	940	-0	0	940	0.00321734	0	940	0.0112079	0	
941	0.0348594	0	941	-0.000842732	0	941	0.00928187	0	941	-0	0	941	0.00590041	0	941	0.012061	0	
942	0.0337029	0	942	-0.000724017	0	942	0.00912793	0	942	-0	0	942	0.00476109	0	942	0.0106623	0	
943	0.0327808	0	943	-0.000651367	0	943	0.00908819	0	943	-0	0	943	0.00170125	0	943	0.00844105	0	
944	0.0322468	0	944	-0.000560727	0	944	0.00924839	0	944	-0	0	944	0.00351798	0	944	0.0103713	0	
945	0.0320206	0	945	-0.00040373	0	945	0.00922776	0	945	-0	0	945	0.00385948	0	945	0.0125328	0	
946	0.0317461	0	946	-0.000379436	0	946	0.00943908	0	946	-0	0	946	-0.000661364	0	946	0.00937649	0	
947	0.0315511	0	947	-0.000516666	0	947	0.00955727	0	947	-0	0	947	0.000623796	0	947	0.00824643	0	
948	0.0310909	0	948	-0.000680958	0	948	0.0111908	0	948	-0	0	948	-0.00599843	0	948	0.00696468	0	
949	0.0308616	0	949	-0.000211255	0	949	0.010452	0	949	-0	0	949	-0.00430251	0	949	0.00951616	0	
950	0.0302539	0	950	0.000460472	0	950	0.00917125	0	950	-0	0	950	-0.0024378	0	950	0.0140625	0	
951	0.0294877	0	951	0.00107504	0	951	0.00899481	0	951	-0	0	951	-0.000785204	0	951	0.0148091	0	
952	0.0290621	0	952	0.00169363	0	952	0.0085934	0	952	-0	0	952	-0.00170935	0	952	0.014065	0	
953	0.0289945	0	953	0.00218883	0	953	0.00832762	0	953	-0	0	953	-0.000495172	0	953	0.0147029	0	
954	0.0289894	0	954	0.00258573	0	954	0.00853202	0	954	-0	0	954	0.00147644	0	954	0.0135314	0	
955	0.0291257	0	955	0.00280343	0	955	0.00843189	0	955	-0	0	955	-0.00177156	0	955	0.0142512	0	
956	0.02901	0	956	0.00292367	0	956	0.00830973	0	956	-0	0	956	-0.00144145	0	956	0.0139255	0	
957	0.0288757	0	957	0.00300372	0	957	0.00814905	0	957	-0	0	957	-0.000625517	0	957	0.0126876	0	
958	0	0	958	0	0	958	0	0	958	0	0	958	0	0	958	0	0	
959	0	0	959	0	0	959	0	0	959	0	0	959	0	0	959	0	0	
960	0	0	960	0	0	960	0	0	960	0	0	960	0	0	960	0	0	
961	0	0	961	0	0	961	0	0	961	0	0	961	0	0	961	0	0	
962	0.0246376	0	962	0.00395792	0	962	0.00618282	0	962	-0	0	962	0.00552698	0	962	0.0165288	0	
963	0.0225792	0	963	0.00339812	0	963	0.00552715	0	963	-0	0	963	0.0014103	0	963	0.0159484	0	
964	0.0205836	0	964	0.00334796	0	964	0.00504898	0	964	-0	0	964	0.00708435	0	964	0.0154082	0	
965	0.0191641	0	965	0.0032899	0	965	0.00459867	0	965	-0	0	965	0.00416545	0	965	0.0152207	0	
966	0.0180323	0	966	0.00317306	0	966	0.00464679	0	966	-0	0	966	0.00323593	0	966	0.0153809	0	
967	0.0167179	0	967	0.00311848	0	967	0.00435098	0	967	-0	0	967	0.00158399	0	967	0.0148093	0	
968	0.0153086	0	968	0.00309743	0	968	0.00404096	0	968	-0	0	968	-0.00647272	0	968	0.0144958	0	
969	0.0136678	0	969	0.00223362	0	969	0.00403815	0	969	-0	0	969	-0.0205473	0	969	0.012963	0	
970	0.0119575	0	970	0.00149606	0	970	0.00383024	0	970	-0	0	970	-0.0272583	0	970	0.0104554	0	
971	0.0101918	0	971	0.00118416	0	971	0.0030379	0	971	-0	0	971	-0.0263629	0	971	0.00843954	0	
972	0.00862592	0	972	0.00108795	0	972	0.00271085	0	972	-0	0	972	-0.027874	0	972	0.00738249	0	
973	0.00692216	0	973	0.000760194	0	973	0.00223808	0	973	-0	0	973	-0.0301306	0	973	0.00586332	0	
974	0.0051053	0	974	0.000332628	0	974	0.00162059	0	974	-0	0	974	-0.0337279	0	974	0.00209321	0	
975	0.00280293	0	975	0.00023817	0	975	0.000935562	0	975	-0	0	975	-0.030761	0	975	-0.000270156	0	
976	2.76297e-05	0	976	0.000760869	0	976	0.000495457	0	976	-0	0	976	-0.0302206	0	976	0.00158187	0	
977	-0.00300111	0	977	0.00122527	0	977	-0.000286153	0	977	-0	0	977	-0.026327	0	977	0.00172225	0	
978	-0.00634276	0	978	0.00162455	0	978	-0.00154837	0	978	-0	0	978	-0.024419	0	978	0.0032978	0	
979	-0.00981086	0	979	0.00205914	0	979	-0.00253846	0	979	-0	0	979	-0.0230302	0	979	0.00248222	0	
980	-0.0131907	0	980	0.00198776	0	980	-0.00286801	0	980	-0	0	980	-0.0202014	0	980	0.00329714	0	
981	-0.0164529	0	981	0.00119945	0	981	-0.00370952	0	981	-0	0	981	-0.0208607	0	981	0.00113669	0	
982	-0.0190511	0	982	0.00065438	0	982	-0.00438485	0	982	-0	0	982	-0.0166058	0	982	-0.00105665	0	
983	-0.0207612	0	983	0.000507741	0	983	-0.00496318	0	983	-0	0	983	-0.00911003	0	983	-0.00147865	0	
984	-0.0209415	0	984	0.00076838	0	984	-0.00481267	0	984	-0	0	984	-0.00508824	0	984	-0.00354229	0	
985	0	0	985	0	0	985	0	0	985	0	0	985	0	0	985	0	0	
986	0	0	986	0	0	986	0	0	986	0	0	986	0	0	986	0	0	
987	0	0	987	0	0	987	0	0	987	0	0	987	0	0	987	0	0	
988	0	0	988	0	0	988	0	0	988	0	0	988	0	0	988	0	0	
989	0	0	989	0	0	989	0	0	989	0	0	989	0	0	989	0	0	
990	-0.0200935	0	990	0.00150776	0	990	-0.00449821	0	990	-0	0	990	-0.00966379	0	990	-0.00671463	0	
991	0	0	991	0	0	991	0	0	991	0	0	991	0	0	991	0	0	
992	-0.0183686	0	992	0.00162893	0	992	-0.00410235	0	992	-0	0	992	-0.0174804	0	992	-0.0091271	0	
993	-0.0177722	0	993	0.00160386	0	993	-0.00381051	0	993	-0	0	993	-0.011879	0	993	-0.00966222	0	
994	0	0	994	0	0	994	0	0	994	0	0	994	0	0	994	0	0	
995	-0.0168971	0	995	0.00123269	0	995	-0.00411332	0	995	-0	0	995	-0.00842766	0	995	-0.0143999	0	
996	-0.0162785	0	996	0.00120947	0	996	-0.00401748	0	996	-0	0	996	-0.0146719	0	996	-0.0109002	0	
997	-0.0151942	0	997	0.000560904	0	997	-0.00364232	0	997	-0	0	997	-0.0146388	0	997	-0.0143179	0	
998	-0.0144963	0	998	0.000401201	0	998	-0.00353165	0	998	-0	0	998	-0.0199218	0	998	-0.015589	0	
999	-0.0139	0	999	0.000747247	0	999	-0.00288119	0	999	-0	0	999	-0.00392717	0	999	-0.0143901	0	
1000	-0.0129894	0	1000	4.51863e-05	0	1000	-0.00274	0	1000	-0	0	1000	-0.02133	0	1000	-0.018142	0	
1001	-0.0122406	0	1001	0.000167001	0	1001	-0.00247086	0	1001	-0	0	1001	-0.0177722	0	1001	-0.0180689	0	
1002	-0.0116533	0	1002	0.000461505	0	1002	-0.00232076	0	1002	-0	0	1002	-0.0209886	0	1002	-0.0150473	0	
1003	-0.0111339	0	1003	0.000368577	0	1003	-0.00232317	0	1003	-0	0	1003	-0.0179741	0	1003	-0.0133346	0	
1004	-0.0107154	0	1004	0.000350983	0	1004	-0.00215765	0	1004	-0	0	1004	-0.0145909	0	1004	-0.0131605	0	
1005	-0.0103185	0	1005	0.000747998	0	1005	-0.00179649	0	1005	-0	0	1005	-0.00891564	0	1005	-0.0115224	0	
1006	0	0	1006	0	0	1006	0	0	1006	0	0	1006	0	0	1006	0	0	
1007	-0.0100591	0	1007	0.000545268	0	1007	-0.00199315	0	1007	-0	0	1007	-0.0116211	0	1007	-0.00792223	0	
1008	0	0	1008	0	0	1008	0	0	1008	0	0	1008	0	0	1008	0	0	
1009	0	0	1009	0	0	1009	0	0	1009	0	0	1009	0	0	1009	0	0	
1010	0	0	1010	0	0	1010	0	0	1010	0	0	1010	0	0	1010	0	0	
1011	0	0	1011	0	0	1011	0	0	1011	0	0	1011	0	0	1011	0	0	
1012	0	0	1012	0	0	1012	0	0	1012	0	0	1012	0	0	1012	0	0	
1013	0	0	1013	0	0	1013	0	0	1013	0	0	1013	0	0	1013	0	0	
1014	0	0	1014	0	0	1014	0	0	1014	0	0	1014	0	0	1014	0	0	
1015	0	0	1015	0	0	1015	0	0	1015	0	0	1015	0	0	1015	0	0	
1016	0	0	1016	0	0	1016	0	0	1016	0	0	1016	0	0	1016	0	0	
1017	0	0	1017	0	0	1017	0	0	1017	0	0	1017	0	0	1017	0	0	
1018	0	0	1018	0	0	1018	0	0	1018	0	0	1018	0	0	1018	0	0	
1019	0	0	1019	0	0	1019	0	0	1019	0	0	1019	0	0	1019	0	0	
1020	-0.0107977	0	1020	0.000214391	0	1020	-0.00201836	0	1020	-0	0	1020	-0.0200627	0	1020	-0.00407258	0	
1021	-0.0104542	0	1021	3.94834e-05	0	1021	-0.00188307	0	1021	-0	0	1021	-0.0118958	0	1021	-0.00627636	0	
1022	0	0	1022	0	0	1022	0	0	1022	0	0	1022	0	0	1022	0	0	
1023	0	0	1023	0	0	1023	0	0	1023	0	0	1023	0	0	1023	0	0	
1024	-0.008249	0	1024	0.000174287	0	1024	-0.00114557	0	1024	-0	0	1024	-0.0259188	0	1024	-0.016089	0	
1025	-0.00805607	0	1025	-0.000333191	0	1025	-0.00239913	0	1025	-0	0	1025	0.00673476	0	1025	-0.0201054	0	
1026	-0.00620107	0	1026	-0.00164615	0	1026	-0.00118142	0	1026	-0	0	1026	-0.0227087	0	1026	-0.0243121	0	
1027	-0.00483441	0	1027	-0.00145201	0	1027	-0.00118229	0	1027	-0	0	1027	-0.00951592	0	1027	-0.0226911	0	
1028	-0.0038989	0	1028	-0.00115066	0	1028	0.000411203	0	1028	-0	0	1028	-0.0252366	0	1028	-0.0189769	0	
1029	-0.00238732	0	1029	-0.00144452	0	1029	0.00150067	0	1029	-0	0	1029	-0.0434284	0	1029	-0.0171853	0	
1030	-0.00229157	0	1030	-0.00127618	0	1030	-3.30813e-05	0	1030	-0	0	1030	-0.026669	0	1030	-0.0178958	0	
1031	-0.00194163	0	1031	-0.000914985	0	1031	0.000925958	0	1031	-0	0	1031	-0.0319694	0	1031	-0.015398	0	
1032	-0.00226367	0	1032	-0.000356135	0	1032	0.000863484	0	1032	-0	0	1032	-0.0183515	0	1032	-0.0134305	0	
1033	-0.00259837	0	1033	-0.000818116	0	1033	0.000114056	0	1033	-0	0	1033	-0.0206643	0	1033	-0.0123987	0	
1034	0	0	1034	0	0	1034	0	0	1034	0	0	1034	0	0	1034	0	0	
1035	0	0	1035	0	0	1035	0	0	1035	0	0	1035	0	0	1035	0	0	
1036	0	0	1036	0	0	1036	0	0	1036	0	0	1036	0	0	1036	0	0	
1037	0	0	1037	0	0	1037	0	0	1037	0	0	1037	0	0	1037	0	0	
1038	0	0	1038	0	0	1038	0	0	1038	0	0	1038	0	0	1038	0	0	
1039	0	0	1039	0	0	1039	0	0	1039	0	0	1039	0	0	1039	0	0	
1040	0	0	1040	0	0	1040	0	0	1040	0	0	1040	0	0	1040	0	0	
1041	0	0	1041	0	0	1041	0	0	1041	0	0	1041	0	0	1041	0	0	
1042	0	0	1042	0	0	1042	0	0	1042	0	0	1042	0	0	1042	0	0	
1043	0	0	1043	0	0	1043	0	0	1043	0	0	1043	0	0	1043	0	0	
1044	0	0	1044	0	0	1044	0	0	1044	0	0	1044	0	0	1044	0	0	
1045	0	0	1045	0	0	1045	0	0	1045	0	0	1045	0	0	1045	0	0	
1046	0	0	1046	0	0	1046	0	0	1046	0	0	1046	0	0	1046	0	0	
1047	0	0	1047	0	0	1047	0	0	1047	0	0	1047	0	0	1047	0	0	
1048	0	0	1048	0	0	1048	0	0	1048	0	0	1048	0	0	1048	0	0	
1049	0	0	1049	0	0	1049	0	0	1049	0	0	1049	0	0	1049	0	0	
1050	0	0	1050	0	0	1050	0	0	1050	0	0	1050	0	0	1050	0	0	
1051	0	0	1051	0	0	1051	0	0	1051	0	0	1051	0	0	1051	0	0	
1052	0	0	1052	0	0	1052	0	0	1052	0	0	1052	0	0	1052	0	0	
1053	0	0	1053	0	0	1053	0	0	1053	0	0	1053	0	0	1053	0	0	
1054	0	0	1054	0	0	1054	0	0	1054	0	0	1054	0	0	1054	0	0	
1055	-0.0205912	0	1055	0.00158838	0	1055	-0.00513289	0	1055	-0	0	1055	0.0311494	0	1055	0.00542892	0	
1056	-0.0224671	0	1056	0.00164466	0	1056	-0.00580926	0	1056	-0	0	1056	0.0377495	0	1056	0.00540775	0	
1057	-0.0237648	0	1057	0.00167122	0	1057	-0.0064051	0	1057	-0	0	1057	0.0389706	0	1057	0.00469954	0	
1058	-0.0252097	0	1058	0.00161967	0	1058	-0.00672517	0	1058	-0	0	1058	0.0390857	0	1058	0.00385663	0	
1059	-0.0268259	0	1059	0.0013691	0	1059	-0.00693851	0	1059	-0	0	1059	0.0400978	0	1059	0.00186963	0	
1060	-0.0280916	0	1060	0.000831601	0	1060	-0.00726693	0	1060	-0	0	1060	0.0407152	0	1060	-0.000828392	0	
1061	-0.0294246	0	1061	0.000433484	0	1061	-0.00761539	0	1061	-0	0	1061	0.0417865	0	1061	-0.00228672	0	
1062	-0.0312434	0	1062	0.00054942	0	1062	-0.00796403	0	1062	-0	0	1062	0.0443994	0	1062	-0.00502338	0	
1063	-0.0335983	0	1063	0.000808544	0	1063	-0.00861674	0	1063	-0	0	1063	0.0514658	0	1063	-0.00703946	0	
1064	-0.0360932	0	1064	0.00121918	0	1064	-0.00923916	0	1064	-0	0	1064	0.0632722	0	1064	-0.00782624	0	
1065	-0.0394541	0	1065	0.00193446	0	1065	-0.0102578	0	1065	-0	0	1065	0.0755317	0	1065	-0.00916616	0	
1066	-0.0370298	0	1066	0.00239955	0	1066	-0.00941555	0	1066	-0	0	1066	0.0643457	0	1066	-0.00729041	0	
1067	-0.034783	0	1067	0.00234305	0	1067	-0.00733948	0	1067	-0	0	1067	0.0421312	0	1067	-0.00674413	0	
1068	0	0	1068	0	0	1068	0	0	1068	0	0	1068	0	0	1068	0	0	
1069	0	0	1069	0	0	1069	0	0	1069	0	0	1069	0	0	1069	0	0	
1070	0	0	1070	0	0	1070	0	0	1070	0	0	1070	0	0	1070	0	0	
1071	0	0	1071	0	0	1071	0	0	1071	0	0	1071	0	0	1071	0	0	
1072	0	0	1072	0	0	1072	0	0	1072	0	0	1072	0	0	1072	0	0	
1073	0	0	1073	0	0	1073	0	0	1073	0	0	1073	0	0	1073	0	0	
1074	0	0	1074	0	0	1074	0	0	1074	0	0	1074	0	0	1074	0	0	
1075	0	0	1075	0	0	1075	0	0	1075	0	0	1075	0	0	1075	0	0	
1076	0	0	1076	0	0	1076	0	0	1076	0	0	1076	0	0	1076	0	0	
1077	0	0	1077	0	0	1077	0	0	1077	0	0	1077	0	0	1077	0	0	
1078	0	0	1078	0	0	1078	0	0	1078	0	0	1078	0	0	1078	0	0	
1079	0	0	1079	0	0	1079	0	0	1079	0	0	1079	0	0	1079	0	0	
1080	0	0	1080	0	0	1080	0	0	1080	0	0	1080	0	0	1080	0	0	
1081	0	0	1081	0	0	1081	0	0	1081	0	0	1081	0	0	1081	0	0	
1082	0	0	1082	0	0	1082	0	0	1082	0	0	1082	0	0	1082	0	0	
1083	0	0	1083	0	0	1083	0	0	1083	0	0	1083	0	0	1083	0	0	
1084	0	0	1084	0	0	1084	0	0	1084	0	0	1084	0	0	1084	0	0	
1085	0	0	1085	0	0	1085	0	0	1085	0	0	1085	0	0	1085	0	0	
1086	0	0	1086	0	0	1086	0	0	1086	0	0	1086	0	0	1086	0	0	
1087	0	0	1087	0	0	1087	0	0	1087	0	0	1087	0	0	1087	0	0	
1088	0	0	1088	0	0	1088	0	0	1088	0	0	1088	0	0	1088	0	0	
1089	0	0	1089	0	0	1089	0	0	1089	0	0	1089	0	0	1089	0	0	
1090	0	0	1090	0	0	1090	0	0	1090	0	0	1090	0	0	1090	0	0	
1091	0	0	1091	0	0	1091	0	0	1091	0	0	1091	0	0	1091	0	0	
1092	0	0	1092	0	0	1092	0	0	1092	0	0	1092	0	0	1092	0	0	
1093	0	0	1093	0	0	1093	0	0	1093	0	0	1093	0	0	1093	0	0	
1094	0	0	1094	0	0	1094	0	0	1094	0	0	1094	0	0	1094	0	0	
1095	0	0	1095	0	0	1095	0	0	1095	0	0	1095	0	0	1095	0	0	
1096	0	0	1096	0	0	1096	0	0	1096	0	0	1096	0	0	1096	0	0	
1097	0	0	1097	0	0	1097	0	0	1097	0	0	1097	0	0	1097	0	0	
1098	0	0	1098	0	0	1098	0	0	1098	0	0	1098	0	0	1098	0	0	
1099	0	0	1099	0	0	1099	0	0	1099	0	0	1099	0	0	1099	0	0	
1100	0	0	1100	0	0	1100	0	0	1100	0	0	1100	0	0	1100	0	0	
1101	0	0	1101	0	0	1101	0	0	1101	0	0	1101	0	0	1101	0	0	
1102	0	0	1102	0	0	1102	0	0	1102	0	0	1102	0	0	1102	0	0	
1103	-0.0323227	0	1103	-0.000536214	0	1103	-0.00906624	0	1103	-0	0	1103	0.0503269	0	1103	-0.00231716	0	
1104	-0.0315945	0	1104	-0.000253237	0	1104	-0.00863831	0	1104	-0	0	1104	0.0472633	0	1104	-0.00230235	0	
1105	-0.0299405	0	1105	0.000566606	0	1105	-0.00815754	0	1105	-0	0	1105	0.044465	0	1105	6.46778e-05	0	
1106	-0.0287177	0	1106	0.00100538	0	1106	-0.00830218	0	1106	-0	0	1106	0.0452677	0	1106	0.00343997	0	
1107	-0.0274505	0	1107	0.00158597	0	1107	-0.00906401	0	1107	-0	0	1107	0.0575672	0	1107	0.00558612	0	
1108	-0.0259939	0	1108	0.00204403	0	1108	-0.00941673	0	1108	-0	0	1108	0.0660393	0	1108	0.00607724	0	
1109	-0.0245972	0	1109	0.00207848	0	1109	-0.00891026	0	1109	-0	0	1109	0.0585803	0	1109	0.00655521	0	
1110	-0.0235018	0	1110	0.00210701	0	1110	-0.00840488	0	1110	-0	0	1110	0.0552519	0	1110	0.00770315	0	
1111	-0.0223019	0	1111	0.00215287	0	1111	-0.00792341	0	1111	-0	0	1111	0.0494096	0	1111	0.00785872	0	
1112	-0.0212066	0	1112	0.00191533	0	1112	-0.0075557	0	1112	-0	0	1112	0.0416166	0	1112	0.00726857	0	
1113	-0.0201093	0	1113	0.00181365	0	1113	-0.00694592	0	1113	-0	0	1113	0.0397472	0	1113	0.00684571	0	
1114	0	0	1114	0	0	1114	0	0	1114	0	0	1114	0	0	1114	0	0	
1115	0	0	1115	0	0	1115	0	0	1115	0	0	1115	0	0	1115	0	0	
1116	0	0	1116	0	0	1116	0	0	1116	0	0	1116	0	0	1116	0	0	
1117	0	0	1117	0	0	1117	0	0	1117	0	0	1117	0	0	1117	0	0	
1118	0	0	1118	0	0	1118	0	0	1118	0	0	1118	0	0	1118	0	0	
1119	0	0	1119	0	0	1119	0	0	1119	0	0	1119	0	0	1119	0	0	
1120	0	0	1120	0	0	1120	0	0	1120	0	0	1120	0	0	1120	0	0	
1121	0	0	1121	0	0	1121	0	0	1121	0	0	1121	0	0	1121	0	0	
1122	0	0	1122	0	0	1122	0	0	1122	0	0	1122	0	0	1122	0	0	
1123	0	0	1123	0	0	1123	0	0	1123	0	0	1123	0	0	1123	0	0	
1124	0	0	1124	0	0	1124	0	0	1124	0	0	1124	0	0	1124	0	0	
1125	0	0	1125	0	0	1125	0	0	1125	0	0	1125	0	0	1125	0	0	
1126	0	0	1126	0	0	1126	0	0	1126	0	0	1126	0	0	1126	0	0	
1127	0	0	1127	0	0	1127	0	0	1127	0	0	1127	0	0	1127	0	0	
1128	0	0	1128	0	0	1128	0	0	1128	0	0	1128	0	0	1128	0	0	
1129	0	0	1129	0	0	1129	0	0	1129	0	0	1129	0	0	1129	0	0	
1130	0	0	1130	0	0	1130	0	0	1130	0	0	1130	0	0	1130	0	0	
1131	0	0	1131	0	0	1131	0	0	1131	0	0	1131	0	0	1131	0	0	
1132	0	0	1132	0	0	1132	0	0	1132	0	0	1132	0	0	1132	0	0	
1133	0	0	1133	0	0	1133	0	0	1133	0	0	1133	0	0	1133	0	0	
1134	0	0	1134	0	0	1134	0	0	1134	0	0	1134	0	0	1134	0	0	
1135	0	0	1135	0	0	1135	0	0	1135	0	0	1135	0	0	1135	0	0	
1136	0	0	1136	0	0	1136	0	0	1136	0	0	1136	0	0	1136	0	0	
1137	0	0	1137	0	0	1137	0	0	1137	0	0	1137	0	0	1137	0	0	
1138	0	0	1138	0	0	1138	0	0	1138	0	0	1138	0	0	1138	0	0	
1139	0	0	1139	0	0	1139	0	0	1139	0	0	1139	0	0	1139	0	0	
1140	0	0	1140	0	0	1140	0	0	1140	0	0	1140	0	0	1140	0	0	
1141	0	0	1141	0	0	1141	0	0	1141	0	0	1141	0	0	1141	0	0	
1142	0	0	1142	0	0	1142	0	0	1142	0	0	1142	0	0	1142	0	0	
1143	0	0	1143	0	0	1143	0	0	1143	0	0	1143	0	0	1143	0	0	
1144	0	0	1144	0	0	1144	0	0	1144	0	0	1144	0	0	1144	0	0	
1145	0	0	1145	0	0	1145	0	0	1145	0	0	1145	0	0	1145	0	0	
1146	0	0	1146	0	0	1146	0	0	1146	0	0	1146	0	0	1146	0	0	
1147	0	0	1147	0	0	1147	0	0	1147	0	0	1147	0	0	1147	0	0	
1148	0	0	1148	0	0	1148	0	0	1148	0	0	1148	0	0	1148	0	0	
1149	0	0	1149	0	0	1149	0	0	1149	0	0	1149	0	0	1149	0	0	
1150	0	0	1150	0	0	1150	0	0	1150	0	0	1150	0	0	1150	0	0	
1151	0	0	1151	0	0	1151	0	0	1151	0	0	1151	0	0	1151	0	0	
1152	0	0	1152	0	0	1152	0	0	1152	0	0	1152	0	0	1152	0	0	
1153	0	0	1153	0	0	1153	0	0	1153	0	0	1153	0	0	1153	0	0	
1154	0	0	1154	0	0	1154	0	0	1154	0	0	1154	0	0	1154	0	0	
1155	0	0	1155	0	0	1155	0	0	1155	0	0	1155	0	0	1155	0	0	
1156	0	0	1156	0	0	1156	0	0	1156	0	0	1156	0	0	1156	0	0	
1157	0	0	1157	0	0	1157	0	0	1157	0	0	1157	0	0	1157	0	0	
1158	0	0	1158	0	0	1158	0	0	1158	0	0	1158	0	0	1158	0	0	
1159	0	0	1159	0	0	1159	0	0	1159	0	0	1159	0	0	1159	0	0	
1160	0	0	1160	0	0	1160	0	0	1160	0	0	1160	0	0	1160	0	0	
1161	0	0	1161	0	0	1161	0	0	1161	0	0	1161	0	0	1161	0	0	
1162	0	0	1162	0	0	1162	0	0	1162	0	0	1162	0	0	1162	0	0	
1163	0	0	1163	0	0	1163	0	0	1163	0	0	1163	0	0	1163	0	0	
1164	0	0	1164	0	0	1164	0	0	1164	0	0	1164	0	0	1164	0	0	
1165	0	0	1165	0	0	1165	0	0	1165	0	0	1165	0	0	1165	0	0	
1166	0	0	1166	0	0	1166	0	0	1166	0	0	1166	0	0	1166	0	0	
1167	0	0	1167	0	0	1167	0	0	1167	0	0	1167	0	0	1167	0	0	
1168	0	0	1168	0	0	1168	0	0	1168	0	0	1168	0	0	1168	0	0	
1169	0	0	1169	0	0	1169	0	0	1169	0	0	1169	0	0	1169	0	0	
1170	0	0	1170	0	0	1170	0	0	1170	0	0	1170	0	0	1170	0	0	
1171	0	0	1171	0	0	1171	0	0	1171	0	0	1171	0	0	1171	0	0	
1172	0	0	1172	0	0	1172	0	0	1172	0	0	1172	0	0	1172	0	0	
1173	0	0	1173	0	0	1173	0	0	1173	0	0	1173	0	0	1173	0	0	
1174	0	0	1174	0	0	1174	0	0	1174	0	0	1174	0	0	1174	0	0	
1175	0	0	1175	0	0	1175	0	0	1175	0	0	1175	0	0	1175	0	0	
1176	0	0	1176	0	0	1176	0	0	1176	0	0	1176	0	0	1176	0	0	
1177	0	0	1177	0	0	1177	0	0	1177	0	0	1177	0	0	1177	0	0	
1178	0	0	1178	0	0	1178	0	0	1178	0	0	1178	0	0	1178	0	0	
1179	0	0	1179	0	0	1179	0	0	1179	0	0	1179	0	0	1179	0	0	
1180	0	0	1180	0	0	1180	0	0	1180	0	0	1180	0	0	1180	0	0	
1181	0	0	1181	0	0	1181	0	0	1181	0	0	1181	0	0	1181	0	0	
1182	0	0	1182	0	0	1182	0	0	1182	0	0	1182	0	0	1182	0	0	
1183	0	0	1183	0	0	1183	0	0	1183	0	0	1183	0	0	1183	0	0	
1184	0	0	1184	0	0	1184	0	0	1184	0	0	1184	0	0	1184	0	0	
1185	0	0	1185	0	0	1185	0	0	1185	0	0	1185	0	0	1185	0	0	
1186	0	0	1186	0	0	1186	0	0	1186	0	0	1186	0	0	1186	0	0	
1187	0	0	1187	0	0	1187	0	0	1187	0	0	1187	0	0	1187	0	0	
1188	0	0	1188	0	0	1188	0	0	1188	0	0	1188	0	0	1188	0	0	
1189	0	0	1189	0	0	1189	0	0	1189	0	0	1189	0	0	1189	0	0	
1190	0	0	1190	0	0	1190	0	0	1190	0	0	1190	0	0	1190	0	0	
1191	0	0	1191	0	0	1191	0	0	1191	0	0	1191	0	0	1191	0	0	
1192	0	0	1192	0	0	1192	0	0	1192	0	0	1192	0	0	1192	0	0	
1193	0	0	1193	0	0	1193	0	0	1193	0	0	1193	0	0	1193	0	0	
1194	0	0	1194	0	0	1194	0	0	1194	0	0	1194	0	0	1194	0	0	
1195	0	0	1195	0	0	1195	0	0	1195	0	0	1195	0	0	1195	0	0	
1196	0	0	1196	0	0	1196	0	0	1196	0	0	1196	0	0	1196	0	0	
1197	0	0	1197	0	0	1197	0	0	1197	0	0	1197	0	0	1197	0	0	
1198	0	0	1198	0	0	1198	0	0	1198	0	0	1198	0	0	1198	0	0	
1199	0	0	1199	0	0	1199	0	0	1199	0	0	1199	0	0	1199	0	0	
1200	0	0	1200	0	0	1200	0	0	1200	0	0	1200	0	0	1200	0	0	
1201	0	0	1201	0	0	1201	0	0	1201	0	0	1201	0	0	1201	0	0	
1202	0	0	1202	0	0	1202	0	0	1202	0	0	1202	0	0	1202	0	0	
1203	0	0	1203	0	0	1203	0	0	1203	0	0	1203	0	0	1203	0	0	
1204	0	0	1204	0	0	1204	0	0	1204	0	0	1204	0	0	1204	0	0	
1205	0	0	1205	0	0	1205	0	0	1205	0	0	1205	0	0	1205	0	0	
1206	0	0	1206	0	0	1206	0	0	1206	0	0	1206	0	0	1206	0	0	
1207	0	0	1207	0	0	1207	0	0	1207	0	0	1207	0	0	1207	0	0	
1208	0	0	1208	0	0	1208	0	0	1208	0	0	1208	0	0	1208	0	0	
1209	0	0	1209	0	0	1209	0	0	1209	0	0	1209	0	0	1209	0	0	
1210	0	0	1210	0	0	1210	0	0	1210	0	0	1210	0	0	1210	0	0	
1211	0	0	1211	0	0	1211	0	0	1211	0	0	1211	0	0	1211	0	0	
1212	0	0	1212	0	0	1212	0	0	1212	0	0	1212	0	0	1212	0	0	
1213	0	0	1213	0	0	1213	0	0	1213	0	0	1213	0	0	1213	0	0	
1214	0	0	1214	0	0	1214	0	0	1214	0	0	1214	0	0	1214	0	0	
1215	0	0	1215	0	0	1215	0	0	1215	0	0	1215	0	0	1215	0	0	
1216	0.000627064	0	1216	-0.000394134	0	1216	0.00227452	0	1216	-0	0	1216	-0.021416	0	1216	0.0031965	0	
1217	0.00124259	0	1217	-0.000184014	0	1217	0.00245813	0	1217	-0	0	1217	-0.0197781	0	1217	0.00490337	0	
1218	0.00180816	0	1218	-1.68232e-05	0	1218	0.0026548	0	1218	-0	0	1218	-0.0203019	0	1218	0.00486738	0	
1219	0.00226711	0	1219	5.14834e-05	0	1219	0.0028557	0	1219	-0	0	1219	-0.0183571	0	1219	0.00526898	0	
1220	0	0	1220	0	0	1220	0	0	1220	0	0	1220	0	0	1220	0	0	
1221	0	0	1221	0	0	1221	0	0	1221	0	0	1221	0	0	1221	0	0	
1222	0	0	1222	0	0	1222	0	0	1222	0	0	1222	0	0	1222	0	0	
1223	0	0	1223	0	0	1223	0	0	1223	0	0	1223	0	0	1223	0	0	
1224	0	0	1224	0	0	1224	0	0	1224	0	0	1224	0	0	1224	0	0	
1225	0	0	1225	0	0	1225	0	0	1225	0	0	1225	0	0	1225	0	0	
1226	0	0	1226	0	0	1226	0	0	1226	0	0	1226	0	0	1226	0	0	
1227	0	0	1227	0	0	1227	0	0	1227	0	0	1227	0	0	1227	0	0	
1228	0	0	1228	0	0	1228	0	0	1228	0	0	1228	0	0	1228	0	0	
1229	0	0	1229	0	0	1229	0	0	1229	0	0	1229	0	0	1229	0	0	
1230	0	0	1230	0	0	1230	0	0	1230	0	0	1230	0	0	1230	0	0	
1231	0	0	1231	0	0	1231	0	0	1231	0	0	1231	0	0	1231	0	0	
1232	0	0	1232	0	0	1232	0	0	1232	0	0	1232	0	0	1232	0	0	
1233	0	0	1233	0	0	1233	0	0	1233	0	0	1233	0	0	1233	0	0	
1234	0	0	1234	0	0	1234	0	0	1234	0	0	1234	0	0	1234	0	0	
1235	0	0	1235	0	0	1235	0	0	1235	0	0	1235	0	0	1235	0	0	
1236	0	0	1236	0	0	1236	0	0	1236	0	0	1236	0	0	1236	0	0	
1237	0	0	1237	0	0	1237	0	0	1237	0	0	1237	0	0	1237	0	0	
1238	0	0	1238	0	0	1238	0	0	1238	0	0	1238	0	0	1238	0	0	
1239	0	0	1239	0	0	1239	0	0	1239	0	0	1239	0	0	1239	0	0	
1240	0	0	1240	0	0	1240	0	0	1240	0	0	1240	0	0	1240	0	0	
1241	0	0	1241	0	0	1241	0	0	1241	0	0	1241	0	0	1241	0	0	
1242	0	0	1242	0	0	1242	0	0	1242	0	0	1242	0	0	1242	0	0	
1243	0	0	1243	0	0	1243	0	0	1243	0	0	1243	0	0	1243	0	0	
1244	0	0	1244	0	0	1244	0	0	1244	0	0	1244	0	0	1244	0	0	
1245	0	0	1245	0	0	1245	0	0	1245	0	0	1245	0	0	1245	0	0	
1246	0	0	1246	0	0	1246	0	0	1246	0	0	1246	0	0	1246	0	0	
1247	0	0	1247	0	0	1247	0	0	1247	0	0	1247	0	0	1247	0	0	
1248	0	0	1248	0	0	1248	0	0	1248	0	0	1248	0	0	1248	0	0	
1249	0	0	1249	0	0	1249	0	0	1249	0	0	1249	0	0	1249	0	0	
1250	0	0	1250	0	0	1250	0	0	1250	0	0	1250	0	0	1250	0	0	
1251	0	0	1251	0	0	1251	0	0	1251	0	0	1251	0	0	1251	0	0	
1252	0	0	1252	0	0	1252	0	0	1252	0	0	1252	0	0	1252	0	0	
1253	0	0	1253	0	0	1253	0	0	1253	0	0	1253	0	0	1253	0	0	
1254	0	0	1254	0	0	1254	0	0	1254	0	0	1254	0	0	1254	0	0	
1255	0	0	1255	0	0	1255	0	0	1255	0	0	1255	0	0	1255	0	0	
1256	0	0	1256	0	0	1256	0	0	1256	0	0	1256	0	0	1256	0	0	
1257	0	0	1257	0	0	1257	0	0	1257	0	0	1257	0	0	1257	0	0	
1258	0	0	1258	0	0	1258	0	0	1258	0	0	1258	0	0	1258	0	0	
1259	0	0	1259	0	0	1259	0	0	1259	0	0	1259	0	0	1259	0	0	
1260	0	0	1260	0	0	1260	0	0	1260	0	0	1260	0	0	1260	0	0	
1261	0	0	1261	0	0	1261	0	0	1261	0	0	1261	0	0	1261	0	0	
1262	0	0	1262	0	0	1262	0	0	1262	0	0	1262	0	0	1262	0	0	
1263	0	0	1263	0	0	1263	0	0	1263	0	0	1263	0	0	1263	0	0	
1264	0	0	1264	0	0	1264	0	0	1264	0	0	1264	0	0	1264	0	0	
1265	0	0	1265	0	0	1265	0	0	1265	0	0	1265	0	0	1265	0	0	
1266	0	0	1266	0	0	1266	0	0	1266	0	0	1266	0	0	1266	0	0	
1267	0	0	1267	0	0	1267	0	0	1267	0	0	1267	0	0	1267	0	0	
1268	0.0184632	0	1268	0.00110132	0	1268	0.00662705	0	1268	-0	0	1268	-0.0119492	0	1268	0.00265701	0	
1269	0	0	1269	0	0	1269	0	0	1269	0	0	1269	0	0	1269	0	0	
1270	0	0	1270	0	0	1270	0	0	1270	0	0	1270	0	0	1270	0	0	
1271	0	0	1271	0	0	1271	0	0	1271	0	0	1271	0	0	1271	0	0	
1272	0	0	1272	0	0	1272	0	0	1272	0	0	1272	0	0	1272	0	0	
1273	0	0	1273	0	0	1273	0	0	1273	0	0	1273	0	0	1273	0	0	
1274	0	0	1274	0	0	1274	0	0	1274	0	0	1274	0	0	1274	0	0	
1275	0.0158719	0	1275	0.000962884	0	1275	0.00531534	0	1275	-0	0	1275	-0.0108497	0	1275	0.00567498	0	
1276	0	0	1276	0	0	1276	0	0	1276	0	0	1276	0	0	1276	0	0	
1277	0	0	1277	0	0	1277	0	0	1277	0	0	1277	0	0	1277	0	0	
1278	0	0	1278	0	0	1278	0	0	1278	0	0	1278	0	0	1278	0	0	
1279	0	0	1279	0	0	1279	0	0	1279	0	0	1279	0	0	1279	0	0	
1280	0	0	1280	0	0	1280	0	0	1280	0	0	1280	0	0	1280	0	0	
1281	0	0	1281	0	0	1281	0	0	1281	0	0	1281	0	0	1281	0	0	
1282	0	0	1282	0	0	1282	0	0	1282	0	0	1282	0	0	1282	0	0	
1283	0	0	1283	0	0	1283	0	0	1283	0	0	1283	0	0	1283	0	0	
1284	0	0	1284	0	0	1284	0	0	1284	0	0	1284	0	0	1284	0	0	
1285	0	0	1285	0	0	1285	0	0	1285	0	0	1285	0	0	1285	0	0	
1286	0	0	1286	0	0	1286	0	0	1286	0	0	1286	0	0	1286	0	0	
1287	0	0	1287	0	0	1287	0	0	1287	0	0	1287	0	0	1287	0	0	
1288	0	0	1288	0	0	1288	0	0	1288	0	0	1288	0	0	1288	0	0	
1289	0	0	1289	0	0	1289	0	0	1289	0	0	1289	0	0	1289	0	0	
1290	0	0	1290	0	0	1290	0	0	1290	0	0	1290	0	0	1290	0	0	
1291	0	0	1291	0	0	1291	0	0	1291	0	0	1291	0	0	1291	0	0	
1292	0	0	1292	0	0	1292	0	0	1292	0	0	1292	0	0	1292	0	0	
1293	0	0	1293	0	0	1293	0	0	1293	0	0	1293	0	0	1293	0	0	
1294	0	0	1294	0	0	1294	0	0	1294	0	0	1294	0	0	1294	0	0	
1295	0.024193	0	1295	0.00427071	0	1295	0.00339889	0	1295	-0	0	1295	0.0175086	0	1295	0.00976378	0	
1296	0.0235553	0	1296	0.00400488	0	1296	0.00284555	0	1296	-0	0	1296	0.020066	0	1296	0.00808024	0	
1297	0.0227925	0	1297	0.00320193	0	1297	0.00327014	0	1297	-0	0	1297	0.0229443	0	1297	0.00158782	0	
1298	0.0223526	0	1298	0.00296034	0	1298	0.0024588	0	1298	-0	0	1298	0.0256237	0	1298	0.00326927	0	
1299	0.021615	0	1299	0.00274906	0	1299	0.00181252	0	1299	-0	0	1299	0.0294564	0	1299	0.00349755	0	
1300	0.0208086	0	1300	0.00228387	0	1300	0.00174607	0	1300	-0	0	1300	0.0326263	0	1300	0.00188379	0	
1301	0.020112	0	1301	0.00182795	0	1301	0.00162834	0	1301	-0	0	1301	0.0341118	0	1301	0.001793	0	
1302	0.0195864	0	1302	0.00161615	0	1302	0.00152441	0	1302	-0	0	1302	0.0358209	0	1302	0.00237635	0	
1303	0.0189361	0	1303	0.00176819	0	1303	0.00141506	0	1303	-0	0	1303	0.0363253	0	1303	0.00488725	0	
1304	0.0180673	0	1304	0.00160947	0	1304	0.00102785	0	1304	-0	0	1304	0.0311862	0	1304	0.00722106	0	
1305	0.0168597	0	1305	0.00178601	0	1305	0.000946697	0	1305	-0	0	1305	0.0335162	0	1305	0.00598636	0	
1306	0.0156723	0	1306	0.00194698	0	1306	0.0006709	0	1306	-0	0	1306	0.0391844	0	1306	0.00410572	0	
1307	0.0148107	0	1307	0.00176293	0	1307	0.000455647	0	1307	-0	0	1307	0.039685	0	1307	0.00442067	0	
1308	0.013882	0	1308	0.00159606	0	1308	0.000513115	0	1308	-0	0	1308	0.0384068	0	1308	0.00425026	0	
1309	0.0129554	0	1309	0.00156571	0	1309	0.000381198	0	1309	-0	0	1309	0.0364812	0	1309	0.00374526	0	
1310	0.0123013	0	1310	0.00129866	0	1310	0.00157719	0	1310	-0	0	1310	0.0384584	0	1310	0.00152591	0	
1311	0.0118807	0	1311	0.00145541	0	1311	0.000641605	0	1311	-0	0	1311	0.0308273	0	1311	0.00242199	0	
1312	0.0113134	0	1312	0.00125732	0	1312	0.000813027	0	1312	-0	0	1312	0.0297896	0	1312	0.0025845	0	
1313	0.0105829	0	1313	0.00120291	0	1313	0.000718843	0	1313	-0	0	1313	0.0280842	0	1313	0.00245496	0	
1314	0.00972887	0	1314	0.00107489	0	1314	0.000565184	0	1314	-0	0	1314	0.0288638	0	1314	0.00385782	0	
1315	0.00862365	0	1315	0.00101487	0	1315	0.000559511	0	1315	-0	0	1315	0.0263819	0	1315	-0.00235822	0	
1316	0.00832537	0	1316	0.000790666	0	1316	0.000473466	0	1316	-0	0	1316	0.0216793	0	1316	0.001937	0	
1317	0.00777644	0	1317	0.000529377	0	1317	0.00047866	0	1317	-0	0	1317	0.0114399	0	1317	0.00622975	0	
1318	0.00697077	0	1318	0.00097322	0	1318	0.000436317	0	1318	-0	0	1318	0.0127771	0	1318	0.00681566	0	
1319	0.00595803	0	1319	0.00102027	0	1319	-3.79799e-05	0	1319	-0	0	1319	0.0100958	0	1319	0.00800523	0	
1320	0	0	1320	0	0	1320	0	0	1320	0	0	1320	0	0	1320	0	0	
1321	0.00487035	0	1321	0.00138248	0	1321	-0.000107719	0	1321	-0	0	1321	0.00837264	0	1321	0.01041	0	
1322	0	0	1322	0	0	1322	0	0	1322	0	0	1322	0	0	1322	0	0	
1323	0	0	1323	0	0	1323	0	0	1323	0	0	1323	0	0	1323	0	0	
1324	0	0	1324	0	0	1324	0	0	1324	0	0	1324	0	0	1324	0	0	
1325	0	0	1325	0	0	1325	0	0	1325	0	0	1325	0	0	1325	0	0	
1326	0	0	1326	0	0	1326	0	0	1326	0	0	1326	0	0	1326	0	0	
1327	0	0	1327	0	0	1327	0	0	1327	0	0	1327	0	0	1327	0	0	
1328	0	0	1328	0	0	1328	0	0	1328	0	0	1328	0	0	1328	0	0	
1329	0	0	1329	0	0	1329	0	0	1329	0	0	1329	0	0	1329	0	0	
1330	0	0	1330	0	0	1330	0	0	1330	0	0	1330	0	0	1330	0	0	
1331	0	0	1331	0	0	1331	0	0	1331	0	0	1331	0	0	1331	0	0	
1332	0	0	1332	0	0	1332	0	0	1332	0	0	1332	0	0	1332	0	0	
1333	0	0	1333	0	0	1333	0	0	1333	0	0	1333	0	0	1333	0	0	
1334	0	0	1334	0	0	1334	0	0	1334	0	0	1334	0	0	1334	0	0	
1335	0	0	1335	0	0	1335	0	0	1335	0	0	1335	0	0	1335	0	0	
1336	0	0	1336	0	0	1336	0	0	1336	0	0	1336	0	0	1336	0	0	
1337	0	0	1337	0	0	1337	0	0	1337	0	0	1337	0	0	1337	0	0	
1338	0	0	1338	0	0	1338	0	0	1338	0	0	1338	0	0	1338	0	0	
1339	0	0	1339	0	0	1339	0	0	1339	0	0	1339	0	0	1339	0	0	
1340	0	0	1340	0	0	1340	0	0	1340	0	0	1340	0	0	1340	0	0	
1341	0	0	1341	0	0	1341	0	0	1341	0	0	1341	0	0	1341	0	0	
1342	0	0	1342	0	0	1342	0	0	1342	0	0	1342	0	0	1342	0	0	
1343	0	0	1343	0	0	1343	0	0	1343	0	0	1343	0	0	1343	0	0	
1344	0	0	1344	0	0	1344	0	0	1344	0	0	1344	0	0	1344	0	0	
1345	0	0	1345	0	0	1345	0	0	1345	0	0	1345	0	0	1345	0	0	
1346	0	0	1346	0	0	1346	0	0	1346	0	0	1346	0	0	1346	0	0	
1347	0	0	1347	0	0	1347	0	0	1347	0	0	1347	0	0	1347	0	0	
1348	0	0	1348	0	0	1348	0	0	1348	0	0	1348	0	0	1348	0	0	
1349	0	0	1349	0	0	1349	0	0	1349	0	0	1349	0	0	1349	0	0	
1350	0	0	1350	0	0	1350	0	0	1350	0	0	1350	0	0	1350	0	0	
1351	0	0	1351	0	0	1351	0	0	1351	0	0	1351	0	0	1351	0	0	
1352	0	0	1352	0	0	1352	0	0	1352	0	0	1352	0	0	1352	0	0	
1353	0	0	1353	0	0	1353	0	0	1353	0	0	1353	0	0	1353	0	0	
1354	0	0	1354	0	0	1354	0	0	1354	0	0	1354	0	0	1354	0	0	
1355	0	0	1355	0	0	1355	0	0	1355	0	0	1355	0	0	1355	0	0	
1356	0	0	1356	0	0	1356	0	0	1356	0	0	1356	0	0	1356	0	0	
1357	0	0	1357	0	0	1357	0	0	1357	0	0	1357	0	0	1357	0	0	
1358	0	0	1358	0	0	1358	0	0	1358	0	0	1358	0	0	1358	0	0	
1359	0	0	1359	0	0	1359	0	0	1359	0	0	1359	0	0	1359	0	0	
1360	0	0	1360	0	0	1360	0	0	1360	0	0	1360	0	0	1360	0	0	
1361	0	0	1361	0	0	1361	0	0	1361	0	0	1361	0	0	1361	0	0	
1362	0	0	1362	0	0	1362	0	0	1362	0	0	1362	0	0	1362	0	0	
1363	0	0	1363	0	0	1363	0	0	1363	0	0	1363	0	0	1363	0	0	
1364	0	0	1364	0	0	1364	0	0	1364	0	0	1364	0	0	1364	0	0	
1365	0	0	1365	0	0	1365	0	0	1365	0	0	1365	0	0	1365	0	0	
1366	0	0	1366	0	0	1366	0	0	1366	0	0	1366	0	0	1366	0	0	
1367	0	0	1367	0	0	1367	0	0	1367	0	0	1367	0	0	1367	0	0	
1368	0	0	1368	0	0	1368	0	0	1368	0	0	1368	0	0	1368	0	0	
1369	0	0	1369	0	0	1369	0	0	1369	0	0	1369	0	0	1369	0	0	
1370	0	0	1370	0	0	1370	0	0	1370	0	0	1370	0	0	1370	0	0	
1371	0	0	1371	0	0	1371	0	0	1371	0	0	1371	0	0	1371	0	0	
1372	0	0	1372	0	0	1372	0	0	1372	0	0	1372	0	0	1372	0	0	
1373	0	0	1373	0	0	1373	0	0	1373	0	0	1373	0	0	1373	0	0	
1374	0	0	1374	0	0	1374	0	0	1374	0	0	1374	0	0	1374	0	0	
1375	0	0	1375	0	0	1375	0	0	1375	0	0	1375	0	0	1375	0	0	
1376	0	0	1376	0	0	1376	0	0	1376	0	0	1376	0	0	1376	0	0	
1377	0	0	1377	0	0	1377	0	0	1377	0	0	1377	0	0	1377	0	0	
1378	0	0	1378	0	0	1378	0	0	1378	0	0	1378	0	0	1378	0	0	
1379	0	0	1379	0	0	1379	0	0	1379	0	0	1379	0	0	1379	0	0	
1380	0	0	1380	0	0	1380	0	0	1380	0	0	1380	0	0	1380	0	0	
1381	0	0	1381	0	0	1381	0	0	1381	0	0	1381	0	0	1381	0	0	
1382	-0.0394616	0	1382	-0.00027848	0	1382	-0.0091801	0	1382	-0	0	1382	-0.0173157	0	1382	-0.00021252	0	
1383	0	0	1383	0	0	1383	0	0	1383	0	0	1383	0	0	1383	0	0	
1384	0	0	1384	0	0	1384	0	0	1384	0	0	1384	0	0	1384	0	0	
1385	0	0	1385	0	0	1385	0	0	1385	0	0	1385	0	0	1385	0	0	
