Velocities
0	0	0	0	0	0	0	0	0	0	0	0	0	0	0	0	0	0	
1	0	0	1	0	0	1	0	0	1	0	0	1	0	0	1	0	0	
2	0	0	2	0	0	2	0	0	2	0	0	2	0	0	2	0	0	
3	-0.000151555	0	3	-0.00326377	0	3	-0.000947908	0	3	-0.0101812	0	3	0.00557672	0	3	-0.0132035	0	
4	0	0	4	0	0	4	0	0	4	0	0	4	0	0	4	0	0	
5	0	0	5	0	0	5	0	0	5	0	0	5	0	0	5	0	0	
6	0	0	6	0	0	6	0	0	6	0	0	6	0	0	6	0	0	
7	0	0	7	0	0	7	0	0	7	0	0	7	0	0	7	0	0	
8	0	0	8	0	0	8	0	0	8	0	0	8	0	0	8	0	0	
9	0	0	9	0	0	9	0	0	9	0	0	9	0	0	9	0	0	
10	0	0	10	0	0	10	0	0	10	0	0	10	0	0	10	0	0	
11	0	0	11	0	0	11	0	0	11	0	0	11	0	0	11	0	0	
12	0	0	12	0	0	12	0	0	12	0	0	12	0	0	12	0	0	
13	0	0	13	0	0	13	0	0	13	0	0	13	0	0	13	0	0	
14	0	0	14	0	0	14	0	0	14	0	0	14	0	0	14	0	0	
15	9.99209e-05	0	15	-0.00411357	0	15	-0.00132116	0	15	-0.0100783	0	15	0.00576724	0	15	-0.0203993	0	
16	-0.000121941	0	16	-0.00413043	0	16	-0.00147281	0	16	-0.0105521	0	16	0.00852098	0	16	-0.0189646	0	
17	-2.80659e-06	0	17	-0.00422111	0	17	-0.00137143	0	17	-0.0112255	0	17	0.00701189	0	17	-0.0207169	0	
18	3.14668e-05	0	18	-0.00424775	0	18	-0.00124846	0	18	-0.0119691	0	18	0.00671439	0	18	-0.0203065	0	
19	-5.94372e-05	0	19	-0.00409753	0	19	-0.00127447	0	19	-0.0114398	0	19	0.00746867	0	19	-0.0184564	0	
20	-0.000111183	0	20	-0.00392863	0	20	-0.00136376	0	20	-0.0111283	0	20	0.00772566	0	20	-0.0180736	0	
21	0	0	21	0	0	21	0	0	21	0	0	21	0	0	21	0	0	
22	0	0	22	0	0	22	0	0	22	0	0	22	0	0	22	0	0	
23	0	0	23	0	0	23	0	0	23	0	0	23	0	0	23	0	0	
24	0	0	24	0	0	24	0	0	24	0	0	24	0	0	24	0	0	
25	-0.000191365	0	25	-0.00395894	0	25	-0.00156591	0	25	-0.011028	0	25	0.00913665	0	25	-0.0188964	0	
26	-0.000178629	0	26	-0.00404898	0	26	-0.00153876	0	26	-0.0112605	0	26	0.00931892	0	26	-0.0194066	0	
27	-0.000125344	0	27	-0.00416663	0	27	-0.00145925	0	27	-0.0114522	0	27	0.0092151	0	27	-0.0200633	0	
28	-7.94893e-05	0	28	-0.00426257	0	28	-0.00140697	0	28	-0.0115223	0	28	0.00892553	0	28	-0.0206992	0	
29	1.38208e-06	0	29	-0.00436729	0	29	-0.00134067	0	29	-0.0114732	0	29	0.00778576	0	29	-0.0214699	0	
30	2.4618e-05	0	30	-0.00443913	0	30	-0.00130935	0	30	-0.0114845	0	30	0.00765824	0	30	-0.0218399	0	
31	3.88815e-05	0	31	-0.00447905	0	31	-0.00128608	0	31	-0.0114694	0	31	0.00761753	0	31	-0.0220665	0	
32	4.94653e-05	0	32	-0.00449852	0	32	-0.00126867	0	32	-0.0113501	0	32	0.00739228	0	32	-0.0221547	0	
33	5.67884e-05	0	33	-0.00451318	0	33	-0.00125417	0	33	-0.0111825	0	33	0.0070691	0	33	-0.0221335	0	
34	6.69916e-05	0	34	-0.0045159	0	34	-0.00124099	0	34	-0.0110147	0	34	0.00678373	0	34	-0.0220985	0	
35	0.00010179	0	35	-0.00452966	0	35	-0.00120904	0	35	-0.0108672	0	35	0.00629759	0	35	-0.0223113	0	
36	0.000126517	0	36	-0.00453803	0	36	-0.00117622	0	36	-0.0106905	0	36	0.00591295	0	36	-0.0224298	0	
37	0.000144359	0	37	-0.00453829	0	37	-0.0011584	0	37	-0.0104857	0	37	0.00562345	0	37	-0.0224925	0	
38	0.000164048	0	38	-0.00453855	0	38	-0.001136	0	38	-0.0103201	0	38	0.0053416	0	38	-0.0226263	0	
39	0.000210991	0	39	-0.00448927	0	39	-0.00111786	0	39	-0.0101384	0	39	0.00508004	0	39	-0.0233151	0	
40	0.000221694	0	40	-0.00456767	0	40	-0.00108166	0	40	-0.0103108	0	40	0.00495502	0	40	-0.0234792	0	
41	0.000250098	0	41	-0.00464406	0	41	-0.00103198	0	41	-0.010682	0	41	0.0046811	0	41	-0.0237074	0	
42	0.0002742	0	42	-0.00473916	0	42	-0.00101624	0	42	-0.010908	0	42	0.00434034	0	42	-0.0241742	0	
43	0.000271075	0	43	-0.00476765	0	43	-0.00103208	0	43	-0.0109533	0	43	0.00439366	0	43	-0.0243362	0	
44	0.000257213	0	44	-0.00476444	0	44	-0.00104471	0	44	-0.0109472	0	44	0.00443085	0	44	-0.0243681	0	
45	0.00026768	0	45	-0.00479371	0	45	-0.00102156	0	45	-0.0110245	0	45	0.00431819	0	45	-0.0243725	0	
46	0.000286599	0	46	-0.00483059	0	46	-0.000968714	0	46	-0.0111684	0	46	0.00430287	0	46	-0.024222	0	
47	0.000328705	0	47	-0.00486304	0	47	-0.000900749	0	47	-0.0113129	0	47	0.0039726	0	47	-0.024321	0	
48	0.000364118	0	48	-0.00489253	0	48	-0.000847466	0	48	-0.0113739	0	48	0.00361546	0	48	-0.0245122	0	
49	0.000376723	0	49	-0.00490466	0	49	-0.000815574	0	49	-0.0113976	0	49	0.00348011	0	49	-0.0245408	0	
50	0.000365391	0	50	-0.0048881	0	50	-0.000823789	0	50	-0.0114387	0	50	0.00363731	0	50	-0.0243688	0	
51	8.161e-05	0	51	-0.00428118	0	51	-0.000960124	0	51	-0.011114	0	51	0.00581347	0	51	-0.0200041	0	
52	-0.000236356	0	52	-0.00327875	0	52	-0.000813055	0	52	-0.00913018	0	52	0.00619559	0	52	-0.0122355	0	
53	0	0	53	0	0	53	0	0	53	0	0	53	0	0	53	0	0	
54	0	0	54	0	0	54	0	0	54	0	0	54	0	0	54	0	0	
55	0	0	55	0	0	55	0	0	55	0	0	55	0	0	55	0	0	
56	0	0	56	0	0	56	0	0	56	0	0	56	0	0	56	0	0	
57	0	0	57	0	0	57	0	0	57	0	0	57	0	0	57	0	0	
58	0	0	58	0	0	58	0	0	58	0	0	58	0	0	58	0	0	
59	0	0	59	0	0	59	0	0	59	0	0	59	0	0	59	0	0	
60	0	0	60	0	0	60	0	0	60	0	0	60	0	0	60	0	0	
61	0	0	61	0	0	61	0	0	61	0	0	61	0	0	61	0	0	
62	0	0	62	0	0	62	0	0	62	0	0	62	0	0	62	0	0	
63	0	0	63	0	0	63	0	0	63	0	0	63	0	0	63	0	0	
64	0	0	64	0	0	64	0	0	64	0	0	64	0	0	64	0	0	
65	0	0	65	0	0	65	0	0	65	0	0	65	0	0	65	0	0	
66	0	0	66	0	0	66	0	0	66	0	0	66	0	0	66	0	0	
67	0	0	67	0	0	67	0	0	67	0	0	67	0	0	67	0	0	
68	0	0	68	0	0	68	0	0	68	0	0	68	0	0	68	0	0	
69	0	0	69	0	0	69	0	0	69	0	0	69	0	0	69	0	0	
70	0	0	70	0	0	70	0	0	70	0	0	70	0	0	70	0	0	
71	0	0	71	0	0	71	0	0	71	0	0	71	0	0	71	0	0	
72	-0.00195511	0	72	0.00158994	0	72	-0.00192266	0	72	-0.0116592	0	72	0.012693	0	72	0.0154419	0	
73	-0.00203812	0	73	0.00185668	0	73	-0.00215266	0	73	-0.00994193	0	73	0.0126587	0	73	0.0175136	0	
74	-0.00218455	0	74	0.00190304	0	74	-0.00228049	0	74	-0.0117182	0	74	0.0139244	0	74	0.0193743	0	
75	-0.00228105	0	75	0.00213255	0	75	-0.00244095	0	75	-0.0117743	0	75	0.0132187	0	75	0.021205	0	
76	-0.0022503	0	76	0.00215166	0	76	-0.00217877	0	76	-0.0139151	0	76	0.0134663	0	76	0.0238705	0	
77	-0.00241226	0	77	0.00269259	0	77	-0.00219501	0	77	-0.0148413	0	77	0.0127638	0	77	0.0234768	0	
78	-0.00244226	0	78	0.00309104	0	78	-0.00218449	0	78	-0.0125968	0	78	0.0130781	0	78	0.0279485	0	
79	-0.00336017	0	79	0.00278761	0	79	-0.0011541	0	79	-0.0235605	0	79	0.0151339	0	79	0.0179002	0	
80	-0.00305291	0	80	0.0036963	0	80	-0.00185113	0	80	-0.0164349	0	80	0.0153552	0	80	0.029213	0	
81	-0.00274591	0	81	0.00403562	0	81	-0.00202551	0	81	-0.0147508	0	81	0.0125668	0	81	0.0343073	0	
82	-0.0029346	0	82	0.00433571	0	82	-0.00217576	0	82	-0.0140409	0	82	0.0124348	0	82	0.037801	0	
83	-0.00320884	0	83	0.0050324	0	83	-0.00224335	0	83	-0.0130932	0	83	0.0168297	0	83	0.0417277	0	
84	-0.00338301	0	84	0.00584798	0	84	-0.00202995	0	84	-0.0146716	0	84	0.0151291	0	84	0.0468915	0	
85	-0.00338997	0	85	0.00601193	0	85	-0.00206577	0	85	-0.0148993	0	85	0.0161492	0	85	0.0479708	0	
86	-0.00344419	0	86	0.00618279	0	86	-0.00218114	0	86	-0.0143591	0	86	0.0158045	0	86	0.0488188	0	
87	-0.0035327	0	87	0.00646936	0	87	-0.00209339	0	87	-0.0132619	0	87	0.0158626	0	87	0.0519224	0	
88	-0.00379161	0	88	0.00712876	0	88	-0.00198064	0	88	-0.0133821	0	88	0.0128758	0	88	0.0551393	0	
89	-0.00390054	0	89	0.0077091	0	89	-0.0019272	0	89	-0.0132926	0	89	0.0137878	0	89	0.0583923	0	
90	-0.00408913	0	90	0.00817724	0	90	-0.00199462	0	90	-0.0122554	0	90	0.016244	0	90	0.0624072	0	
91	-0.00440855	0	91	0.00899441	0	91	-0.00206351	0	91	-0.0120855	0	91	0.0170014	0	91	0.0669662	0	
92	-0.00455083	0	92	0.0092276	0	92	-0.0020772	0	92	-0.0123154	0	92	0.0158699	0	92	0.0704918	0	
93	-0.00505113	0	93	0.0097091	0	93	-0.00191083	0	93	-0.014591	0	93	0.0189442	0	93	0.0730687	0	
94	-0.0051894	0	94	0.0108378	0	94	-0.00227531	0	94	-0.0134305	0	94	0.016439	0	94	0.0786544	0	
95	-0.00531691	0	95	0.0114824	0	95	-0.00249361	0	95	-0.0128825	0	95	0.0154409	0	95	0.0832142	0	
96	-0.00563103	0	96	0.0120339	0	96	-0.00238298	0	96	-0.0147816	0	96	0.0173449	0	96	0.0876126	0	
97	-0.00570841	0	97	0.0125972	0	97	-0.00243759	0	97	-0.0138326	0	97	0.0160351	0	97	0.0900018	0	
98	-0.00600269	0	98	0.0131031	0	98	-0.00255426	0	98	-0.0137919	0	98	0.0165739	0	98	0.095386	0	
99	-0.00623752	0	99	0.0134619	0	99	-0.00249831	0	99	-0.0146559	0	99	0.0161437	0	99	0.0979055	0	
100	-0.00641974	0	100	0.0137974	0	100	-0.00271887	0	100	-0.0149482	0	100	0.0176005	0	100	0.1	0	
101	-0.00655618	0	101	0.0142357	0	101	-0.00256692	0	101	-0.0154412	0	101	0.01772	0	101	0.1	0	
102	-0.0066031	0	102	0.0146751	0	102	-0.00254778	0	102	-0.0149452	0	102	0.0187429	0	102	0.1	0	
103	-0.00677383	0	103	0.0152744	0	103	-0.00252286	0	103	-0.0130658	0	103	0.0161787	0	103	0.1	0	
104	-0.00686824	0	104	0.0155517	0	104	-0.00239767	0	104	-0.0146243	0	104	0.0173879	0	104	0.1	0	
105	-0.00702601	0	105	0.0158171	0	105	-0.00250352	0	105	-0.0147812	0	105	0.0177698	0	105	0.1	0	
106	-0.00716463	0	106	0.0161247	0	106	-0.00255184	0	106	-0.0150247	0	106	0.0179173	0	106	0.1	0	
107	-0.00738054	0	107	0.0166159	0	107	-0.00264674	0	107	-0.0152464	0	107	0.018714	0	107	0.1	0	
108	-0.00751558	0	108	0.0171629	0	108	-0.00275325	0	108	-0.013245	0	108	0.0177524	0	108	0.1	0	
109	-0.00754363	0	109	0.0172981	0	109	-0.00280633	0	109	-0.0126619	0	109	0.0156721	0	109	0.1	0	
110	-0.00772924	0	110	0.0175216	0	110	-0.0028111	0	110	-0.0127602	0	110	0.0175893	0	110	0.1	0	
111	-0.00789377	0	111	0.0179077	0	111	-0.0027793	0	111	-0.0128024	0	111	0.0172385	0	111	0.1	0	
112	-0.00796561	0	112	0.0182216	0	112	-0.00286821	0	112	-0.0107992	0	112	0.0161286	0	112	0.1	0	
113	-0.00812431	0	113	0.0185845	0	113	-0.00284495	0	113	-0.0103969	0	113	0.0168086	0	113	0.1	0	
114	-0.00837609	0	114	0.0191666	0	114	-0.00287115	0	114	-0.00970146	0	114	0.0178139	0	114	0.1	0	
115	-0.00850015	0	115	0.0194384	0	115	-0.00281543	0	115	-0.0102831	0	115	0.0195242	0	115	0.1	0	
116	-0.00878885	0	116	0.0201569	0	116	-0.00283989	0	116	-0.00991407	0	116	0.0208805	0	116	0.1	0	
117	-0.00883775	0	117	0.0205743	0	117	-0.00290437	0	117	-0.00830762	0	117	0.0186396	0	117	0.1	0	
118	-0.00908397	0	118	0.0210579	0	118	-0.00284342	0	118	-0.00730917	0	118	0.0193167	0	118	0.1	0	
119	-0.00927466	0	119	0.0213715	0	119	-0.00294342	0	119	-0.0067542	0	119	0.0180735	0	119	0.1	0	
120	-0.00966406	0	120	0.0219481	0	120	-0.00302975	0	120	-0.00673318	0	120	0.019847	0	120	0.1	0	
121	-0.00986269	0	121	0.0223653	0	121	-0.00315049	0	121	-0.00574432	0	121	0.0201076	0	121	0.1	0	
122	-0.0100591	0	122	0.0229596	0	122	-0.00317406	0	122	-0.00494669	0	122	0.0226546	0	122	0.1	0	
123	-0.010114	0	123	0.0233093	0	123	-0.00306165	0	123	-0.00604019	0	123	0.0235463	0	123	0.1	0	
124	-0.0103047	0	124	0.0237113	0	124	-0.00299716	0	124	-0.00518307	0	124	0.0229676	0	124	0.1	0	
125	-0.0104061	0	125	0.0239878	0	125	-0.00298444	0	125	-0.00340876	0	125	0.0195949	0	125	0.1	0	
126	-0.0104965	0	126	0.0242079	0	126	-0.00290897	0	126	-0.00336899	0	126	0.0199425	0	126	0.1	0	
127	-0.0108707	0	127	0.024755	0	127	-0.00296291	0	127	-0.00244171	0	127	0.0218855	0	127	0.1	0	
128	-0.0111603	0	128	0.0253746	0	128	-0.0031385	0	128	-0.00129623	0	128	0.0240017	0	128	0.1	0	
129	-0.0112899	0	129	0.02569	0	129	-0.00321317	0	129	-0.000689101	0	129	0.023938	0	129	0.1	0	
130	-0.0115246	0	130	0.0261889	0	130	-0.00331191	0	130	0.000655574	0	130	0.0237375	0	130	0.1	0	
131	-0.0115512	0	131	0.026323	0	131	-0.00320296	0	131	0.00290557	0	131	0.0221027	0	131	0.1	0	
132	-0.0117866	0	132	0.0267466	0	132	-0.00307892	0	132	0.00325252	0	132	0.0259077	0	132	0.1	0	
133	-0.012283	0	133	0.0275969	0	133	-0.00316806	0	133	0.00431689	0	133	0.0258059	0	133	0.1	0	
134	-0.0123158	0	134	0.0279551	0	134	-0.00322372	0	134	0.00454185	0	134	0.0268489	0	134	0.1	0	
135	-0.0125983	0	135	0.0286114	0	135	-0.00310281	0	135	0.00682021	0	135	0.0269619	0	135	0.1	0	
136	-0.0129902	0	136	0.0292408	0	136	-0.00319577	0	136	0.00750691	0	136	0.0269712	0	136	0.1	0	
137	-0.0133703	0	137	0.0301216	0	137	-0.00306874	0	137	0.00939797	0	137	0.0266442	0	137	0.1	0	
138	-0.0137071	0	138	0.031045	0	138	-0.00291105	0	138	0.0104934	0	138	0.028654	0	138	0.1	0	
139	-0.0138483	0	139	0.0312788	0	139	-0.00310444	0	139	0.0106654	0	139	0.0281536	0	139	0.1	0	
140	0	0	140	0	0	140	0	0	140	0	0	140	0	0	140	0	0	
141	0	0	141	0	0	141	0	0	141	0	0	141	0	0	141	0	0	
142	0	0	142	0	0	142	0	0	142	0	0	142	0	0	142	0	0	
143	0	0	143	0	0	143	0	0	143	0	0	143	0	0	143	0	0	
144	0	0	144	0	0	144	0	0	144	0	0	144	0	0	144	0	0	
145	0	0	145	0	0	145	0	0	145	0	0	145	0	0	145	0	0	
146	0	0	146	0	0	146	0	0	146	0	0	146	0	0	146	0	0	
147	0	0	147	0	0	147	0	0	147	0	0	147	0	0	147	0	0	
148	0	0	148	0	0	148	0	0	148	0	0	148	0	0	148	0	0	
149	0	0	149	0	0	149	0	0	149	0	0	149	0	0	149	0	0	
150	0	0	150	0	0	150	0	0	150	0	0	150	0	0	150	0	0	
151	0	0	151	0	0	151	0	0	151	0	0	151	0	0	151	0	0	
152	0	0	152	0	0	152	0	0	152	0	0	152	0	0	152	0	0	
153	0	0	153	0	0	153	0	0	153	0	0	153	0	0	153	0	0	
154	0	0	154	0	0	154	0	0	154	0	0	154	0	0	154	0	0	
155	0	0	155	0	0	155	0	0	155	0	0	155	0	0	155	0	0	
156	0	0	156	0	0	156	0	0	156	0	0	156	0	0	156	0	0	
157	0	0	157	0	0	157	0	0	157	0	0	157	0	0	157	0	0	
158	0	0	158	0	0	158	0	0	158	0	0	158	0	0	158	0	0	
159	0	0	159	0	0	159	0	0	159	0	0	159	0	0	159	0	0	
160	0	0	160	0	0	160	0	0	160	0	0	160	0	0	160	0	0	
161	0	0	161	0	0	161	0	0	161	0	0	161	0	0	161	0	0	
162	0	0	162	0	0	162	0	0	162	0	0	162	0	0	162	0	0	
163	0	0	163	0	0	163	0	0	163	0	0	163	0	0	163	0	0	
164	-0.013522	0	164	0.0303898	0	164	-0.00258139	0	164	0.0149153	0	164	0.0284347	0	164	0.1	0	
165	-0.0128018	0	165	0.0289116	0	165	-0.00258571	0	165	0.0138136	0	165	0.0274099	0	165	0.1	0	
166	-0.0117428	0	166	0.0266588	0	166	-0.00265146	0	166	0.0124907	0	166	0.0262722	0	166	0.1	0	
167	-0.0114153	0	167	0.0256685	0	167	-0.00251441	0	167	0.013119	0	167	0.0260385	0	167	0.1	0	
168	-0.0106418	0	168	0.0241259	0	168	-0.00245353	0	168	0.0106131	0	168	0.0259645	0	168	0.1	0	
169	-0.0100043	0	169	0.0226434	0	169	-0.00235149	0	169	0.0108926	0	169	0.0253464	0	169	0.1	0	
170	-0.0099471	0	170	0.0221563	0	170	-0.00217525	0	170	0.0112981	0	170	0.0244148	0	170	0.1	0	
171	-0.0095449	0	171	0.0216911	0	171	-0.00216459	0	171	0.00974475	0	171	0.0244727	0	171	0.1	0	
172	-0.00916233	0	172	0.0209265	0	172	-0.00213044	0	172	0.00978414	0	172	0.0238199	0	172	0.1	0	
173	-0.00898088	0	173	0.0204111	0	173	-0.00211112	0	173	0.0110512	0	173	0.0217264	0	173	0.1	0	
174	-0.00856793	0	174	0.0196189	0	174	-0.0021393	0	174	0.0112137	0	174	0.0219003	0	174	0.1	0	
175	-0.00809068	0	175	0.0183701	0	175	-0.00202189	0	175	0.0100389	0	175	0.0222726	0	175	0.1	0	
176	-0.0080003	0	176	0.0178476	0	176	-0.00192192	0	176	0.010652	0	176	0.0222267	0	176	0.1	0	
177	-0.00728076	0	177	0.0163977	0	177	-0.00178351	0	177	0.00818566	0	177	0.0224708	0	177	0.1	0	
178	-0.00653274	0	178	0.0145973	0	178	-0.0016672	0	178	0.00870398	0	178	0.0207375	0	178	0.0960263	0	
179	-0.00615752	0	179	0.0126955	0	179	-0.00117468	0	179	0.00920401	0	179	0.0231896	0	179	0.0812854	0	
180	-0.00542689	0	180	0.0112662	0	180	-0.0012423	0	180	0.0119598	0	180	0.0214523	0	180	0.0739718	0	
181	-0.0047859	0	181	0.00929989	0	181	-0.00111303	0	181	0.011742	0	181	0.0222976	0	181	0.062567	0	
182	-0.0041097	0	182	0.00739458	0	182	-0.00133667	0	182	0.0110986	0	182	0.0217966	0	182	0.0489578	0	
183	-0.00369374	0	183	0.00585171	0	183	-0.00108861	0	183	0.0100875	0	183	0.0215552	0	183	0.0394273	0	
184	-0.00291529	0	184	0.0036105	0	184	-0.000915123	0	184	0.01174	0	184	0.0196661	0	184	0.0266689	0	
185	-0.00198233	0	185	0.00121534	0	185	-0.000731892	0	185	0.0114862	0	185	0.0154577	0	185	0.00962127	0	
186	0	0	186	0	0	186	0	0	186	0	0	186	0	0	186	0	0	
187	0	0	187	0	0	187	0	0	187	0	0	187	0	0	187	0	0	
188	0.000181798	0	188	-0.00636052	0	188	-0.000518412	0	188	0.00964516	0	188	0.013146	0	188	-0.038861	0	
189	0.000758411	0	189	-0.0090035	0	189	-0.000381342	0	189	0.0101919	0	189	0.0146267	0	189	-0.0548953	0	
190	0.000983975	0	190	-0.0103643	0	190	-0.000295178	0	190	0.00963435	0	190	0.0147292	0	190	-0.0611204	0	
191	0.00132857	0	191	-0.0120612	0	191	-0.000561172	0	191	0.00906381	0	191	0.015906	0	191	-0.0743207	0	
192	0.0014928	0	192	-0.0133021	0	192	-0.000796247	0	192	0.00998193	0	192	0.0165408	0	192	-0.0818309	0	
193	0.00153768	0	193	-0.0140697	0	193	-0.000801898	0	193	0.00991263	0	193	0.0202701	0	193	-0.085966	0	
194	0.00185042	0	194	-0.0154082	0	194	-0.00104803	0	194	0.0112099	0	194	0.0192801	0	194	-0.0980177	0	
195	0.00216641	0	195	-0.0169905	0	195	-0.00106051	0	195	0.0121609	0	195	0.0200386	0	195	-0.1	0	
196	0.00242477	0	196	-0.0182639	0	196	-0.00100881	0	196	0.0139928	0	196	0.0204848	0	196	-0.1	0	
197	0.00269416	0	197	-0.0196441	0	197	-0.000964529	0	197	0.0157228	0	197	0.0211605	0	197	-0.1	0	
198	0.00292584	0	198	-0.0207462	0	198	-0.000707787	0	198	0.0163237	0	198	0.0194761	0	198	-0.1	0	
199	0.00296702	0	199	-0.0215307	0	199	-0.000812464	0	199	0.0167142	0	199	0.0227677	0	199	-0.1	0	
200	0.00305599	0	200	-0.0223995	0	200	-0.00115683	0	200	0.0172559	0	200	0.0218555	0	200	-0.1	0	
201	0.00315348	0	201	-0.023449	0	201	-0.00122604	0	201	0.0170363	0	201	0.0252544	0	201	-0.1	0	
202	0.00339818	0	202	-0.0248267	0	202	-0.00126893	0	202	0.0175074	0	202	0.0230272	0	202	-0.1	0	
203	0.00344685	0	203	-0.0258364	0	203	-0.00135311	0	203	0.017203	0	203	0.0260879	0	203	-0.1	0	
204	0.00357107	0	204	-0.0272576	0	204	-0.00154683	0	204	0.01698	0	204	0.0263995	0	204	-0.1	0	
205	0.00365735	0	205	-0.0282355	0	205	-0.00157094	0	205	0.0166718	0	205	0.0265526	0	205	-0.1	0	
206	0.00367014	0	206	-0.0290711	0	206	-0.00170274	0	206	0.0168209	0	206	0.0298841	0	206	-0.1	0	
207	0.00374966	0	207	-0.0296827	0	207	-0.00190371	0	207	0.0174352	0	207	0.0265014	0	207	-0.1	0	
208	0.00381639	0	208	-0.0301629	0	208	-0.00187039	0	208	0.018137	0	208	0.0273595	0	208	-0.1	0	
209	0.00388307	0	209	-0.0307134	0	209	-0.00189003	0	209	0.018029	0	209	0.0282491	0	209	-0.1	0	
210	0.00394074	0	210	-0.0313896	0	210	-0.0018644	0	210	0.0186786	0	210	0.0308161	0	210	-0.1	0	
211	0.00408597	0	211	-0.0325272	0	211	-0.00199717	0	211	0.0190971	0	211	0.0281443	0	211	-0.1	0	
212	0.00411839	0	212	-0.0333929	0	212	-0.00210771	0	212	0.0187513	0	212	0.0274035	0	212	-0.1	0	
213	0.00414503	0	213	-0.0342303	0	213	-0.00219993	0	213	0.0183155	0	213	0.030152	0	213	-0.1	0	
214	0.00419629	0	214	-0.0351094	0	214	-0.00227624	0	214	0.0188606	0	214	0.0335506	0	214	-0.1	0	
215	0.00418193	0	215	-0.0358761	0	215	-0.00243604	0	215	0.0189164	0	215	0.0347384	0	215	-0.1	0	
216	0.0041255	0	216	-0.0362191	0	216	-0.00250104	0	216	0.0189429	0	216	0.0361301	0	216	-0.1	0	
217	0.00414127	0	217	-0.0369105	0	217	-0.00277163	0	217	0.0185502	0	217	0.0354966	0	217	-0.1	0	
218	0.00415203	0	218	-0.0374428	0	218	-0.00277922	0	218	0.0187206	0	218	0.0369245	0	218	-0.1	0	
219	0.00412206	0	219	-0.0383398	0	219	-0.00302861	0	219	0.0178324	0	219	0.0368179	0	219	-0.1	0	
220	0.00422848	0	220	-0.0395998	0	220	-0.00309107	0	220	0.0174118	0	220	0.0367124	0	220	-0.1	0	
221	0.00424205	0	221	-0.0404038	0	221	-0.00310238	0	221	0.0171664	0	221	0.0378675	0	221	-0.1	0	
222	0.00413954	0	222	-0.0411666	0	222	-0.00348678	0	222	0.0170751	0	222	0.0391077	0	222	-0.1	0	
223	0.00408108	0	223	-0.0420171	0	223	-0.00374467	0	223	0.0169408	0	223	0.03965	0	223	-0.1	0	
224	0.0040446	0	224	-0.0427724	0	224	-0.00380981	0	224	0.0168123	0	224	0.0411912	0	224	-0.1	0	
225	0.00410707	0	225	-0.0436952	0	225	-0.00380944	0	225	0.016722	0	225	0.041008	0	225	-0.1	0	
226	0.00424696	0	226	-0.0442335	0	226	-0.00362101	0	226	0.0179411	0	226	0.0405232	0	226	-0.1	0	
227	0.00427337	0	227	-0.0449666	0	227	-0.00371747	0	227	0.0182674	0	227	0.0408552	0	227	-0.1	0	
228	0.00426183	0	228	-0.045913	0	228	-0.00394555	0	228	0.0174789	0	228	0.0374545	0	228	-0.1	0	
229	0.00426175	0	229	-0.0465536	0	229	-0.00397092	0	229	0.0178792	0	229	0.0372827	0	229	-0.1	0	
230	0.00420696	0	230	-0.0471293	0	230	-0.00396934	0	230	0.0175194	0	230	0.0389293	0	230	-0.1	0	
231	0.00424533	0	231	-0.0474724	0	231	-0.00399447	0	231	0.0171043	0	231	0.037465	0	231	-0.1	0	
232	0.00428995	0	232	-0.0479927	0	232	-0.00395711	0	232	0.0169796	0	232	0.0387738	0	232	-0.1	0	
233	0.00424559	0	233	-0.0489356	0	233	-0.00389721	0	233	0.0151149	0	233	0.0384772	0	233	-0.1	0	
234	0.00405026	0	234	-0.0500627	0	234	-0.00389632	0	234	0.0121698	0	234	0.0407297	0	234	-0.1	0	
235	0.00408168	0	235	-0.0506775	0	235	-0.00376662	0	235	0.0119941	0	235	0.0396854	0	235	-0.1	0	
236	0.00413235	0	236	-0.0510672	0	236	-0.0038561	0	236	0.0117275	0	236	0.0402052	0	236	-0.1	0	
237	0.00417797	0	237	-0.0515919	0	237	-0.00410937	0	237	0.0103235	0	237	0.0385409	0	237	-0.1	0	
238	0.0040579	0	238	-0.0519082	0	238	-0.00391422	0	238	0.0113567	0	238	0.0422636	0	238	-0.1	0	
239	0.0040473	0	239	-0.052444	0	239	-0.00398468	0	239	0.0112314	0	239	0.0412456	0	239	-0.1	0	
240	0.00404425	0	240	-0.0530253	0	240	-0.00410829	0	240	0.0091325	0	240	0.0413119	0	240	-0.1	0	
241	0.00403125	0	241	-0.0534845	0	241	-0.00408788	0	241	0.00890393	0	241	0.0411465	0	241	-0.1	0	
242	0.00405272	0	242	-0.053708	0	242	-0.00412482	0	242	0.00888734	0	242	0.0403689	0	242	-0.1	0	
243	0.00396144	0	243	-0.0541198	0	243	-0.00407068	0	243	0.00988344	0	243	0.0430111	0	243	-0.1	0	
244	0.00394036	0	244	-0.0545559	0	244	-0.00409727	0	244	0.00946063	0	244	0.0434647	0	244	-0.1	0	
245	0.00392385	0	245	-0.0548866	0	245	-0.00419726	0	245	0.00863386	0	245	0.0431763	0	245	-0.1	0	
246	0.00374919	0	246	-0.0552354	0	246	-0.00431068	0	246	0.00763949	0	246	0.0469836	0	246	-0.1	0	
247	0.00375666	0	247	-0.0557523	0	247	-0.00453442	0	247	0.00605155	0	247	0.0445049	0	247	-0.1	0	
248	0.00370363	0	248	-0.0562524	0	248	-0.00456793	0	248	0.005696	0	248	0.0475419	0	248	-0.1	0	
249	0.00351134	0	249	-0.057285	0	249	-0.00475707	0	249	0.00211228	0	249	0.0482699	0	249	-0.1	0	
250	0.00346622	0	250	-0.0584175	0	250	-0.00493947	0	250	0.000450697	0	250	0.0456093	0	250	-0.1	0	
251	0.00310473	0	251	-0.0590399	0	251	-0.00502236	0	251	0.00183133	0	251	0.0557864	0	251	-0.1	0	
252	0.00313219	0	252	-0.0592861	0	252	-0.00539366	0	252	-0.00036796	0	252	0.0502904	0	252	-0.1	0	
253	0.00314324	0	253	-0.0593614	0	253	-0.00523042	0	253	0.000374658	0	253	0.0560249	0	253	-0.1	0	
254	0.00325038	0	254	-0.059852	0	254	-0.00557013	0	254	-0.00207787	0	254	0.0493607	0	254	-0.1	0	
255	0.00319744	0	255	-0.0602091	0	255	-0.00548542	0	255	-0.00127675	0	255	0.0534185	0	255	-0.1	0	
256	0.00341603	0	256	-0.0610826	0	256	-0.00528415	0	256	-0.00242714	0	256	0.0507586	0	256	-0.1	0	
257	0.00338	0	257	-0.0627565	0	257	-0.00550786	0	257	-0.00639671	0	257	0.047184	0	257	-0.1	0	
258	0.00311227	0	258	-0.0633922	0	258	-0.0054646	0	258	-0.00583849	0	258	0.0534709	0	258	-0.1	0	
259	0.0027132	0	259	-0.0636728	0	259	-0.00579083	0	259	-0.00473213	0	259	0.0612491	0	259	-0.1	0	
260	0.00268137	0	260	-0.0642288	0	260	-0.00577076	0	260	-0.00316744	0	260	0.0590871	0	260	-0.1	0	
261	0.00270276	0	261	-0.0645403	0	261	-0.00577125	0	261	-0.00377819	0	261	0.0571809	0	261	-0.1	0	
262	0.00255306	0	262	-0.0638531	0	262	-0.00592231	0	262	-0.00408843	0	262	0.0612589	0	262	-0.1	0	
263	0.00265755	0	263	-0.0628797	0	263	-0.00608129	0	263	-0.00566682	0	263	0.0590283	0	263	-0.1	0	
264	0.00257413	0	264	-0.0611565	0	264	-0.00601916	0	264	-0.00543456	0	264	0.0650915	0	264	-0.1	0	
265	0.00295227	0	265	-0.058905	0	265	-0.00568506	0	265	-0.00621728	0	265	0.0565403	0	265	-0.1	0	
266	0.00314858	0	266	-0.0564669	0	266	-0.00507882	0	266	-0.00773359	0	266	0.0574328	0	266	-0.1	0	
267	0.0032555	0	267	-0.0541329	0	267	-0.00459801	0	267	-0.00928057	0	267	0.0566617	0	267	-0.1	0	
268	0.00346814	0	268	-0.0522993	0	268	-0.00458809	0	268	-0.0100932	0	268	0.0501516	0	268	-0.1	0	
269	0.00360819	0	269	-0.0504227	0	269	-0.00446142	0	269	-0.00975657	0	269	0.0439352	0	269	-0.1	0	
270	0.00369188	0	270	-0.0483737	0	270	-0.00421709	0	270	-0.00916955	0	270	0.043	0	270	-0.1	0	
271	0.00363374	0	271	-0.047281	0	271	-0.00412802	0	271	-0.00933583	0	271	0.0469357	0	271	-0.1	0	
272	0.00368518	0	272	-0.0463061	0	272	-0.00420958	0	272	-0.00937933	0	272	0.0454061	0	272	-0.1	0	
273	0.00363948	0	273	-0.0451848	0	273	-0.00391164	0	273	-0.00901108	0	273	0.0476642	0	273	-0.1	0	
274	0.00386852	0	274	-0.0434748	0	274	-0.00346138	0	274	-0.00936834	0	274	0.0389127	0	274	-0.1	0	
275	0.00380544	0	275	-0.0417021	0	275	-0.00312388	0	275	-0.0118427	0	275	0.0416498	0	275	-0.1	0	
276	0.0037881	0	276	-0.0397585	0	276	-0.00287581	0	276	-0.0125169	0	276	0.0386509	0	276	-0.1	0	
277	0.00367971	0	277	-0.0380025	0	277	-0.00275421	0	277	-0.0113835	0	277	0.0374996	0	277	-0.1	0	
278	0.00365494	0	278	-0.0370974	0	278	-0.00253814	0	278	-0.0113503	0	278	0.0397582	0	278	-0.1	0	
279	0.0037578	0	279	-0.0364668	0	279	-0.00232514	0	279	-0.0112627	0	279	0.0329066	0	279	-0.1	0	
280	0.00351988	0	280	-0.0348944	0	280	-0.00205172	0	280	-0.0104302	0	280	0.0360465	0	280	-0.1	0	
281	0.00337103	0	281	-0.0338523	0	281	-0.00220899	0	281	-0.0103474	0	281	0.0383784	0	281	-0.1	0	
282	0.00338445	0	282	-0.0335452	0	282	-0.00245161	0	282	-0.0097672	0	282	0.0324533	0	282	-0.1	0	
283	0.00335579	0	283	-0.033131	0	283	-0.00243431	0	283	-0.0092962	0	283	0.0317672	0	283	-0.1	0	
284	0.00330345	0	284	-0.03225	0	284	-0.00201781	0	284	-0.00874496	0	284	0.0343167	0	284	-0.1	0	
285	0.00318341	0	285	-0.0307429	0	285	-0.00181472	0	285	-0.00742659	0	285	0.0322405	0	285	-0.1	0	
286	0.00307163	0	286	-0.029711	0	286	-0.00183423	0	286	-0.0068964	0	286	0.0303906	0	286	-0.1	0	
287	0.0030578	0	287	-0.0290443	0	287	-0.00161174	0	287	-0.00692195	0	287	0.0349825	0	287	-0.1	0	
288	0.00295379	0	288	-0.0282758	0	288	-0.00154844	0	288	-0.00663065	0	288	0.0325453	0	288	-0.1	0	
289	0.00281215	0	289	-0.0270779	0	289	-0.00151171	0	289	-0.0067147	0	289	0.0304112	0	289	-0.1	0	
290	0.00271428	0	290	-0.0262987	0	290	-0.00145101	0	290	-0.00671654	0	290	0.0342839	0	290	-0.1	0	
291	0.00283164	0	291	-0.0252961	0	291	-0.000982153	0	291	-0.0045078	0	291	0.0264982	0	291	-0.1	0	
292	0.00268254	0	292	-0.0245935	0	292	-0.00102101	0	292	-0.00479994	0	292	0.027404	0	292	-0.1	0	
293	0.00259297	0	293	-0.0237891	0	293	-0.000721388	0	293	-0.00451729	0	293	0.0302129	0	293	-0.1	0	
294	0.00207433	0	294	-0.0195031	0	294	-0.00036871	0	294	-0.00477271	0	294	0.0234281	0	294	-0.0978896	0	
295	0.0022067	0	295	-0.0200893	0	295	-0.000168837	0	295	-0.0056286	0	295	0.0196072	0	295	-0.0985988	0	
296	0.00195517	0	296	-0.0180505	0	296	0.000169072	0	296	-0.00559957	0	296	0.0232971	0	296	-0.0880652	0	
297	0.00184574	0	297	-0.0171762	0	297	5.87054e-05	0	297	-0.00508322	0	297	0.0170949	0	297	-0.0819511	0	
298	0.00159351	0	298	-0.0158224	0	298	0.000190602	0	298	-0.0050113	0	298	0.0178948	0	298	-0.0728501	0	
299	0.00161689	0	299	-0.0154308	0	299	4.52132e-05	0	299	-0.00471735	0	299	0.0168068	0	299	-0.0736538	0	
300	0.00128781	0	300	-0.0139715	0	300	0.000463945	0	300	-0.00334796	0	300	0.0180855	0	300	-0.0595911	0	
301	0.00093838	0	301	-0.0117622	0	301	0.00073688	0	301	-0.00115307	0	301	0.0170418	0	301	-0.0470314	0	
302	0.000755416	0	302	-0.0102175	0	302	0.000744396	0	302	0.000500117	0	302	0.0150436	0	302	-0.0408504	0	
303	0.00019197	0	303	-0.00778011	0	303	0.000907317	0	303	0.00253787	0	303	0.0139088	0	303	-0.0238768	0	
304	0.000246185	0	304	-0.00783286	0	304	0.000870533	0	304	0.00298683	0	304	0.0135284	0	304	-0.025533	0	
305	0.000133244	0	305	-0.00716561	0	305	0.000927036	0	305	0.0037502	0	305	0.0139533	0	305	-0.0222895	0	
306	0.000317884	0	306	-0.00773832	0	306	0.00101029	0	306	0.00342983	0	306	0.015388	0	306	-0.0263884	0	
307	0.000505539	0	307	-0.00821708	0	307	0.000941571	0	307	0.00445338	0	307	0.0138503	0	307	-0.0307868	0	
308	0.000664234	0	308	-0.00906963	0	308	0.000867144	0	308	0.00337463	0	308	0.0142215	0	308	-0.0344725	0	
309	0.000616069	0	309	-0.00947635	0	309	0.000751131	0	309	0.00247121	0	309	0.0169315	0	309	-0.0356832	0	
310	0.000701245	0	310	-0.00944959	0	310	0.00074938	0	310	0.00252611	0	310	0.0160347	0	310	-0.0367212	0	
311	0.000847767	0	311	-0.00953248	0	311	0.00099368	0	311	0.00257762	0	311	0.0163017	0	311	-0.0370081	0	
312	0.00084854	0	312	-0.0097439	0	312	0.000992095	0	312	0.00212907	0	312	0.0160484	0	312	-0.0374362	0	
313	0.00082293	0	313	-0.00963115	0	313	0.00110395	0	313	0.00188302	0	313	0.0163344	0	313	-0.0369656	0	
314	0.000837328	0	314	-0.0094765	0	314	0.00116882	0	314	0.00172982	0	314	0.0156816	0	314	-0.0360538	0	
315	0.00095264	0	315	-0.00965604	0	315	0.00138494	0	315	6.06509e-05	0	315	0.0147067	0	315	-0.0366763	0	
316	0.00198343	0	316	-0.0100845	0	316	0.00270478	0	316	-0.000257133	0	316	0.0024398	0	316	-0.040569	0	
317	0.00331669	0	317	-0.0106655	0	317	0.00498448	0	317	-0.000700863	0	317	-0.0101905	0	317	-0.042351	0	
318	0.00473505	0	318	-0.0122908	0	318	0.00628314	0	318	-0.00260539	0	318	-0.0223866	0	318	-0.0524679	0	
319	0.00588849	0	319	-0.0125205	0	319	0.00808468	0	319	-0.00332674	0	319	-0.0354318	0	319	-0.0543484	0	
320	0.00703499	0	320	-0.012967	0	320	0.0104241	0	320	-0.002501	0	320	-0.0507532	0	320	-0.0553209	0	
321	0.00799462	0	321	-0.0130925	0	321	0.0126909	0	321	-0.000282258	0	321	-0.0638947	0	321	-0.0568629	0	
322	0.0083971	0	322	-0.012319	0	322	0.0146099	0	322	0.00250233	0	322	-0.0744287	0	322	-0.0508191	0	
323	0.00876646	0	323	-0.0113114	0	323	0.0159103	0	323	0.00719367	0	323	-0.0820633	0	323	-0.0488642	0	
324	0.00939808	0	324	-0.0113877	0	324	0.0173176	0	324	0.00637053	0	324	-0.0905584	0	324	-0.0514464	0	
325	0.0100943	0	325	-0.0117001	0	325	0.0192983	0	325	0.00622589	0	325	-0.1	0	325	-0.0517633	0	
326	0.0111639	0	326	-0.0120731	0	326	0.0209944	0	326	0.00639416	0	326	-0.1	0	326	-0.0525102	0	
327	0.0119428	0	327	-0.0119806	0	327	0.0215769	0	327	0.00705971	0	327	-0.1	0	327	-0.0524967	0	
328	0.0122523	0	328	-0.0113569	0	328	0.0220695	0	328	0.00750493	0	328	-0.1	0	328	-0.0485916	0	
329	0.0128616	0	329	-0.0111603	0	329	0.0222721	0	329	0.00746957	0	329	-0.1	0	329	-0.0496887	0	
330	0.0144421	0	330	-0.0110174	0	330	0.0228612	0	330	0.0113992	0	330	-0.1	0	330	-0.0533277	0	
331	0.016026	0	331	-0.010285	0	331	0.0237651	0	331	0.0136416	0	331	-0.1	0	331	-0.0522441	0	
332	0.0168109	0	332	-0.010007	0	332	0.0245801	0	332	0.0135052	0	332	-0.1	0	332	-0.0526469	0	
333	0.0174652	0	333	-0.0114148	0	333	0.0248344	0	333	0.0101391	0	333	-0.1	0	333	-0.0578421	0	
334	0.0183707	0	334	-0.0125495	0	334	0.0255378	0	334	0.0100106	0	334	-0.1	0	334	-0.0609815	0	
335	0.0193899	0	335	-0.0123901	0	335	0.0264283	0	335	0.0111755	0	335	-0.1	0	335	-0.0596815	0	
336	0.0202322	0	336	-0.0118766	0	336	0.025773	0	336	0.00942375	0	336	-0.1	0	336	-0.0586962	0	
337	0.0205857	0	337	-0.0105499	0	337	0.0248349	0	337	0.00955781	0	337	-0.1	0	337	-0.0573225	0	
338	0.0208119	0	338	-0.0097063	0	338	0.0244918	0	338	0.0100386	0	338	-0.1	0	338	-0.0567323	0	
339	0.0216893	0	339	-0.01003	0	339	0.0249965	0	339	0.00960987	0	339	-0.1	0	339	-0.0597653	0	
340	0.0235224	0	340	-0.0108526	0	340	0.023968	0	340	0.00563839	0	340	-0.1	0	340	-0.065971	0	
341	0.0255783	0	341	-0.0101812	0	341	0.0200396	0	341	0.0042165	0	341	-0.1	0	341	-0.0680345	0	
342	0.027166	0	342	-0.00969021	0	342	0.0168606	0	342	0.00523908	0	342	-0.1	0	342	-0.0682832	0	
343	0.027666	0	343	-0.0093015	0	343	0.0152341	0	343	0.00769595	0	343	-0.1	0	343	-0.0645819	0	
344	0.0273488	0	344	-0.0101543	0	344	0.0146307	0	344	0.0112399	0	344	-0.1	0	344	-0.0678589	0	
345	0.0273638	0	345	-0.0112655	0	345	0.0149576	0	345	0.00975442	0	345	-0.1	0	345	-0.0718329	0	
346	0.0276717	0	346	-0.0107604	0	346	0.0163115	0	346	0.0119931	0	346	-0.1	0	346	-0.0693086	0	
347	0.0282147	0	347	-0.0109792	0	347	0.0171308	0	347	0.011655	0	347	-0.1	0	347	-0.0725326	0	
348	0.0295137	0	348	-0.011905	0	348	0.0187726	0	348	0.00830594	0	348	-0.1	0	348	-0.0738863	0	
349	0.0309372	0	349	-0.0131158	0	349	0.0206554	0	349	0.00549341	0	349	-0.1	0	349	-0.0744597	0	
350	0.0311218	0	350	-0.0133404	0	350	0.0209851	0	350	0.00813876	0	350	-0.1	0	350	-0.0756332	0	
351	0.0290032	0	351	-0.0116985	0	351	0.0185457	0	351	0.00967673	0	351	-0.1	0	351	-0.073163	0	
352	0.0269112	0	352	-0.0121201	0	352	0.0158334	0	352	0.00999349	0	352	-0.1	0	352	-0.0746662	0	
353	0.0224058	0	353	-0.0109773	0	353	0.0110604	0	353	0.00734948	0	353	-0.1	0	353	-0.0668603	0	
354	0.0177349	0	354	-0.0115255	0	354	0.00612045	0	354	0.00278508	0	354	-0.1	0	354	-0.0632579	0	
355	0.0132096	0	355	-0.011818	0	355	0.00137615	0	355	0.000284193	0	355	-0.1	0	355	-0.063821	0	
356	0.00952458	0	356	-0.0114305	0	356	-0.00260975	0	356	-0.00207329	0	356	-0.1	0	356	-0.0585292	0	
357	0.00769826	0	357	-0.0105516	0	357	-0.00698179	0	357	-0.00312589	0	357	-0.1	0	357	-0.0541737	0	
358	0.00632091	0	358	-0.0105066	0	358	-0.0107954	0	358	-0.00621173	0	358	-0.0799207	0	358	-0.0523907	0	
359	0.00443674	0	359	-0.0100095	0	359	-0.0144956	0	359	-0.0113106	0	359	-0.0518977	0	359	-0.0486013	0	
360	0.00199479	0	360	-0.00978552	0	360	-0.0173906	0	360	-0.018161	0	360	-0.0163047	0	360	-0.0441892	0	
361	-0.000421919	0	361	-0.0105132	0	361	-0.0212956	0	361	-0.0256674	0	361	0.0121596	0	361	-0.0431431	0	
362	-0.00286897	0	362	-0.0105818	0	362	-0.0254613	0	362	-0.0309372	0	362	0.0423217	0	362	-0.038397	0	
363	-0.00556606	0	363	-0.0101579	0	363	-0.0292859	0	363	-0.0342948	0	363	0.068505	0	363	-0.0338809	0	
364	-0.00789586	0	364	-0.0118543	0	364	-0.0334238	0	364	-0.043029	0	364	0.0991014	0	364	-0.0409451	0	
365	-0.01015	0	365	-0.0116795	0	365	-0.0364672	0	365	-0.0485796	0	365	0.1	0	365	-0.0351435	0	
366	-0.00978659	0	366	-0.010387	0	366	-0.0361484	0	366	-0.0449675	0	366	0.1	0	366	-0.0291117	0	
367	-0.0050643	0	367	-0.00956154	0	367	-0.0301384	0	367	-0.0401757	0	367	0.0761348	0	367	-0.030868	0	
368	-0.000705149	0	368	-0.0100095	0	368	-0.0229226	0	368	-0.0582482	0	368	0.0441012	0	368	-0.0488884	0	
369	-0.00123402	0	369	-0.00831173	0	369	-0.0144073	0	369	-0.0446534	0	369	0.0335804	0	369	-0.0384662	0	
370	-0.00121147	0	370	-0.00838304	0	370	-0.0136582	0	370	-0.0495518	0	370	0.0371618	0	370	-0.0360868	0	
371	-0.0011583	0	371	-0.00888851	0	371	-0.0118197	0	371	-0.0514146	0	371	0.0332475	0	371	-0.0329092	0	
372	-0.00154848	0	372	-0.00818527	0	372	-0.0108612	0	372	-0.0479884	0	372	0.0305178	0	372	-0.0299242	0	
373	-0.00179115	0	373	-0.00796519	0	373	-0.0110008	0	373	-0.049132	0	373	0.032534	0	373	-0.0285932	0	
374	-0.00108998	0	374	-0.00850078	0	374	-0.00929937	0	374	-0.049297	0	374	0.0282039	0	374	-0.0308311	0	
375	-0.00082398	0	375	-0.00894899	0	375	-0.00808823	0	375	-0.0480873	0	375	0.025814	0	375	-0.0320689	0	
376	-0.000952546	0	376	-0.00862626	0	376	-0.00752557	0	376	-0.0443586	0	376	0.0299438	0	376	-0.0266508	0	
377	-0.000718054	0	377	-0.00862278	0	377	-0.00721553	0	377	-0.0437958	0	377	0.0264757	0	377	-0.0292098	0	
378	-0.000766976	0	378	-0.00844624	0	378	-0.00686759	0	378	-0.0428697	0	378	0.0308072	0	378	-0.0275372	0	
379	-0.000659961	0	379	-0.00839841	0	379	-0.00673998	0	379	-0.0419134	0	379	0.0265899	0	379	-0.027498	0	
380	-0.000398477	0	380	-0.00866214	0	380	-0.00633098	0	380	-0.0419254	0	380	0.0242738	0	380	-0.030141	0	
381	-0.000159774	0	381	-0.00915811	0	381	-0.00565696	0	381	-0.0434372	0	381	0.0271766	0	381	-0.0312988	0	
382	7.90721e-05	0	382	-0.00962594	0	382	-0.00506386	0	382	-0.0446743	0	382	0.024612	0	382	-0.0337857	0	
383	0.000135151	0	383	-0.00965708	0	383	-0.00456243	0	383	-0.0423068	0	383	0.0256089	0	383	-0.0328153	0	
384	0.00027827	0	384	-0.00957101	0	384	-0.00432972	0	384	-0.0433351	0	384	0.0198815	0	384	-0.0353607	0	
385	0.000445734	0	385	-0.00990679	0	385	-0.00407502	0	385	-0.0427638	0	385	0.0199068	0	385	-0.0363871	0	
386	0.000426465	0	386	-0.0101081	0	386	-0.00348042	0	386	-0.0433954	0	386	0.0236738	0	386	-0.0373629	0	
387	0.000551145	0	387	-0.0105117	0	387	-0.0029377	0	387	-0.0436136	0	387	0.0260962	0	387	-0.038424	0	
388	0.000604415	0	388	-0.0109273	0	388	-0.00241222	0	388	-0.0434691	0	388	0.0262712	0	388	-0.0412794	0	
389	0.000653747	0	389	-0.0114053	0	389	-0.00183305	0	389	-0.0418465	0	389	0.02468	0	389	-0.0459679	0	
390	0.000699723	0	390	-0.0116259	0	390	-0.000878105	0	390	-0.0407699	0	390	0.0259208	0	390	-0.0458541	0	
391	0.000765365	0	391	-0.0118998	0	391	-0.000438344	0	391	-0.0424187	0	391	0.0279067	0	391	-0.0471945	0	
392	0.000821267	0	392	-0.0122289	0	392	-0.0006452	0	392	-0.0428039	0	392	0.0250103	0	392	-0.0488398	0	
393	0.000824153	0	393	-0.0123154	0	393	-0.000605733	0	393	-0.0432614	0	393	0.0246297	0	393	-0.0491802	0	
394	0.000850271	0	394	-0.0124345	0	394	-0.000626198	0	394	-0.0436347	0	394	0.023758	0	394	-0.050191	0	
395	0.000841241	0	395	-0.0123499	0	395	-0.000515136	0	395	-0.0436786	0	395	0.0247641	0	395	-0.0494533	0	
396	0.000873025	0	396	-0.0123496	0	396	-0.0004072	0	396	-0.0435954	0	396	0.0249239	0	396	-0.0495926	0	
397	0.000867054	0	397	-0.0122672	0	397	-0.000285637	0	397	-0.0436865	0	397	0.0259838	0	397	-0.0491689	0	
398	0.000868013	0	398	-0.0121229	0	398	-0.000206984	0	398	-0.0434821	0	398	0.0263885	0	398	-0.0485259	0	
399	0.000849439	0	399	-0.0118811	0	399	-0.000254295	0	399	-0.0428391	0	399	0.0251019	0	399	-0.0474806	0	
400	0.000822973	0	400	-0.0117847	0	400	-0.000306332	0	400	-0.0425468	0	400	0.0245196	0	400	-0.0473515	0	
401	0.000890246	0	401	-0.0117011	0	401	-0.000303493	0	401	-0.0415229	0	401	0.0211357	0	401	-0.0472315	0	
402	0.000929925	0	402	-0.0116053	0	402	-0.00023829	0	402	-0.0413423	0	402	0.0202347	0	402	-0.0468509	0	
403	0.00086909	0	403	-0.0114969	0	403	-0.000303829	0	403	-0.0413007	0	403	0.0207896	0	403	-0.0460864	0	
404	0.000844302	0	404	-0.011362	0	404	-0.000364768	0	404	-0.0410821	0	404	0.0210262	0	404	-0.0463508	0	
405	0.00086543	0	405	-0.0114891	0	405	-0.000287503	0	405	-0.0408882	0	405	0.0213456	0	405	-0.0464333	0	
406	0.00088599	0	406	-0.0116136	0	406	-0.000278562	0	406	-0.040946	0	406	0.0212936	0	406	-0.0470801	0	
407	0.000888665	0	407	-0.0117	0	407	-0.000297979	0	407	-0.0408896	0	407	0.0213482	0	407	-0.0474848	0	
408	0.000899348	0	408	-0.0117401	0	408	-0.00028038	0	408	-0.0409172	0	408	0.021106	0	408	-0.0480531	0	
409	0.00088778	0	409	-0.0118033	0	409	-0.000229363	0	409	-0.0411541	0	409	0.0214019	0	409	-0.0480445	0	
410	0.000862219	0	410	-0.01184	0	410	-0.000241628	0	410	-0.0411533	0	410	0.0216785	0	410	-0.0478874	0	
411	0.000836923	0	411	-0.0118857	0	411	-0.000266315	0	411	-0.0413581	0	411	0.0226637	0	411	-0.0478185	0	
412	0.000796491	0	412	-0.0118181	0	412	-0.00033553	0	412	-0.0411667	0	412	0.022356	0	412	-0.0473173	0	
413	0.000765476	0	413	-0.011728	0	413	-0.000394319	0	413	-0.0412087	0	413	0.0221515	0	413	-0.0470339	0	
414	0.000785667	0	414	-0.0117011	0	414	-0.000383322	0	414	-0.0411871	0	414	0.0222394	0	414	-0.0472283	0	
415	0.000749746	0	415	-0.0116194	0	415	-0.000447951	0	415	-0.0416301	0	415	0.0219025	0	415	-0.0470654	0	
416	0.000742259	0	416	-0.0116354	0	416	-0.000460196	0	416	-0.0414672	0	416	0.0222498	0	416	-0.0469347	0	
417	0.000773515	0	417	-0.0116468	0	417	-0.000412302	0	417	-0.0411713	0	417	0.0220089	0	417	-0.0470557	0	
418	0.000768089	0	418	-0.0116842	0	418	-0.000402946	0	418	-0.0412579	0	418	0.0223542	0	418	-0.0469077	0	
419	0.000765119	0	419	-0.0116923	0	419	-0.000408832	0	419	-0.0412792	0	419	0.0223467	0	419	-0.0469564	0	
420	0.000769026	0	420	-0.011687	0	420	-0.000402911	0	420	-0.0412843	0	420	0.0222279	0	420	-0.0469867	0	
421	0.000768686	0	421	-0.0117258	0	421	-0.00038403	0	421	-0.0412754	0	421	0.0223475	0	421	-0.0470966	0	
422	0.000790944	0	422	-0.0117613	0	422	-0.000326601	0	422	-0.0412681	0	422	0.0220818	0	422	-0.047393	0	
423	0.000828797	0	423	-0.0117919	0	423	-0.000258167	0	423	-0.0413083	0	423	0.0215713	0	423	-0.047804	0	
424	0.000851216	0	424	-0.0117973	0	424	-0.000219149	0	424	-0.0412786	0	424	0.0211353	0	424	-0.0479772	0	
425	0.000859971	0	425	-0.0118047	0	425	-0.000200426	0	425	-0.0412584	0	425	0.0208874	0	425	-0.0480961	0	
426	0.00087083	0	426	-0.0118056	0	426	-0.000184418	0	426	-0.0412288	0	426	0.0206604	0	426	-0.0481116	0	
427	0.000882184	0	427	-0.0118114	0	427	-0.000158138	0	427	-0.0412422	0	427	0.0204383	0	427	-0.0482344	0	
428	0.000893098	0	428	-0.011809	0	428	-0.000131582	0	428	-0.0412332	0	428	0.020179	0	428	-0.0482617	0	
429	0.000901851	0	429	-0.0117811	0	429	-0.000102039	0	429	-0.0411901	0	429	0.0199603	0	429	-0.0481284	0	
430	0.000909818	0	430	-0.011755	0	430	-7.00485e-05	0	430	-0.0411659	0	430	0.0198043	0	430	-0.047841	0	
431	0.000908834	0	431	-0.0117241	0	431	-2.46409e-05	0	431	-0.0411001	0	431	0.0201037	0	431	-0.0474061	0	
432	0.0008985	0	432	-0.0116709	0	432	1.66914e-05	0	432	-0.0409672	0	432	0.020373	0	432	-0.046856	0	
433	0.000902411	0	433	-0.0116102	0	433	5.05081e-05	0	433	-0.0407819	0	433	0.0202865	0	433	-0.0464957	0	
434	0.000897701	0	434	-0.0115647	0	434	9.44154e-05	0	434	-0.0406779	0	434	0.0207182	0	434	-0.0462233	0	
435	0.000895709	0	435	-0.0115279	0	435	0.000131712	0	435	-0.0405809	0	435	0.0210174	0	435	-0.0460732	0	
436	0.000888354	0	436	-0.0114914	0	436	0.000169325	0	436	-0.040534	0	436	0.0215957	0	436	-0.0459411	0	
437	0.000877672	0	437	-0.0114668	0	437	0.000190063	0	437	-0.0404993	0	437	0.0220811	0	437	-0.045849	0	
438	0.000872899	0	438	-0.0114416	0	438	0.00021465	0	438	-0.0404495	0	438	0.0224918	0	438	-0.0457579	0	
439	0.00086927	0	439	-0.0113691	0	439	0.000170678	0	439	-0.0406452	0	439	0.0212387	0	439	-0.0469101	0	
440	0.000876339	0	440	-0.011388	0	440	0.000215169	0	440	-0.0405712	0	440	0.0231174	0	440	-0.04587	0	
441	0.000845032	0	441	-0.0114687	0	441	0.00022584	0	441	-0.0405164	0	441	0.023779	0	441	-0.0455997	0	
442	0.000825861	0	442	-0.0114936	0	442	0.000189178	0	442	-0.0408105	0	442	0.0241244	0	442	-0.0457954	0	
443	0.00083442	0	443	-0.0115163	0	443	9.82103e-05	0	443	-0.0406971	0	443	0.022313	0	443	-0.0463888	0	
444	0.000803707	0	444	-0.011475	0	444	0.0001682	0	444	-0.0407947	0	444	0.0240888	0	444	-0.0460036	0	
445	0.000804276	0	445	-0.0114797	0	445	0.000131765	0	445	-0.0409939	0	445	0.0240873	0	445	-0.0460436	0	
446	0.000804503	0	446	-0.0114549	0	446	0.000162077	0	446	-0.0410018	0	446	0.0244494	0	446	-0.0458719	0	
447	0.000803558	0	447	-0.0114394	0	447	0.000185546	0	447	-0.0410019	0	447	0.0247332	0	447	-0.045695	0	
448	0.000799983	0	448	-0.0114149	0	448	0.000171613	0	448	-0.040963	0	448	0.0243618	0	448	-0.0456499	0	
449	0.000806788	0	449	-0.0114261	0	449	0.000177192	0	449	-0.0410642	0	449	0.0240513	0	449	-0.0457793	0	
450	0.000845027	0	450	-0.0114946	0	450	0.0002484	0	450	-0.0410313	0	450	0.0235299	0	450	-0.0460651	0	
451	0.000894807	0	451	-0.0116088	0	451	0.000268755	0	451	-0.0408735	0	451	0.0217301	0	451	-0.046754	0	
452	0.000945998	0	452	-0.0116969	0	452	0.000319654	0	452	-0.0407399	0	452	0.0205469	0	452	-0.0471944	0	
453	0.000969667	0	453	-0.0117658	0	453	0.000328351	0	453	-0.0406774	0	453	0.0196699	0	453	-0.0475678	0	
454	0.000989902	0	454	-0.011834	0	454	0.000312441	0	454	-0.040675	0	454	0.0188479	0	454	-0.0479814	0	
455	0.0010036	0	455	-0.0118798	0	455	0.000326759	0	455	-0.04066	0	455	0.0185086	0	455	-0.0481953	0	
456	0.00103507	0	456	-0.0119366	0	456	0.00036927	0	456	-0.0406464	0	456	0.018119	0	456	-0.0485194	0	
457	0.00106907	0	457	-0.0119823	0	457	0.000414499	0	457	-0.040755	0	457	0.0177568	0	457	-0.0488397	0	
458	0.00105893	0	458	-0.0119348	0	458	0.000401662	0	458	-0.0407432	0	458	0.0180868	0	458	-0.0488859	0	
459	0.00090757	0	459	-0.0117963	0	459	0.000417745	0	459	-0.0405706	0	459	0.0212094	0	459	-0.0468622	0	
460	0.000798261	0	460	-0.0116736	0	460	0.000374102	0	460	-0.0413452	0	460	0.023917	0	460	-0.0464046	0	
461	0.00109078	0	461	-0.0116028	0	461	0.000710191	0	461	-0.0406806	0	461	0.0185877	0	461	-0.0473903	0	
462	0.00135982	0	462	-0.0118771	0	462	0.000834557	0	462	-0.040504	0	462	0.0143498	0	462	-0.0499422	0	
463	0.00125504	0	463	-0.0120953	0	463	0.0007124	0	463	-0.0413291	0	463	0.015558	0	463	-0.0498374	0	
464	0.00120073	0	464	-0.0122007	0	464	0.000653447	0	464	-0.0415056	0	464	0.0176731	0	464	-0.0497076	0	
465	0.00116115	0	465	-0.0123003	0	465	0.000544157	0	465	-0.0419302	0	465	0.0172279	0	465	-0.0504135	0	
466	0.00128311	0	466	-0.0123433	0	466	0.000687365	0	466	-0.041754	0	466	0.0162309	0	466	-0.0508937	0	
467	0.00142055	0	467	-0.0125201	0	467	0.00086674	0	467	-0.0419226	0	467	0.0154309	0	467	-0.0522803	0	
468	0.00144531	0	468	-0.0126702	0	468	0.000921394	0	468	-0.0417951	0	468	0.0155033	0	468	-0.0528354	0	
469	0.00144713	0	469	-0.0127307	0	469	0.000888536	0	469	-0.0414465	0	469	0.0153027	0	469	-0.0532988	0	
470	0.00140349	0	470	-0.0127467	0	470	0.000835666	0	470	-0.0414323	0	470	0.0162425	0	470	-0.0533694	0	
471	0.00138146	0	471	-0.0127904	0	471	0.000794401	0	471	-0.0414701	0	471	0.0169138	0	471	-0.0537955	0	
472	0.00135915	0	472	-0.0128168	0	472	0.000787151	0	472	-0.0416335	0	472	0.0178206	0	472	-0.0539664	0	
473	0.00137191	0	473	-0.0128765	0	473	0.000760591	0	473	-0.0416843	0	473	0.0174083	0	473	-0.0543338	0	
474	0.0013823	0	474	-0.0128969	0	474	0.000763912	0	474	-0.0417117	0	474	0.017366	0	474	-0.0544408	0	
475	0.00138173	0	475	-0.0129163	0	475	0.000763581	0	475	-0.0418671	0	475	0.0177752	0	475	-0.0545149	0	
476	0.00138838	0	476	-0.0129497	0	476	0.000772247	0	476	-0.041988	0	476	0.0179447	0	476	-0.0546446	0	
477	0.00142834	0	477	-0.0130288	0	477	0.000792324	0	477	-0.0419248	0	477	0.0170862	0	477	-0.0550966	0	
478	0.0015162	0	478	-0.0131051	0	478	0.00106411	0	478	-0.0421578	0	478	0.0181275	0	478	-0.0561609	0	
479	0.00159726	0	479	-0.0131923	0	479	0.000864302	0	479	-0.0421846	0	479	0.0155504	0	479	-0.057424	0	
480	0.00156159	0	480	-0.0133168	0	480	0.000928438	0	480	-0.0423238	0	480	0.0178742	0	480	-0.0577402	0	
481	0.00154345	0	481	-0.0134133	0	481	0.000918714	0	481	-0.0425368	0	481	0.0178015	0	481	-0.0583892	0	
482	0.00153335	0	482	-0.0135126	0	482	0.000928386	0	482	-0.0426552	0	482	0.0185437	0	482	-0.0585005	0	
483	0.00154624	0	483	-0.013585	0	483	0.000897427	0	483	-0.0425122	0	483	0.0175552	0	483	-0.0588731	0	
484	0.0015442	0	484	-0.0136442	0	484	0.000862821	0	484	-0.0423792	0	484	0.0171409	0	484	-0.0590829	0	
485	0.00155794	0	485	-0.0136833	0	485	0.000815295	0	485	-0.0423117	0	485	0.0162873	0	485	-0.0594424	0	
486	0.00158033	0	486	-0.0136764	0	486	0.000850439	0	486	-0.0423225	0	486	0.0159881	0	486	-0.0594806	0	
487	0.00158854	0	487	-0.0136834	0	487	0.00084659	0	487	-0.0423259	0	487	0.0155388	0	487	-0.0595465	0	
488	0.00154556	0	488	-0.0136742	0	488	0.000791351	0	488	-0.0422735	0	488	0.0161263	0	488	-0.0593586	0	
489	0.00148534	0	489	-0.0136723	0	489	0.000722787	0	489	-0.0423869	0	489	0.0172753	0	489	-0.059091	0	
490	0.00145269	0	490	-0.0136899	0	490	0.000684306	0	490	-0.0424651	0	490	0.0177139	0	490	-0.0589839	0	
491	0.00142803	0	491	-0.0136978	0	491	0.000668805	0	491	-0.042825	0	491	0.018055	0	491	-0.0590186	0	
492	0.00139494	0	492	-0.0135796	0	492	0.000660101	0	492	-0.0426627	0	492	0.0184381	0	492	-0.0579918	0	
493	0.00131642	0	493	-0.0135372	0	493	0.000661028	0	493	-0.0430753	0	493	0.0206073	0	493	-0.0576719	0	
494	0.00127109	0	494	-0.013381	0	494	0.000612689	0	494	-0.0428087	0	494	0.0208114	0	494	-0.0566854	0	
495	0.00123459	0	495	-0.0133102	0	495	0.000588757	0	495	-0.04279	0	495	0.0209291	0	495	-0.0561682	0	
496	0.00121494	0	496	-0.0132629	0	496	0.000558626	0	496	-0.0427836	0	496	0.0210219	0	496	-0.0558325	0	
497	0.001226	0	497	-0.0132692	0	497	0.000556835	0	497	-0.0427107	0	497	0.0203297	0	497	-0.0559127	0	
498	0.00126976	0	498	-0.0132836	0	498	0.000560359	0	498	-0.0426551	0	498	0.0188121	0	498	-0.0562885	0	
499	0.00128828	0	499	-0.0132944	0	499	0.000564857	0	499	-0.0426293	0	499	0.0181358	0	499	-0.0565208	0	
500	0.00129213	0	500	-0.0133021	0	500	0.000571935	0	500	-0.0426379	0	500	0.0182367	0	500	-0.0567556	0	
501	0.0013041	0	501	-0.0133076	0	501	0.000570224	0	501	-0.0426009	0	501	0.0178899	0	501	-0.0569306	0	
502	0.00131961	0	502	-0.0133053	0	502	0.000569483	0	502	-0.0425775	0	502	0.0173719	0	502	-0.0571134	0	
503	0.00133257	0	503	-0.0133112	0	503	0.000579443	0	503	-0.0425585	0	503	0.0170937	0	503	-0.057205	0	
504	0.00134292	0	504	-0.0133181	0	504	0.000590209	0	504	-0.0425229	0	504	0.0169832	0	504	-0.0573183	0	
505	0.001334	0	505	-0.0133303	0	505	0.000592597	0	505	-0.042577	0	505	0.0172311	0	505	-0.0572924	0	
506	0.00131448	0	506	-0.0133287	0	506	0.00057289	0	506	-0.0426539	0	506	0.0177477	0	506	-0.057254	0	
507	0.00128917	0	507	-0.0133433	0	507	0.000559849	0	507	-0.0427914	0	507	0.0184491	0	507	-0.0572948	0	
508	0.00127139	0	508	-0.0133625	0	508	0.000558573	0	508	-0.0429456	0	508	0.0190208	0	508	-0.0573317	0	
509	0.00125862	0	509	-0.0133793	0	509	0.000565849	0	509	-0.0430713	0	509	0.0195199	0	509	-0.0573627	0	
510	0.00124727	0	510	-0.0134028	0	510	0.000580884	0	510	-0.0431824	0	510	0.0200797	0	510	-0.0574822	0	
511	0.00123693	0	511	-0.0134287	0	511	0.00059792	0	511	-0.0432994	0	511	0.0206637	0	511	-0.0576408	0	
512	0.0012245	0	512	-0.0134651	0	512	0.000599503	0	512	-0.0434877	0	512	0.0212359	0	512	-0.0578981	0	
513	0.0012144	0	513	-0.0135049	0	513	0.000594197	0	513	-0.0436624	0	513	0.0216811	0	513	-0.0581742	0	
514	0.00121559	0	514	-0.0135419	0	514	0.000591954	0	514	-0.0438193	0	514	0.0218792	0	514	-0.0584043	0	
515	0.00125709	0	515	-0.0136762	0	515	0.000570207	0	515	-0.043974	0	515	0.0211583	0	515	-0.0589023	0	
516	0.00134556	0	516	-0.0139589	0	516	0.000463169	0	516	-0.0441266	0	516	0.017506	0	516	-0.0603478	0	
517	0.00124389	0	517	-0.0139062	0	517	0.000570304	0	517	-0.0443977	0	517	0.0210342	0	517	-0.058845	0	
518	0.00118698	0	518	-0.013875	0	518	0.000576499	0	518	-0.0445609	0	518	0.0227537	0	518	-0.0585021	0	
519	0.001189	0	519	-0.0137299	0	519	0.000611871	0	519	-0.0444796	0	519	0.0228753	0	519	-0.0580951	0	
520	0.00120739	0	520	-0.0136323	0	520	0.000620662	0	520	-0.0443065	0	520	0.0225043	0	520	-0.0579599	0	
521	0.00119776	0	521	-0.013594	0	521	0.000585017	0	521	-0.0441478	0	521	0.0224472	0	521	-0.0576696	0	
522	0.00118999	0	522	-0.0135823	0	522	0.000554925	0	522	-0.0440844	0	522	0.0225244	0	522	-0.0575359	0	
523	0.00118272	0	523	-0.013571	0	523	0.000522785	0	523	-0.0440905	0	523	0.0224135	0	523	-0.0573492	0	
524	0.00116337	0	524	-0.0135948	0	524	0.0004739	0	524	-0.0441519	0	524	0.0223978	0	524	-0.0573299	0	
525	0.00113734	0	525	-0.0136094	0	525	0.000415606	0	525	-0.0441855	0	525	0.0222465	0	525	-0.057306	0	
526	0.00112031	0	526	-0.0136014	0	526	0.000368455	0	526	-0.0441687	0	526	0.0221073	0	526	-0.0572072	0	
527	0.00110361	0	527	-0.013611	0	527	0.000320005	0	527	-0.0441239	0	527	0.021839	0	527	-0.057284	0	
528	0.00109855	0	528	-0.0136158	0	528	0.000297011	0	528	-0.04415	0	528	0.0217446	0	528	-0.0573045	0	
529	0.00109384	0	529	-0.0136281	0	529	0.000272215	0	529	-0.0441323	0	529	0.0215115	0	529	-0.0574083	0	
530	0.00107464	0	530	-0.0136256	0	530	0.000239978	0	530	-0.044095	0	530	0.0215037	0	530	-0.0574039	0	
531	0.00105185	0	531	-0.0136116	0	531	0.00021486	0	531	-0.0440637	0	531	0.0216398	0	531	-0.0573288	0	
532	0.00103955	0	532	-0.0136013	0	532	0.000211245	0	532	-0.044073	0	532	0.0217758	0	532	-0.0572188	0	
533	0.00103297	0	533	-0.0135846	0	533	0.000213465	0	533	-0.0441263	0	533	0.0218965	0	533	-0.0571166	0	
534	0.00102854	0	534	-0.0135704	0	534	0.000218979	0	534	-0.044159	0	534	0.0220178	0	534	-0.0570373	0	
535	0.00102087	0	535	-0.0135669	0	535	0.000219752	0	535	-0.0441643	0	535	0.0222657	0	535	-0.057008	0	
536	0.00100646	0	536	-0.0135747	0	536	0.000189954	0	536	-0.0441208	0	536	0.0222102	0	536	-0.0570523	0	
537	0.000994266	0	537	-0.0136123	0	537	0.000126094	0	537	-0.0440664	0	537	0.0218334	0	537	-0.0573353	0	
538	0.000990982	0	538	-0.0136524	0	538	6.77404e-05	0	538	-0.0441283	0	538	0.021455	0	538	-0.0577078	0	
539	0.000997233	0	539	-0.0137071	0	539	4.08433e-05	0	539	-0.0442249	0	539	0.0212243	0	539	-0.0581769	0	
540	0.00100093	0	540	-0.0137546	0	540	3.03224e-05	0	540	-0.0443655	0	540	0.0212573	0	540	-0.0585746	0	
541	0.000993161	0	541	-0.0137862	0	541	3.40995e-05	0	541	-0.0446099	0	541	0.021525	0	541	-0.0588558	0	
542	0.000974333	0	542	-0.0137977	0	542	2.43333e-05	0	542	-0.0448836	0	542	0.0221501	0	542	-0.058965	0	
543	0.000965745	0	543	-0.0138025	0	543	1.58566e-05	0	543	-0.0450371	0	543	0.0222778	0	543	-0.058923	0	
544	0.000987384	0	544	-0.0138075	0	544	1.91966e-05	0	544	-0.0450206	0	544	0.0214687	0	544	-0.0588679	0	
545	0.00101113	0	545	-0.0138047	0	545	4.19042e-05	0	545	-0.0449638	0	545	0.0207963	0	545	-0.0587328	0	
546	0.0010805	0	546	-0.0137757	0	546	0.000334389	0	546	-0.0444259	0	546	0.0212152	0	546	-0.0576583	0	
547	0.00104136	0	547	-0.0137218	0	547	0.000318995	0	547	-0.0444272	0	547	0.0219784	0	547	-0.0572324	0	
548	0.00101232	0	548	-0.0136541	0	548	0.000241027	0	548	-0.0441669	0	548	0.0217473	0	548	-0.057238	0	
549	0.000993909	0	549	-0.0135813	0	549	0.000243649	0	549	-0.0442785	0	549	0.0225641	0	549	-0.0570523	0	
550	0.000978514	0	550	-0.0135601	0	550	0.000153907	0	550	-0.0440614	0	550	0.0214763	0	550	-0.0570716	0	
551	0.00098352	0	551	-0.0135777	0	551	0.000128608	0	551	-0.0440211	0	551	0.0211305	0	551	-0.057262	0	
552	0.000987066	0	552	-0.0136021	0	552	9.80397e-05	0	552	-0.0439621	0	552	0.0207401	0	552	-0.0574015	0	
553	0.000970083	0	553	-0.0136385	0	553	2.74183e-05	0	553	-0.0441159	0	553	0.0205574	0	553	-0.0576347	0	
554	0.000931445	0	554	-0.0136376	0	554	-7.46265e-05	0	554	-0.0443195	0	554	0.0207097	0	554	-0.0576211	0	
555	0.000909617	0	555	-0.0136486	0	555	-0.000130581	0	555	-0.0445292	0	555	0.0209561	0	555	-0.0576333	0	
556	0.000892786	0	556	-0.0136665	0	556	-0.000159051	0	556	-0.0447396	0	556	0.0213456	0	556	-0.0576486	0	
557	0.000890805	0	557	-0.013681	0	557	-0.000164284	0	557	-0.0448514	0	557	0.0215319	0	557	-0.0576928	0	
558	0.000891087	0	558	-0.0136866	0	558	-0.000169107	0	558	-0.0448685	0	558	0.0215065	0	558	-0.0577192	0	
559	0.000879621	0	559	-0.0136906	0	559	-0.000161686	0	559	-0.0450364	0	559	0.0220283	0	559	-0.0576404	0	
560	0.000871255	0	560	-0.0136957	0	560	-0.000163566	0	560	-0.0451324	0	560	0.022275	0	560	-0.0576225	0	
561	0.000863969	0	561	-0.0137061	0	561	-0.000140409	0	561	-0.0452296	0	561	0.0228945	0	561	-0.0576639	0	
562	0.000861361	0	562	-0.0137207	0	562	-0.000116432	0	562	-0.0452998	0	562	0.0234275	0	562	-0.0578366	0	
563	0.00109897	0	563	-0.0139039	0	563	0.00013759	0	563	-0.0445474	0	563	0.01954	0	563	-0.0597395	0	
564	0.00109172	0	564	-0.0140598	0	564	0.000196393	0	564	-0.0444724	0	564	0.0207836	0	564	-0.0598784	0	
565	0.00105066	0	565	-0.0141972	0	565	6.95675e-05	0	565	-0.0449057	0	565	0.0208869	0	565	-0.0605071	0	
566	0.00112797	0	566	-0.0142241	0	566	4.02332e-05	0	566	-0.0452002	0	566	0.0193873	0	566	-0.062041	0	
567	0.00121562	0	567	-0.0142898	0	567	0.000161135	0	567	-0.044763	0	567	0.0187149	0	567	-0.0624563	0	
568	0.00126929	0	568	-0.0144581	0	568	0.000279457	0	568	-0.0446413	0	568	0.0186957	0	568	-0.0632723	0	
569	0.00126398	0	569	-0.0147363	0	569	0.000164712	0	569	-0.0448675	0	569	0.0193014	0	569	-0.0645103	0	
570	0.00116271	0	570	-0.0150727	0	570	0.000151988	0	570	-0.0462216	0	570	0.0248635	0	570	-0.0657835	0	
571	0.00126827	0	571	-0.015284	0	571	0.000341142	0	571	-0.0465787	0	571	0.024754	0	571	-0.0664308	0	
572	0.00127522	0	572	-0.0152831	0	572	0.000292807	0	572	-0.0460319	0	572	0.0238085	0	572	-0.0664918	0	
573	0.00110945	0	573	-0.0153816	0	573	-0.000124847	0	573	-0.0464711	0	573	0.0242581	0	573	-0.067306	0	
574	0.000871484	0	574	-0.0151376	0	574	-0.000342126	0	574	-0.0460115	0	574	0.0260608	0	574	-0.0651654	0	
575	0.000825619	0	575	-0.0147522	0	575	-0.000371779	0	575	-0.0461653	0	575	0.0270011	0	575	-0.0627256	0	
576	0.000821386	0	576	-0.0140659	0	576	-0.000417053	0	576	-0.0450527	0	576	0.0230052	0	576	-0.0594782	0	
577	0.000903546	0	577	-0.013969	0	577	-0.000436395	0	577	-0.044639	0	577	0.0223204	0	577	-0.0611806	0	
578	0.000970082	0	578	-0.0140624	0	578	-0.000354619	0	578	-0.0442792	0	578	0.0218291	0	578	-0.0616354	0	
579	0.000957836	0	579	-0.0141237	0	579	-0.000350285	0	579	-0.0444207	0	579	0.0219894	0	579	-0.0615859	0	
580	0.000923752	0	580	-0.0140874	0	580	-0.000385852	0	580	-0.0445295	0	580	0.0221862	0	580	-0.0613087	0	
581	0.000935254	0	581	-0.0140919	0	581	-0.000355482	0	581	-0.0445045	0	581	0.0220119	0	581	-0.0613056	0	
582	0.000971532	0	582	-0.0141392	0	582	-0.000306312	0	582	-0.0444463	0	582	0.021619	0	582	-0.0615036	0	
583	0.000953328	0	583	-0.0141501	0	583	-0.000312818	0	583	-0.044476	0	583	0.0217935	0	583	-0.0614669	0	
584	0.000921036	0	584	-0.0141166	0	584	-0.00035622	0	584	-0.0445552	0	584	0.022052	0	584	-0.0612869	0	
585	0.000889403	0	585	-0.0141548	0	585	-0.000394224	0	585	-0.0445927	0	585	0.0225369	0	585	-0.0612082	0	
586	0.000732203	0	586	-0.0143233	0	586	-0.000479052	0	586	-0.0454124	0	586	0.0275751	0	586	-0.0612619	0	
587	0.000749796	0	587	-0.0143575	0	587	-0.000443307	0	587	-0.0455459	0	587	0.0277544	0	587	-0.0610483	0	
588	0.000696742	0	588	-0.0144262	0	588	-0.000573072	0	588	-0.0459397	0	588	0.0276187	0	588	-0.0618043	0	
589	0.000650467	0	589	-0.0143594	0	589	-0.000707675	0	589	-0.0454955	0	589	0.0272725	0	589	-0.0613613	0	
590	0.000623154	0	590	-0.0144649	0	590	-0.00078457	0	590	-0.0459195	0	590	0.0272364	0	590	-0.0614541	0	
591	0.000664888	0	591	-0.0143968	0	591	-0.000648692	0	591	-0.0459451	0	591	0.0274059	0	591	-0.0616905	0	
592	0.000712471	0	592	-0.0143958	0	592	-0.000565947	0	592	-0.0459871	0	592	0.0272778	0	592	-0.0617333	0	
593	0.000734555	0	593	-0.0143878	0	593	-0.000457138	0	593	-0.0460887	0	593	0.0279442	0	593	-0.0617728	0	
594	0.000754513	0	594	-0.0143863	0	594	-0.000423389	0	594	-0.0460464	0	594	0.0275979	0	594	-0.0616464	0	
595	0.000786052	0	595	-0.014429	0	595	-0.000338239	0	595	-0.0462381	0	595	0.0280414	0	595	-0.061696	0	
596	0.000882866	0	596	-0.0145388	0	596	-0.000245818	0	596	-0.0461529	0	596	0.0269833	0	596	-0.0622107	0	
597	0.00097471	0	597	-0.0146106	0	597	-0.000161167	0	597	-0.0454413	0	597	0.0244904	0	597	-0.0624769	0	
598	0.00106622	0	598	-0.0146825	0	598	-6.45447e-05	0	598	-0.0452113	0	598	0.0224373	0	598	-0.0631921	0	
599	0.00107689	0	599	-0.0146979	0	599	-2.68634e-05	0	599	-0.0452455	0	599	0.0223608	0	599	-0.0632549	0	
600	0.00106431	0	600	-0.0146862	0	600	-4.77545e-05	0	600	-0.0450353	0	600	0.0221436	0	600	-0.0631644	0	
601	0.00105268	0	601	-0.0146863	0	601	-6.97595e-05	0	601	-0.0450781	0	601	0.0222057	0	601	-0.0631278	0	
602	0.00105376	0	602	-0.0146717	0	602	-7.96405e-05	0	602	-0.0450129	0	602	0.0217508	0	602	-0.0630907	0	
603	0.00107801	0	603	-0.0146645	0	603	-3.67196e-05	0	603	-0.0449183	0	603	0.0211235	0	603	-0.0631193	0	
604	0.00108496	0	604	-0.0146395	0	604	-2.24271e-05	0	604	-0.0447839	0	604	0.0208278	0	604	-0.063001	0	
605	0.00106214	0	605	-0.0145918	0	605	-5.56834e-05	0	605	-0.0447537	0	605	0.0209053	0	605	-0.062706	0	
606	0.00102985	0	606	-0.0145382	0	606	-0.000105031	0	606	-0.044784	0	606	0.0211114	0	606	-0.0623972	0	
607	0.00096661	0	607	-0.0144437	0	607	-0.000197575	0	607	-0.0448879	0	607	0.0216199	0	607	-0.0619025	0	
608	0.000850822	0	608	-0.0141252	0	608	-0.000406322	0	608	-0.0449061	0	608	0.0224776	0	608	-0.0608548	0	
609	0.00096835	0	609	-0.0142629	0	609	-0.000214372	0	609	-0.0450228	0	609	0.0218766	0	609	-0.0615699	0	
610	0.000948875	0	610	-0.0142078	0	610	-0.000209518	0	610	-0.0448957	0	610	0.0215946	0	610	-0.0612845	0	
611	0.000900288	0	611	-0.0141628	0	611	-0.000287697	0	611	-0.0448513	0	611	0.0220253	0	611	-0.0609024	0	
612	0.000849531	0	612	-0.0141222	0	612	-0.000378239	0	612	-0.0449821	0	612	0.0225061	0	612	-0.0606492	0	
613	0.000805045	0	613	-0.0140974	0	613	-0.00042202	0	613	-0.0449978	0	613	0.0231885	0	613	-0.0603676	0	
614	0.000814984	0	614	-0.014088	0	614	-0.000415227	0	614	-0.0450002	0	614	0.0230298	0	614	-0.0603885	0	
615	0.000829398	0	615	-0.0140691	0	615	-0.000381307	0	615	-0.0449144	0	615	0.0228102	0	615	-0.0603931	0	
616	0.000843273	0	616	-0.0140617	0	616	-0.000351584	0	616	-0.044873	0	616	0.0225726	0	616	-0.0603735	0	
617	0.000829639	0	617	-0.0140689	0	617	-0.000361681	0	617	-0.0449065	0	617	0.0228644	0	617	-0.0602801	0	
618	0.00081024	0	618	-0.0140964	0	618	-0.000389843	0	618	-0.0450511	0	618	0.0231031	0	618	-0.0603759	0	
619	0.000799423	0	619	-0.0141329	0	619	-0.000399714	0	619	-0.0451483	0	619	0.0232462	0	619	-0.0605078	0	
620	0.000798096	0	620	-0.0141522	0	620	-0.000402773	0	620	-0.04526	0	620	0.0232548	0	620	-0.0606396	0	
621	0.000795278	0	621	-0.014182	0	621	-0.00040668	0	621	-0.0453518	0	621	0.0233258	0	621	-0.0607648	0	
622	0.000793833	0	622	-0.0142125	0	622	-0.000411615	0	622	-0.0454074	0	622	0.0234341	0	622	-0.0608966	0	
623	0.000782446	0	623	-0.0142331	0	623	-0.000422038	0	623	-0.0454281	0	623	0.0235624	0	623	-0.0609549	0	
624	0.000855625	0	624	-0.0141504	0	624	-0.000398112	0	624	-0.045587	0	624	0.0215834	0	624	-0.0619755	0	
625	0.000895091	0	625	-0.0141451	0	625	-0.000353693	0	625	-0.0452891	0	625	0.0213756	0	625	-0.0617152	0	
626	0.00095493	0	626	-0.0142348	0	626	-0.000204241	0	626	-0.0450343	0	626	0.0214765	0	626	-0.0615622	0	
627	0.000973748	0	627	-0.0142899	0	627	-0.000170395	0	627	-0.0449075	0	627	0.0212875	0	627	-0.0618955	0	
628	0.000931023	0	628	-0.0144314	0	628	-0.000217301	0	628	-0.0448531	0	628	0.0223861	0	628	-0.0620569	0	
629	0.000991019	0	629	-0.0146132	0	629	-0.000190568	0	629	-0.0450988	0	629	0.0227341	0	629	-0.0629829	0	
630	0.000951985	0	630	-0.0147257	0	630	-9.39577e-05	0	630	-0.0457826	0	630	0.026449	0	630	-0.0629664	0	
631	0.000994375	0	631	-0.0148693	0	631	-6.37142e-05	0	631	-0.0462581	0	631	0.0269064	0	631	-0.0640818	0	
632	0.0010105	0	632	-0.0150095	0	632	-6.19238e-05	0	632	-0.0464936	0	632	0.0271208	0	632	-0.0649569	0	
633	0.00103705	0	633	-0.0151531	0	633	-6.27118e-05	0	633	-0.0465729	0	633	0.0265702	0	633	-0.0660408	0	
634	0.00103901	0	634	-0.015215	0	634	-7.79698e-05	0	634	-0.046617	0	634	0.0262507	0	634	-0.0665194	0	
635	0.00104657	0	635	-0.0151999	0	635	-6.30479e-05	0	635	-0.046571	0	635	0.0255898	0	635	-0.0662778	0	
636	0.00100954	0	636	-0.0149893	0	636	-6.40852e-05	0	636	-0.0464865	0	636	0.0258235	0	636	-0.0647707	0	
637	0.00101207	0	637	-0.0148081	0	637	-0.00011416	0	637	-0.0464934	0	637	0.0248641	0	637	-0.0638421	0	
638	0.000966028	0	638	-0.0147277	0	638	-0.000149955	0	638	-0.0464995	0	638	0.0264324	0	638	-0.0629117	0	
639	0.000974172	0	639	-0.0147528	0	639	-0.000132967	0	639	-0.0465421	0	639	0.0265097	0	639	-0.0630038	0	
640	0.00098934	0	640	-0.014733	0	640	-7.3845e-05	0	640	-0.0461958	0	640	0.0259639	0	640	-0.0628688	0	
641	0.000989021	0	641	-0.0147465	0	641	-5.04063e-05	0	641	-0.046236	0	641	0.0261533	0	641	-0.0629584	0	
642	0.00102316	0	642	-0.0147562	0	642	-3.19127e-05	0	642	-0.0457759	0	642	0.0241065	0	642	-0.063502	0	
643	0.00105545	0	643	-0.0147219	0	643	-9.01144e-05	0	643	-0.0452108	0	643	0.0213422	0	643	-0.0634483	0	
644	0.00101802	0	644	-0.0146481	0	644	-9.41481e-05	0	644	-0.0449789	0	644	0.0216348	0	644	-0.0629667	0	
645	0.00100101	0	645	-0.0145829	0	645	-5.05482e-05	0	645	-0.0450807	0	645	0.0219652	0	645	-0.062341	0	
646	0.000997503	0	646	-0.0145031	0	646	-4.82416e-05	0	646	-0.0450189	0	646	0.0220434	0	646	-0.0623254	0	
647	0.00101565	0	647	-0.014498	0	647	-5.24796e-05	0	647	-0.044871	0	647	0.0217686	0	647	-0.0624257	0	
648	0.00102951	0	648	-0.0144452	0	648	-4.36568e-05	0	648	-0.0448442	0	648	0.0210988	0	648	-0.0624828	0	
649	0.00100381	0	649	-0.0144856	0	649	-8.04838e-05	0	649	-0.0447786	0	649	0.0214363	0	649	-0.0625667	0	
650	0.000977456	0	650	-0.0144997	0	650	-0.000139966	0	650	-0.0448944	0	650	0.0217765	0	650	-0.0624363	0	
651	0.000956749	0	651	-0.0144992	0	651	-0.000177857	0	651	-0.0449895	0	651	0.0219691	0	651	-0.0623601	0	
652	0.000937369	0	652	-0.0145066	0	652	-0.00020773	0	652	-0.0450973	0	652	0.0221089	0	652	-0.0623017	0	
653	0.000936009	0	653	-0.0145204	0	653	-0.000227875	0	653	-0.045179	0	653	0.0221984	0	653	-0.0623219	0	
654	0.000926451	0	654	-0.0145203	0	654	-0.000254868	0	654	-0.0452906	0	654	0.0222781	0	654	-0.0622941	0	
655	0.000907165	0	655	-0.0145262	0	655	-0.000297999	0	655	-0.0454188	0	655	0.0225024	0	655	-0.0622841	0	
656	0.00088899	0	656	-0.0145353	0	656	-0.0003291	0	656	-0.0455254	0	656	0.0227611	0	656	-0.0623064	0	
657	0.000900261	0	657	-0.0145567	0	657	-0.000313805	0	657	-0.045486	0	657	0.0227477	0	657	-0.0624202	0	
658	0.000922154	0	658	-0.0145881	0	658	-0.000282647	0	658	-0.0454828	0	658	0.0227074	0	658	-0.0626428	0	
