Velocities
0	0	0	0	0	0	0	0	0	0	0	0	0	0	0	0	0	0	
1	0	0	1	0	0	1	0	0	1	0	0	1	0	0	1	0	0	
2	0	0	2	0	0	2	0	0	2	0	0	2	0	0	2	0	0	
3	0	0	3	0	0	3	0	0	3	0	0	3	0	0	3	0	0	
4	0	0	4	0	0	4	0	0	4	0	0	4	0	0	4	0	0	
5	0	0	5	0	0	5	0	0	5	0	0	5	0	0	5	0	0	
6	0	0	6	0	0	6	0	0	6	0	0	6	0	0	6	0	0	
7	0	0	7	0	0	7	0	0	7	0	0	7	0	0	7	0	0	
8	0	0	8	0	0	8	0	0	8	0	0	8	0	0	8	0	0	
9	0	0	9	0	0	9	0	0	9	0	0	9	0	0	9	0	0	
10	0	0	10	0	0	10	0	0	10	0	0	10	0	0	10	0	0	
11	0	0	11	0	0	11	0	0	11	0	0	11	0	0	11	0	0	
12	0	0	12	0	0	12	0	0	12	0	0	12	0	0	12	0	0	
13	0	0	13	0	0	13	0	0	13	0	0	13	0	0	13	0	0	
14	0	0	14	0	0	14	0	0	14	0	0	14	0	0	14	0	0	
15	0	0	15	0	0	15	0	0	15	0	0	15	0	0	15	0	0	
16	0	0	16	0	0	16	0	0	16	0	0	16	0	0	16	0	0	
17	0	0	17	0	0	17	0	0	17	0	0	17	0	0	17	0	0	
18	0	0	18	0	0	18	0	0	18	0	0	18	0	0	18	0	0	
19	0	0	19	0	0	19	0	0	19	0	0	19	0	0	19	0	0	
20	0	0	20	0	0	20	0	0	20	0	0	20	0	0	20	0	0	
21	0	0	21	0	0	21	0	0	21	0	0	21	0	0	21	0	0	
22	0	0	22	0	0	22	0	0	22	0	0	22	0	0	22	0	0	
23	0	0	23	0	0	23	0	0	23	0	0	23	0	0	23	0	0	
24	0	0	24	0	0	24	0	0	24	0	0	24	0	0	24	0	0	
25	0	0	25	0	0	25	0	0	25	0	0	25	0	0	25	0	0	
26	0	0	26	0	0	26	0	0	26	0	0	26	0	0	26	0	0	
27	0	0	27	0	0	27	0	0	27	0	0	27	0	0	27	0	0	
28	0	0	28	0	0	28	0	0	28	0	0	28	0	0	28	0	0	
29	0	0	29	0	0	29	0	0	29	0	0	29	0	0	29	0	0	
30	0	0	30	0	0	30	0	0	30	0	0	30	0	0	30	0	0	
31	0	0	31	0	0	31	0	0	31	0	0	31	0	0	31	0	0	
32	0	0	32	0	0	32	0	0	32	0	0	32	0	0	32	0	0	
33	0	0	33	0	0	33	0	0	33	0	0	33	0	0	33	0	0	
34	0	0	34	0	0	34	0	0	34	0	0	34	0	0	34	0	0	
35	0	0	35	0	0	35	0	0	35	0	0	35	0	0	35	0	0	
36	0	0	36	0	0	36	0	0	36	0	0	36	0	0	36	0	0	
37	0	0	37	0	0	37	0	0	37	0	0	37	0	0	37	0	0	
38	0	0	38	0	0	38	0	0	38	0	0	38	0	0	38	0	0	
39	0	0	39	0	0	39	0	0	39	0	0	39	0	0	39	0	0	
40	0	0	40	0	0	40	0	0	40	0	0	40	0	0	40	0	0	
41	0	0	41	0	0	41	0	0	41	0	0	41	0	0	41	0	0	
42	0	0	42	0	0	42	0	0	42	0	0	42	0	0	42	0	0	
43	0	0	43	0	0	43	0	0	43	0	0	43	0	0	43	0	0	
44	0	0	44	0	0	44	0	0	44	0	0	44	0	0	44	0	0	
45	0	0	45	0	0	45	0	0	45	0	0	45	0	0	45	0	0	
46	0	0	46	0	0	46	0	0	46	0	0	46	0	0	46	0	0	
47	0	0	47	0	0	47	0	0	47	0	0	47	0	0	47	0	0	
48	0	0	48	0	0	48	0	0	48	0	0	48	0	0	48	0	0	
49	0	0	49	0	0	49	0	0	49	0	0	49	0	0	49	0	0	
50	0	0	50	0	0	50	0	0	50	0	0	50	0	0	50	0	0	
51	0	0	51	0	0	51	0	0	51	0	0	51	0	0	51	0	0	
52	0	0	52	0	0	52	0	0	52	0	0	52	0	0	52	0	0	
53	0	0	53	0	0	53	0	0	53	0	0	53	0	0	53	0	0	
54	0	0	54	0	0	54	0	0	54	0	0	54	0	0	54	0	0	
55	0	0	55	0	0	55	0	0	55	0	0	55	0	0	55	0	0	
56	0	0	56	0	0	56	0	0	56	0	0	56	0	0	56	0	0	
57	0	0	57	0	0	57	0	0	57	0	0	57	0	0	57	0	0	
58	0	0	58	0	0	58	0	0	58	0	0	58	0	0	58	0	0	
59	0	0	59	0	0	59	0	0	59	0	0	59	0	0	59	0	0	
60	0	0	60	0	0	60	0	0	60	0	0	60	0	0	60	0	0	
61	0	0	61	0	0	61	0	0	61	0	0	61	0	0	61	0	0	
62	0	0	62	0	0	62	0	0	62	0	0	62	0	0	62	0	0	
63	0	0	63	0	0	63	0	0	63	0	0	63	0	0	63	0	0	
64	0	0	64	0	0	64	0	0	64	0	0	64	0	0	64	0	0	
65	0	0	65	0	0	65	0	0	65	0	0	65	0	0	65	0	0	
66	0	0	66	0	0	66	0	0	66	0	0	66	0	0	66	0	0	
67	0	0	67	0	0	67	0	0	67	0	0	67	0	0	67	0	0	
68	0	0	68	0	0	68	0	0	68	0	0	68	0	0	68	0	0	
69	0	0	69	0	0	69	0	0	69	0	0	69	0	0	69	0	0	
70	0	0	70	0	0	70	0	0	70	0	0	70	0	0	70	0	0	
71	0	0	71	0	0	71	0	0	71	0	0	71	0	0	71	0	0	
72	0	0	72	0	0	72	0	0	72	0	0	72	0	0	72	0	0	
73	0	0	73	0	0	73	0	0	73	0	0	73	0	0	73	0	0	
74	0	0	74	0	0	74	0	0	74	0	0	74	0	0	74	0	0	
75	0	0	75	0	0	75	0	0	75	0	0	75	0	0	75	0	0	
76	0	0	76	0	0	76	0	0	76	0	0	76	0	0	76	0	0	
77	0	0	77	0	0	77	0	0	77	0	0	77	0	0	77	0	0	
78	0	0	78	0	0	78	0	0	78	0	0	78	0	0	78	0	0	
79	0	0	79	0	0	79	0	0	79	0	0	79	0	0	79	0	0	
80	0	0	80	0	0	80	0	0	80	0	0	80	0	0	80	0	0	
81	0	0	81	0	0	81	0	0	81	0	0	81	0	0	81	0	0	
82	0	0	82	0	0	82	0	0	82	0	0	82	0	0	82	0	0	
83	0	0	83	0	0	83	0	0	83	0	0	83	0	0	83	0	0	
84	0	0	84	0	0	84	0	0	84	0	0	84	0	0	84	0	0	
85	0	0	85	0	0	85	0	0	85	0	0	85	0	0	85	0	0	
86	0	0	86	0	0	86	0	0	86	0	0	86	0	0	86	0	0	
87	0	0	87	0	0	87	0	0	87	0	0	87	0	0	87	0	0	
88	0	0	88	0	0	88	0	0	88	0	0	88	0	0	88	0	0	
89	0	0	89	0	0	89	0	0	89	0	0	89	0	0	89	0	0	
90	0	0	90	0	0	90	0	0	90	0	0	90	0	0	90	0	0	
91	0	0	91	0	0	91	0	0	91	0	0	91	0	0	91	0	0	
92	0	0	92	0	0	92	0	0	92	0	0	92	0	0	92	0	0	
93	0	0	93	0	0	93	0	0	93	0	0	93	0	0	93	0	0	
94	0	0	94	0	0	94	0	0	94	0	0	94	0	0	94	0	0	
95	0	0	95	0	0	95	0	0	95	0	0	95	0	0	95	0	0	
96	0	0	96	0	0	96	0	0	96	0	0	96	0	0	96	0	0	
97	0	0	97	0	0	97	0	0	97	0	0	97	0	0	97	0	0	
98	0	0	98	0	0	98	0	0	98	0	0	98	0	0	98	0	0	
99	0	0	99	0	0	99	0	0	99	0	0	99	0	0	99	0	0	
100	0	0	100	0	0	100	0	0	100	0	0	100	0	0	100	0	0	
101	0	0	101	0	0	101	0	0	101	0	0	101	0	0	101	0	0	
102	0	0	102	0	0	102	0	0	102	0	0	102	0	0	102	0	0	
103	0	0	103	0	0	103	0	0	103	0	0	103	0	0	103	0	0	
104	0	0	104	0	0	104	0	0	104	0	0	104	0	0	104	0	0	
105	0	0	105	0	0	105	0	0	105	0	0	105	0	0	105	0	0	
106	0	0	106	0	0	106	0	0	106	0	0	106	0	0	106	0	0	
107	0	0	107	0	0	107	0	0	107	0	0	107	0	0	107	0	0	
108	0	0	108	0	0	108	0	0	108	0	0	108	0	0	108	0	0	
109	0	0	109	0	0	109	0	0	109	0	0	109	0	0	109	0	0	
110	0	0	110	0	0	110	0	0	110	0	0	110	0	0	110	0	0	
111	0	0	111	0	0	111	0	0	111	0	0	111	0	0	111	0	0	
112	0	0	112	0	0	112	0	0	112	0	0	112	0	0	112	0	0	
113	0	0	113	0	0	113	0	0	113	0	0	113	0	0	113	0	0	
114	0	0	114	0	0	114	0	0	114	0	0	114	0	0	114	0	0	
115	0	0	115	0	0	115	0	0	115	0	0	115	0	0	115	0	0	
116	0	0	116	0	0	116	0	0	116	0	0	116	0	0	116	0	0	
117	0	0	117	0	0	117	0	0	117	0	0	117	0	0	117	0	0	
118	0	0	118	0	0	118	0	0	118	0	0	118	0	0	118	0	0	
119	0	0	119	0	0	119	0	0	119	0	0	119	0	0	119	0	0	
120	0	0	120	0	0	120	0	0	120	0	0	120	0	0	120	0	0	
121	0	0	121	0	0	121	0	0	121	0	0	121	0	0	121	0	0	
122	0	0	122	0	0	122	0	0	122	0	0	122	0	0	122	0	0	
123	0	0	123	0	0	123	0	0	123	0	0	123	0	0	123	0	0	
124	0	0	124	0	0	124	0	0	124	0	0	124	0	0	124	0	0	
125	0	0	125	0	0	125	0	0	125	0	0	125	0	0	125	0	0	
126	0	0	126	0	0	126	0	0	126	0	0	126	0	0	126	0	0	
127	0	0	127	0	0	127	0	0	127	0	0	127	0	0	127	0	0	
128	0	0	128	0	0	128	0	0	128	0	0	128	0	0	128	0	0	
129	0	0	129	0	0	129	0	0	129	0	0	129	0	0	129	0	0	
130	0	0	130	0	0	130	0	0	130	0	0	130	0	0	130	0	0	
131	0	0	131	0	0	131	0	0	131	0	0	131	0	0	131	0	0	
132	0	0	132	0	0	132	0	0	132	0	0	132	0	0	132	0	0	
133	0	0	133	0	0	133	0	0	133	0	0	133	0	0	133	0	0	
134	0	0	134	0	0	134	0	0	134	0	0	134	0	0	134	0	0	
135	0	0	135	0	0	135	0	0	135	0	0	135	0	0	135	0	0	
136	0	0	136	0	0	136	0	0	136	0	0	136	0	0	136	0	0	
137	0	0	137	0	0	137	0	0	137	0	0	137	0	0	137	0	0	
138	0	0	138	0	0	138	0	0	138	0	0	138	0	0	138	0	0	
139	0	0	139	0	0	139	0	0	139	0	0	139	0	0	139	0	0	
140	0	0	140	0	0	140	0	0	140	0	0	140	0	0	140	0	0	
141	0	0	141	0	0	141	0	0	141	0	0	141	0	0	141	0	0	
142	0	0	142	0	0	142	0	0	142	0	0	142	0	0	142	0	0	
143	0	0	143	0	0	143	0	0	143	0	0	143	0	0	143	0	0	
144	0	0	144	0	0	144	0	0	144	0	0	144	0	0	144	0	0	
145	0	0	145	0	0	145	0	0	145	0	0	145	0	0	145	0	0	
146	0	0	146	0	0	146	0	0	146	0	0	146	0	0	146	0	0	
147	0	0	147	0	0	147	0	0	147	0	0	147	0	0	147	0	0	
148	0	0	148	0	0	148	0	0	148	0	0	148	0	0	148	0	0	
149	0	0	149	0	0	149	0	0	149	0	0	149	0	0	149	0	0	
150	0	0	150	0	0	150	0	0	150	0	0	150	0	0	150	0	0	
151	0	0	151	0	0	151	0	0	151	0	0	151	0	0	151	0	0	
152	0	0	152	0	0	152	0	0	152	0	0	152	0	0	152	0	0	
153	0	0	153	0	0	153	0	0	153	0	0	153	0	0	153	0	0	
154	0	0	154	0	0	154	0	0	154	0	0	154	0	0	154	0	0	
155	0	0	155	0	0	155	0	0	155	0	0	155	0	0	155	0	0	
156	0	0	156	0	0	156	0	0	156	0	0	156	0	0	156	0	0	
157	0	0	157	0	0	157	0	0	157	0	0	157	0	0	157	0	0	
158	0	0	158	0	0	158	0	0	158	0	0	158	0	0	158	0	0	
159	0	0	159	0	0	159	0	0	159	0	0	159	0	0	159	0	0	
160	0	0	160	0	0	160	0	0	160	0	0	160	0	0	160	0	0	
161	0	0	161	0	0	161	0	0	161	0	0	161	0	0	161	0	0	
162	0	0	162	0	0	162	0	0	162	0	0	162	0	0	162	0	0	
163	0	0	163	0	0	163	0	0	163	0	0	163	0	0	163	0	0	
164	0	0	164	0	0	164	0	0	164	0	0	164	0	0	164	0	0	
165	0	0	165	0	0	165	0	0	165	0	0	165	0	0	165	0	0	
166	0	0	166	0	0	166	0	0	166	0	0	166	0	0	166	0	0	
167	0	0	167	0	0	167	0	0	167	0	0	167	0	0	167	0	0	
168	0	0	168	0	0	168	0	0	168	0	0	168	0	0	168	0	0	
169	0	0	169	0	0	169	0	0	169	0	0	169	0	0	169	0	0	
170	0	0	170	0	0	170	0	0	170	0	0	170	0	0	170	0	0	
171	0	0	171	0	0	171	0	0	171	0	0	171	0	0	171	0	0	
172	0	0	172	0	0	172	0	0	172	0	0	172	0	0	172	0	0	
173	0	0	173	0	0	173	0	0	173	0	0	173	0	0	173	0	0	
174	0	0	174	0	0	174	0	0	174	0	0	174	0	0	174	0	0	
175	0	0	175	0	0	175	0	0	175	0	0	175	0	0	175	0	0	
176	0	0	176	0	0	176	0	0	176	0	0	176	0	0	176	0	0	
177	0	0	177	0	0	177	0	0	177	0	0	177	0	0	177	0	0	
178	0	0	178	0	0	178	0	0	178	0	0	178	0	0	178	0	0	
179	0	0	179	0	0	179	0	0	179	0	0	179	0	0	179	0	0	
180	0	0	180	0	0	180	0	0	180	0	0	180	0	0	180	0	0	
181	0	0	181	0	0	181	0	0	181	0	0	181	0	0	181	0	0	
182	0	0	182	0	0	182	0	0	182	0	0	182	0	0	182	0	0	
183	0	0	183	0	0	183	0	0	183	0	0	183	0	0	183	0	0	
184	0	0	184	0	0	184	0	0	184	0	0	184	0	0	184	0	0	
185	0	0	185	0	0	185	0	0	185	0	0	185	0	0	185	0	0	
186	0	0	186	0	0	186	0	0	186	0	0	186	0	0	186	0	0	
187	0	0	187	0	0	187	0	0	187	0	0	187	0	0	187	0	0	
188	0	0	188	0	0	188	0	0	188	0	0	188	0	0	188	0	0	
189	0	0	189	0	0	189	0	0	189	0	0	189	0	0	189	0	0	
190	0	0	190	0	0	190	0	0	190	0	0	190	0	0	190	0	0	
191	0	0	191	0	0	191	0	0	191	0	0	191	0	0	191	0	0	
192	0	0	192	0	0	192	0	0	192	0	0	192	0	0	192	0	0	
193	0	0	193	0	0	193	0	0	193	0	0	193	0	0	193	0	0	
194	0	0	194	0	0	194	0	0	194	0	0	194	0	0	194	0	0	
195	0	0	195	0	0	195	0	0	195	0	0	195	0	0	195	0	0	
196	0	0	196	0	0	196	0	0	196	0	0	196	0	0	196	0	0	
197	0	0	197	0	0	197	0	0	197	0	0	197	0	0	197	0	0	
198	0	0	198	0	0	198	0	0	198	0	0	198	0	0	198	0	0	
199	0	0	199	0	0	199	0	0	199	0	0	199	0	0	199	0	0	
200	0	0	200	0	0	200	0	0	200	0	0	200	0	0	200	0	0	
201	0	0	201	0	0	201	0	0	201	0	0	201	0	0	201	0	0	
202	0	0	202	0	0	202	0	0	202	0	0	202	0	0	202	0	0	
203	0	0	203	0	0	203	0	0	203	0	0	203	0	0	203	0	0	
204	0	0	204	0	0	204	0	0	204	0	0	204	0	0	204	0	0	
205	0	0	205	0	0	205	0	0	205	0	0	205	0	0	205	0	0	
206	0	0	206	0	0	206	0	0	206	0	0	206	0	0	206	0	0	
207	0	0	207	0	0	207	0	0	207	0	0	207	0	0	207	0	0	
208	0	0	208	0	0	208	0	0	208	0	0	208	0	0	208	0	0	
209	0	0	209	0	0	209	0	0	209	0	0	209	0	0	209	0	0	
210	0	0	210	0	0	210	0	0	210	0	0	210	0	0	210	0	0	
211	0	0	211	0	0	211	0	0	211	0	0	211	0	0	211	0	0	
212	0	0	212	0	0	212	0	0	212	0	0	212	0	0	212	0	0	
213	0	0	213	0	0	213	0	0	213	0	0	213	0	0	213	0	0	
214	0	0	214	0	0	214	0	0	214	0	0	214	0	0	214	0	0	
215	0	0	215	0	0	215	0	0	215	0	0	215	0	0	215	0	0	
216	0	0	216	0	0	216	0	0	216	0	0	216	0	0	216	0	0	
217	0	0	217	0	0	217	0	0	217	0	0	217	0	0	217	0	0	
218	0	0	218	0	0	218	0	0	218	0	0	218	0	0	218	0	0	
219	0	0	219	0	0	219	0	0	219	0	0	219	0	0	219	0	0	
220	0	0	220	0	0	220	0	0	220	0	0	220	0	0	220	0	0	
221	0	0	221	0	0	221	0	0	221	0	0	221	0	0	221	0	0	
222	0	0	222	0	0	222	0	0	222	0	0	222	0	0	222	0	0	
223	0	0	223	0	0	223	0	0	223	0	0	223	0	0	223	0	0	
224	0	0	224	0	0	224	0	0	224	0	0	224	0	0	224	0	0	
225	0	0	225	0	0	225	0	0	225	0	0	225	0	0	225	0	0	
226	0	0	226	0	0	226	0	0	226	0	0	226	0	0	226	0	0	
227	0	0	227	0	0	227	0	0	227	0	0	227	0	0	227	0	0	
228	0	0	228	0	0	228	0	0	228	0	0	228	0	0	228	0	0	
229	0	0	229	0	0	229	0	0	229	0	0	229	0	0	229	0	0	
230	0	0	230	0	0	230	0	0	230	0	0	230	0	0	230	0	0	
231	0	0	231	0	0	231	0	0	231	0	0	231	0	0	231	0	0	
232	0	0	232	0	0	232	0	0	232	0	0	232	0	0	232	0	0	
233	0	0	233	0	0	233	0	0	233	0	0	233	0	0	233	0	0	
234	0	0	234	0	0	234	0	0	234	0	0	234	0	0	234	0	0	
235	0	0	235	0	0	235	0	0	235	0	0	235	0	0	235	0	0	
236	0	0	236	0	0	236	0	0	236	0	0	236	0	0	236	0	0	
237	0	0	237	0	0	237	0	0	237	0	0	237	0	0	237	0	0	
238	0	0	238	0	0	238	0	0	238	0	0	238	0	0	238	0	0	
239	0	0	239	0	0	239	0	0	239	0	0	239	0	0	239	0	0	
240	0	0	240	0	0	240	0	0	240	0	0	240	0	0	240	0	0	
241	0	0	241	0	0	241	0	0	241	0	0	241	0	0	241	0	0	
242	0	0	242	0	0	242	0	0	242	0	0	242	0	0	242	0	0	
243	0	0	243	0	0	243	0	0	243	0	0	243	0	0	243	0	0	
244	0	0	244	0	0	244	0	0	244	0	0	244	0	0	244	0	0	
245	0	0	245	0	0	245	0	0	245	0	0	245	0	0	245	0	0	
246	0	0	246	0	0	246	0	0	246	0	0	246	0	0	246	0	0	
247	0	0	247	0	0	247	0	0	247	0	0	247	0	0	247	0	0	
248	0	0	248	0	0	248	0	0	248	0	0	248	0	0	248	0	0	
249	0	0	249	0	0	249	0	0	249	0	0	249	0	0	249	0	0	
250	0	0	250	0	0	250	0	0	250	0	0	250	0	0	250	0	0	
251	0	0	251	0	0	251	0	0	251	0	0	251	0	0	251	0	0	
252	0	0	252	0	0	252	0	0	252	0	0	252	0	0	252	0	0	
253	0	0	253	0	0	253	0	0	253	0	0	253	0	0	253	0	0	
254	0	0	254	0	0	254	0	0	254	0	0	254	0	0	254	0	0	
255	0	0	255	0	0	255	0	0	255	0	0	255	0	0	255	0	0	
256	0	0	256	0	0	256	0	0	256	0	0	256	0	0	256	0	0	
257	0	0	257	0	0	257	0	0	257	0	0	257	0	0	257	0	0	
258	0	0	258	0	0	258	0	0	258	0	0	258	0	0	258	0	0	
259	0	0	259	0	0	259	0	0	259	0	0	259	0	0	259	0	0	
260	0	0	260	0	0	260	0	0	260	0	0	260	0	0	260	0	0	
261	0	0	261	0	0	261	0	0	261	0	0	261	0	0	261	0	0	
262	0	0	262	0	0	262	0	0	262	0	0	262	0	0	262	0	0	
263	0	0	263	0	0	263	0	0	263	0	0	263	0	0	263	0	0	
264	0	0	264	0	0	264	0	0	264	0	0	264	0	0	264	0	0	
265	0	0	265	0	0	265	0	0	265	0	0	265	0	0	265	0	0	
266	0	0	266	0	0	266	0	0	266	0	0	266	0	0	266	0	0	
267	0	0	267	0	0	267	0	0	267	0	0	267	0	0	267	0	0	
268	0	0	268	0	0	268	0	0	268	0	0	268	0	0	268	0	0	
269	0	0	269	0	0	269	0	0	269	0	0	269	0	0	269	0	0	
270	0	0	270	0	0	270	0	0	270	0	0	270	0	0	270	0	0	
271	0	0	271	0	0	271	0	0	271	0	0	271	0	0	271	0	0	
272	0	0	272	0	0	272	0	0	272	0	0	272	0	0	272	0	0	
273	0	0	273	0	0	273	0	0	273	0	0	273	0	0	273	0	0	
274	0	0	274	0	0	274	0	0	274	0	0	274	0	0	274	0	0	
275	0	0	275	0	0	275	0	0	275	0	0	275	0	0	275	0	0	
276	0	0	276	0	0	276	0	0	276	0	0	276	0	0	276	0	0	
277	0	0	277	0	0	277	0	0	277	0	0	277	0	0	277	0	0	
278	0	0	278	0	0	278	0	0	278	0	0	278	0	0	278	0	0	
279	0	0	279	0	0	279	0	0	279	0	0	279	0	0	279	0	0	
280	0	0	280	0	0	280	0	0	280	0	0	280	0	0	280	0	0	
281	0	0	281	0	0	281	0	0	281	0	0	281	0	0	281	0	0	
282	0	0	282	0	0	282	0	0	282	0	0	282	0	0	282	0	0	
283	0	0	283	0	0	283	0	0	283	0	0	283	0	0	283	0	0	
284	0	0	284	0	0	284	0	0	284	0	0	284	0	0	284	0	0	
285	0	0	285	0	0	285	0	0	285	0	0	285	0	0	285	0	0	
286	0	0	286	0	0	286	0	0	286	0	0	286	0	0	286	0	0	
287	0	0	287	0	0	287	0	0	287	0	0	287	0	0	287	0	0	
288	0	0	288	0	0	288	0	0	288	0	0	288	0	0	288	0	0	
289	0	0	289	0	0	289	0	0	289	0	0	289	0	0	289	0	0	
290	0	0	290	0	0	290	0	0	290	0	0	290	0	0	290	0	0	
291	0	0	291	0	0	291	0	0	291	0	0	291	0	0	291	0	0	
292	0	0	292	0	0	292	0	0	292	0	0	292	0	0	292	0	0	
293	0	0	293	0	0	293	0	0	293	0	0	293	0	0	293	0	0	
294	0	0	294	0	0	294	0	0	294	0	0	294	0	0	294	0	0	
295	0	0	295	0	0	295	0	0	295	0	0	295	0	0	295	0	0	
296	0	0	296	0	0	296	0	0	296	0	0	296	0	0	296	0	0	
297	0	0	297	0	0	297	0	0	297	0	0	297	0	0	297	0	0	
298	0	0	298	0	0	298	0	0	298	0	0	298	0	0	298	0	0	
299	0	0	299	0	0	299	0	0	299	0	0	299	0	0	299	0	0	
300	0	0	300	0	0	300	0	0	300	0	0	300	0	0	300	0	0	
301	0	0	301	0	0	301	0	0	301	0	0	301	0	0	301	0	0	
302	0	0	302	0	0	302	0	0	302	0	0	302	0	0	302	0	0	
303	0	0	303	0	0	303	0	0	303	0	0	303	0	0	303	0	0	
304	0	0	304	0	0	304	0	0	304	0	0	304	0	0	304	0	0	
305	0	0	305	0	0	305	0	0	305	0	0	305	0	0	305	0	0	
306	0	0	306	0	0	306	0	0	306	0	0	306	0	0	306	0	0	
307	0	0	307	0	0	307	0	0	307	0	0	307	0	0	307	0	0	
308	0	0	308	0	0	308	0	0	308	0	0	308	0	0	308	0	0	
309	0	0	309	0	0	309	0	0	309	0	0	309	0	0	309	0	0	
310	0	0	310	0	0	310	0	0	310	0	0	310	0	0	310	0	0	
311	0	0	311	0	0	311	0	0	311	0	0	311	0	0	311	0	0	
312	0	0	312	0	0	312	0	0	312	0	0	312	0	0	312	0	0	
313	0	0	313	0	0	313	0	0	313	0	0	313	0	0	313	0	0	
314	0	0	314	0	0	314	0	0	314	0	0	314	0	0	314	0	0	
315	0	0	315	0	0	315	0	0	315	0	0	315	0	0	315	0	0	
316	0	0	316	0	0	316	0	0	316	0	0	316	0	0	316	0	0	
317	0	0	317	0	0	317	0	0	317	0	0	317	0	0	317	0	0	
318	0	0	318	0	0	318	0	0	318	0	0	318	0	0	318	0	0	
319	0	0	319	0	0	319	0	0	319	0	0	319	0	0	319	0	0	
320	0	0	320	0	0	320	0	0	320	0	0	320	0	0	320	0	0	
321	0	0	321	0	0	321	0	0	321	0	0	321	0	0	321	0	0	
322	0	0	322	0	0	322	0	0	322	0	0	322	0	0	322	0	0	
323	0	0	323	0	0	323	0	0	323	0	0	323	0	0	323	0	0	
324	0	0	324	0	0	324	0	0	324	0	0	324	0	0	324	0	0	
325	0	0	325	0	0	325	0	0	325	0	0	325	0	0	325	0	0	
326	0	0	326	0	0	326	0	0	326	0	0	326	0	0	326	0	0	
327	0	0	327	0	0	327	0	0	327	0	0	327	0	0	327	0	0	
328	0	0	328	0	0	328	0	0	328	0	0	328	0	0	328	0	0	
329	0	0	329	0	0	329	0	0	329	0	0	329	0	0	329	0	0	
330	0	0	330	0	0	330	0	0	330	0	0	330	0	0	330	0	0	
331	0	0	331	0	0	331	0	0	331	0	0	331	0	0	331	0	0	
332	0	0	332	0	0	332	0	0	332	0	0	332	0	0	332	0	0	
333	0	0	333	0	0	333	0	0	333	0	0	333	0	0	333	0	0	
334	0	0	334	0	0	334	0	0	334	0	0	334	0	0	334	0	0	
335	0	0	335	0	0	335	0	0	335	0	0	335	0	0	335	0	0	
336	0	0	336	0	0	336	0	0	336	0	0	336	0	0	336	0	0	
337	0	0	337	0	0	337	0	0	337	0	0	337	0	0	337	0	0	
338	0	0	338	0	0	338	0	0	338	0	0	338	0	0	338	0	0	
339	0	0	339	0	0	339	0	0	339	0	0	339	0	0	339	0	0	
340	0	0	340	0	0	340	0	0	340	0	0	340	0	0	340	0	0	
341	0	0	341	0	0	341	0	0	341	0	0	341	0	0	341	0	0	
342	0	0	342	0	0	342	0	0	342	0	0	342	0	0	342	0	0	
343	0	0	343	0	0	343	0	0	343	0	0	343	0	0	343	0	0	
344	0	0	344	0	0	344	0	0	344	0	0	344	0	0	344	0	0	
345	0	0	345	0	0	345	0	0	345	0	0	345	0	0	345	0	0	
346	0	0	346	0	0	346	0	0	346	0	0	346	0	0	346	0	0	
347	0	0	347	0	0	347	0	0	347	0	0	347	0	0	347	0	0	
348	0	0	348	0	0	348	0	0	348	0	0	348	0	0	348	0	0	
349	0	0	349	0	0	349	0	0	349	0	0	349	0	0	349	0	0	
350	0	0	350	0	0	350	0	0	350	0	0	350	0	0	350	0	0	
351	0	0	351	0	0	351	0	0	351	0	0	351	0	0	351	0	0	
352	0	0	352	0	0	352	0	0	352	0	0	352	0	0	352	0	0	
353	0	0	353	0	0	353	0	0	353	0	0	353	0	0	353	0	0	
354	0	0	354	0	0	354	0	0	354	0	0	354	0	0	354	0	0	
355	0	0	355	0	0	355	0	0	355	0	0	355	0	0	355	0	0	
356	0	0	356	0	0	356	0	0	356	0	0	356	0	0	356	0	0	
357	0	0	357	0	0	357	0	0	357	0	0	357	0	0	357	0	0	
358	0	0	358	0	0	358	0	0	358	0	0	358	0	0	358	0	0	
359	0	0	359	0	0	359	0	0	359	0	0	359	0	0	359	0	0	
360	0	0	360	0	0	360	0	0	360	0	0	360	0	0	360	0	0	
361	0	0	361	0	0	361	0	0	361	0	0	361	0	0	361	0	0	
362	0	0	362	0	0	362	0	0	362	0	0	362	0	0	362	0	0	
363	0	0	363	0	0	363	0	0	363	0	0	363	0	0	363	0	0	
364	0	0	364	0	0	364	0	0	364	0	0	364	0	0	364	0	0	
365	0	0	365	0	0	365	0	0	365	0	0	365	0	0	365	0	0	
366	0	0	366	0	0	366	0	0	366	0	0	366	0	0	366	0	0	
367	0	0	367	0	0	367	0	0	367	0	0	367	0	0	367	0	0	
368	0	0	368	0	0	368	0	0	368	0	0	368	0	0	368	0	0	
369	0	0	369	0	0	369	0	0	369	0	0	369	0	0	369	0	0	
370	0	0	370	0	0	370	0	0	370	0	0	370	0	0	370	0	0	
371	0	0	371	0	0	371	0	0	371	0	0	371	0	0	371	0	0	
372	0	0	372	0	0	372	0	0	372	0	0	372	0	0	372	0	0	
373	0	0	373	0	0	373	0	0	373	0	0	373	0	0	373	0	0	
374	0	0	374	0	0	374	0	0	374	0	0	374	0	0	374	0	0	
375	0	0	375	0	0	375	0	0	375	0	0	375	0	0	375	0	0	
376	0	0	376	0	0	376	0	0	376	0	0	376	0	0	376	0	0	
377	0	0	377	0	0	377	0	0	377	0	0	377	0	0	377	0	0	
378	0	0	378	0	0	378	0	0	378	0	0	378	0	0	378	0	0	
379	0	0	379	0	0	379	0	0	379	0	0	379	0	0	379	0	0	
380	0	0	380	0	0	380	0	0	380	0	0	380	0	0	380	0	0	
381	0	0	381	0	0	381	0	0	381	0	0	381	0	0	381	0	0	
382	0	0	382	0	0	382	0	0	382	0	0	382	0	0	382	0	0	
383	0	0	383	0	0	383	0	0	383	0	0	383	0	0	383	0	0	
384	0	0	384	0	0	384	0	0	384	0	0	384	0	0	384	0	0	
385	0	0	385	0	0	385	0	0	385	0	0	385	0	0	385	0	0	
386	0	0	386	0	0	386	0	0	386	0	0	386	0	0	386	0	0	
387	0	0	387	0	0	387	0	0	387	0	0	387	0	0	387	0	0	
388	0	0	388	0	0	388	0	0	388	0	0	388	0	0	388	0	0	
389	0	0	389	0	0	389	0	0	389	0	0	389	0	0	389	0	0	
390	0	0	390	0	0	390	0	0	390	0	0	390	0	0	390	0	0	
391	0	0	391	0	0	391	0	0	391	0	0	391	0	0	391	0	0	
392	0	0	392	0	0	392	0	0	392	0	0	392	0	0	392	0	0	
393	0	0	393	0	0	393	0	0	393	0	0	393	0	0	393	0	0	
394	0	0	394	0	0	394	0	0	394	0	0	394	0	0	394	0	0	
395	0	0	395	0	0	395	0	0	395	0	0	395	0	0	395	0	0	
396	0	0	396	0	0	396	0	0	396	0	0	396	0	0	396	0	0	
397	0	0	397	0	0	397	0	0	397	0	0	397	0	0	397	0	0	
398	0	0	398	0	0	398	0	0	398	0	0	398	0	0	398	0	0	
399	0	0	399	0	0	399	0	0	399	0	0	399	0	0	399	0	0	
400	0	0	400	0	0	400	0	0	400	0	0	400	0	0	400	0	0	
401	0	0	401	0	0	401	0	0	401	0	0	401	0	0	401	0	0	
402	0	0	402	0	0	402	0	0	402	0	0	402	0	0	402	0	0	
403	0	0	403	0	0	403	0	0	403	0	0	403	0	0	403	0	0	
404	0	0	404	0	0	404	0	0	404	0	0	404	0	0	404	0	0	
405	0	0	405	0	0	405	0	0	405	0	0	405	0	0	405	0	0	
406	0	0	406	0	0	406	0	0	406	0	0	406	0	0	406	0	0	
407	0	0	407	0	0	407	0	0	407	0	0	407	0	0	407	0	0	
408	0	0	408	0	0	408	0	0	408	0	0	408	0	0	408	0	0	
409	0	0	409	0	0	409	0	0	409	0	0	409	0	0	409	0	0	
410	0	0	410	0	0	410	0	0	410	0	0	410	0	0	410	0	0	
411	0	0	411	0	0	411	0	0	411	0	0	411	0	0	411	0	0	
412	0	0	412	0	0	412	0	0	412	0	0	412	0	0	412	0	0	
413	0	0	413	0	0	413	0	0	413	0	0	413	0	0	413	0	0	
414	0	0	414	0	0	414	0	0	414	0	0	414	0	0	414	0	0	
415	0	0	415	0	0	415	0	0	415	0	0	415	0	0	415	0	0	
416	0	0	416	0	0	416	0	0	416	0	0	416	0	0	416	0	0	
417	0	0	417	0	0	417	0	0	417	0	0	417	0	0	417	0	0	
418	0	0	418	0	0	418	0	0	418	0	0	418	0	0	418	0	0	
419	0	0	419	0	0	419	0	0	419	0	0	419	0	0	419	0	0	
420	0	0	420	0	0	420	0	0	420	0	0	420	0	0	420	0	0	
421	0	0	421	0	0	421	0	0	421	0	0	421	0	0	421	0	0	
422	0	0	422	0	0	422	0	0	422	0	0	422	0	0	422	0	0	
423	0	0	423	0	0	423	0	0	423	0	0	423	0	0	423	0	0	
424	0	0	424	0	0	424	0	0	424	0	0	424	0	0	424	0	0	
425	0	0	425	0	0	425	0	0	425	0	0	425	0	0	425	0	0	
426	0	0	426	0	0	426	0	0	426	0	0	426	0	0	426	0	0	
427	0	0	427	0	0	427	0	0	427	0	0	427	0	0	427	0	0	
428	0	0	428	0	0	428	0	0	428	0	0	428	0	0	428	0	0	
429	0	0	429	0	0	429	0	0	429	0	0	429	0	0	429	0	0	
430	0	0	430	0	0	430	0	0	430	0	0	430	0	0	430	0	0	
431	0	0	431	0	0	431	0	0	431	0	0	431	0	0	431	0	0	
432	0	0	432	0	0	432	0	0	432	0	0	432	0	0	432	0	0	
433	0	0	433	0	0	433	0	0	433	0	0	433	0	0	433	0	0	
434	0	0	434	0	0	434	0	0	434	0	0	434	0	0	434	0	0	
435	0	0	435	0	0	435	0	0	435	0	0	435	0	0	435	0	0	
436	0	0	436	0	0	436	0	0	436	0	0	436	0	0	436	0	0	
437	0	0	437	0	0	437	0	0	437	0	0	437	0	0	437	0	0	
438	0	0	438	0	0	438	0	0	438	0	0	438	0	0	438	0	0	
439	0	0	439	0	0	439	0	0	439	0	0	439	0	0	439	0	0	
440	0	0	440	0	0	440	0	0	440	0	0	440	0	0	440	0	0	
441	0	0	441	0	0	441	0	0	441	0	0	441	0	0	441	0	0	
442	0	0	442	0	0	442	0	0	442	0	0	442	0	0	442	0	0	
443	0	0	443	0	0	443	0	0	443	0	0	443	0	0	443	0	0	
444	0	0	444	0	0	444	0	0	444	0	0	444	0	0	444	0	0	
445	0	0	445	0	0	445	0	0	445	0	0	445	0	0	445	0	0	
446	0	0	446	0	0	446	0	0	446	0	0	446	0	0	446	0	0	
447	0	0	447	0	0	447	0	0	447	0	0	447	0	0	447	0	0	
448	0	0	448	0	0	448	0	0	448	0	0	448	0	0	448	0	0	
449	0	0	449	0	0	449	0	0	449	0	0	449	0	0	449	0	0	
450	0	0	450	0	0	450	0	0	450	0	0	450	0	0	450	0	0	
451	0	0	451	0	0	451	0	0	451	0	0	451	0	0	451	0	0	
452	0	0	452	0	0	452	0	0	452	0	0	452	0	0	452	0	0	
453	0	0	453	0	0	453	0	0	453	0	0	453	0	0	453	0	0	
454	0	0	454	0	0	454	0	0	454	0	0	454	0	0	454	0	0	
455	0	0	455	0	0	455	0	0	455	0	0	455	0	0	455	0	0	
456	0	0	456	0	0	456	0	0	456	0	0	456	0	0	456	0	0	
457	0	0	457	0	0	457	0	0	457	0	0	457	0	0	457	0	0	
458	0	0	458	0	0	458	0	0	458	0	0	458	0	0	458	0	0	
459	0	0	459	0	0	459	0	0	459	0	0	459	0	0	459	0	0	
460	0	0	460	0	0	460	0	0	460	0	0	460	0	0	460	0	0	
461	0.0468363	0	461	-0.0577129	0	461	-0.00403937	0	461	-0.1	0	461	-0.1	0	461	0.1	0	
462	0.0368978	0	462	-0.1	0	462	0.00457343	0	462	-0.1	0	462	-0.0613811	0	462	0.049247	0	
463	-0.00143161	0	463	-0.1	0	463	-0.00250977	0	463	-0.1	0	463	0.000529875	0	463	-0.0882598	0	
464	0	0	464	0	0	464	0	0	464	0	0	464	0	0	464	0	0	
465	0	0	465	0	0	465	0	0	465	0	0	465	0	0	465	0	0	
466	-0.00781277	0	466	-0.1	0	466	-0.0056538	0	466	-0.1	0	466	0.0382714	0	466	-0.1	0	
467	-0.0373076	0	467	-0.1	0	467	-0.00506389	0	467	-0.1	0	467	0.0707517	0	467	-0.1	0	
468	0	0	468	0	0	468	0	0	468	0	0	468	0	0	468	0	0	
469	-0.00851961	0	469	-0.0623385	0	469	-0.00308141	0	469	-0.0740949	0	469	0.0513272	0	469	-0.1	0	
470	-0.00255333	0	470	-0.0593978	0	470	-0.00438758	0	470	-0.0690965	0	470	0.0423511	0	470	-0.1	0	
471	-0.00143368	0	471	-0.0602275	0	471	-0.00420177	0	471	-0.0690457	0	471	0.0406212	0	471	-0.1	0	
472	-0.00153756	0	472	-0.0601908	0	472	-0.00400334	0	472	-0.0687439	0	472	0.0411056	0	472	-0.1	0	
473	-0.00139987	0	473	-0.0607532	0	473	-0.00407688	0	473	-0.0695572	0	473	0.0403493	0	473	-0.1	0	
474	-0.00118076	0	474	-0.0611437	0	474	-0.00432388	0	474	-0.0701553	0	474	0.039435	0	474	-0.1	0	
475	-0.00114404	0	475	-0.061678	0	475	-0.00463282	0	475	-0.0713064	0	475	0.0386048	0	475	-0.1	0	
476	-0.0015524	0	476	-0.0613885	0	476	-0.00467777	0	476	-0.0712566	0	476	0.0393807	0	476	-0.1	0	
477	-0.00135037	0	477	-0.0615176	0	477	-0.00473294	0	477	-0.0713699	0	477	0.0389474	0	477	-0.1	0	
478	-0.00123032	0	478	-0.0614182	0	478	-0.0047125	0	478	-0.0711188	0	478	0.0388621	0	478	-0.1	0	
479	-0.00122025	0	479	-0.061344	0	479	-0.00464093	0	479	-0.0708845	0	479	0.0390292	0	479	-0.1	0	
480	-0.000935702	0	480	-0.0613271	0	480	-0.00457757	0	480	-0.0706178	0	480	0.0388093	0	480	-0.1	0	
481	-0.000818701	0	481	-0.0609366	0	481	-0.00436872	0	481	-0.0697926	0	481	0.0392532	0	481	-0.1	0	
482	-0.000720129	0	482	-0.0606596	0	482	-0.00423357	0	482	-0.069224	0	482	0.0394991	0	482	-0.1	0	
483	-0.00113212	0	483	-0.0613287	0	483	-0.00438221	0	483	-0.0704075	0	483	0.0392317	0	483	-0.1	0	
484	-0.0016719	0	484	-0.0615692	0	484	-0.00456054	0	484	-0.0713541	0	484	0.0395203	0	484	-0.1	0	
485	-0.00149198	0	485	-0.0616267	0	485	-0.00475705	0	485	-0.0716835	0	485	0.0390232	0	485	-0.1	0	
486	-0.00124781	0	486	-0.0618258	0	486	-0.00488381	0	486	-0.0720109	0	486	0.0384069	0	486	-0.1	0	
487	-0.0013708	0	487	-0.0616498	0	487	-0.0048937	0	487	-0.0718467	0	487	0.0387138	0	487	-0.1	0	
488	-0.0015889	0	488	-0.0615781	0	488	-0.00483169	0	488	-0.0717756	0	488	0.0391484	0	488	-0.1	0	
489	-0.00100604	0	489	-0.0620217	0	489	-0.00492164	0	489	-0.0721579	0	489	0.037762	0	489	-0.1	0	
490	-0.00120035	0	490	-0.0619097	0	490	-0.00485339	0	490	-0.0720212	0	490	0.0382486	0	490	-0.1	0	
491	-0.00137174	0	491	-0.061761	0	491	-0.00479307	0	491	-0.0718313	0	491	0.0386859	0	491	-0.1	0	
492	-0.00136996	0	492	-0.0617468	0	492	-0.00478648	0	492	-0.0718177	0	492	0.0386942	0	492	-0.1	0	
493	-0.00118075	0	493	-0.0619919	0	493	-0.00485648	0	493	-0.0721667	0	493	0.0381274	0	493	-0.1	0	
494	-0.0012164	0	494	-0.0619103	0	494	-0.00482389	0	494	-0.0720219	0	494	0.0382837	0	494	-0.1	0	
495	-0.0012645	0	495	-0.0618114	0	495	-0.00479327	0	495	-0.0718587	0	495	0.0384642	0	495	-0.1	0	
496	-0.00127012	0	496	-0.0618556	0	496	-0.00479951	0	496	-0.0719382	0	496	0.0384328	0	496	-0.1	0	
497	-0.00135292	0	497	-0.0617759	0	497	-0.0047676	0	497	-0.0718369	0	497	0.0386621	0	497	-0.1	0	
498	-0.00128001	0	498	-0.0618599	0	498	-0.00479781	0	498	-0.0719507	0	498	0.0384461	0	498	-0.1	0	
499	-0.00128866	0	499	-0.0618402	0	499	-0.00479286	0	499	-0.0719229	0	499	0.0384771	0	499	-0.1	0	
500	-0.00126905	0	500	-0.0618729	0	500	-0.00481122	0	500	-0.0719892	0	500	0.0384008	0	500	-0.1	0	
501	-0.00119404	0	501	-0.0619311	0	501	-0.00482949	0	501	-0.07205	0	501	0.0382208	0	501	-0.1	0	
502	-0.00117165	0	502	-0.0619477	0	502	-0.004842	0	502	-0.0720834	0	502	0.0381629	0	502	-0.1	0	
503	-0.00122044	0	503	-0.0619064	0	503	-0.00482393	0	503	-0.0720254	0	503	0.0383004	0	503	-0.1	0	
504	-0.0011161	0	504	-0.0619889	0	504	-0.00485425	0	504	-0.0721138	0	504	0.0380234	0	504	-0.1	0	
505	-0.00115322	0	505	-0.061968	0	505	-0.00483974	0	505	-0.0720803	0	505	0.0381175	0	505	-0.1	0	
506	-0.00122911	0	506	-0.0618994	0	506	-0.00482202	0	506	-0.0720033	0	506	0.0383136	0	506	-0.1	0	
507	-0.00121961	0	507	-0.0619361	0	507	-0.0048299	0	507	-0.0720633	0	507	0.0382683	0	507	-0.1	0	
508	-0.00122053	0	508	-0.0619363	0	508	-0.00483504	0	508	-0.0720801	0	508	0.0382688	0	508	-0.1	0	
509	-0.00126868	0	509	-0.061923	0	509	-0.00482777	0	509	-0.0720767	0	509	0.0383714	0	509	-0.1	0	
510	-0.00131888	0	510	-0.0618527	0	510	-0.00481177	0	510	-0.0719858	0	510	0.038524	0	510	-0.1	0	
511	-0.0013644	0	511	-0.0618007	0	511	-0.00479511	0	511	-0.0719134	0	511	0.0386461	0	511	-0.1	0	
512	-0.00137883	0	512	-0.0617862	0	512	-0.00479175	0	512	-0.0718971	0	512	0.0386912	0	512	-0.1	0	
513	-0.00136589	0	513	-0.0617603	0	513	-0.00478905	0	513	-0.0718451	0	513	0.038691	0	513	-0.1	0	
514	-0.00135769	0	514	-0.0617653	0	514	-0.00478937	0	514	-0.0718489	0	514	0.0386699	0	514	-0.1	0	
515	-0.00138233	0	515	-0.0617799	0	515	-0.00479348	0	515	-0.0718981	0	515	0.0387001	0	515	-0.1	0	
516	-0.0013567	0	516	-0.0617909	0	516	-0.00479741	0	516	-0.0719036	0	516	0.0386392	0	516	-0.1	0	
517	-0.00136868	0	517	-0.0617894	0	517	-0.00479518	0	517	-0.0719074	0	517	0.0386629	0	517	-0.1	0	
518	-0.00137556	0	518	-0.0617757	0	518	-0.00478803	0	518	-0.0718761	0	518	0.0386907	0	518	-0.1	0	
519	-0.00132858	0	519	-0.0618104	0	519	-0.00479873	0	519	-0.0719081	0	519	0.0385712	0	519	-0.1	0	
520	-0.00128931	0	520	-0.0618275	0	520	-0.004804	0	520	-0.0719151	0	520	0.0384906	0	520	-0.1	0	
521	-0.00128601	0	521	-0.0618267	0	521	-0.0048037	0	521	-0.0719077	0	521	0.0384862	0	521	-0.1	0	
522	-0.00127506	0	522	-0.0618435	0	522	-0.00480643	0	522	-0.0719317	0	522	0.0384502	0	522	-0.1	0	
523	-0.00125741	0	523	-0.0618873	0	523	-0.00481615	0	523	-0.0720085	0	523	0.0383805	0	523	-0.1	0	
524	-0.00129161	0	524	-0.0618194	0	524	-0.00480264	0	524	-0.0719049	0	524	0.0385019	0	524	-0.1	0	
525	-0.00126722	0	525	-0.0618631	0	525	-0.00481692	0	525	-0.0719757	0	525	0.038406	0	525	-0.1	0	
526	-0.00129337	0	526	-0.0618676	0	526	-0.00481838	0	526	-0.0719969	0	526	0.0384502	0	526	-0.1	0	
527	-0.00132098	0	527	-0.0618574	0	527	-0.00481566	0	527	-0.0720005	0	527	0.0385136	0	527	-0.1	0	
528	-0.00127149	0	528	-0.0618987	0	528	-0.00482726	0	528	-0.072045	0	528	0.0383915	0	528	-0.1	0	
529	-0.0013127	0	529	-0.0618654	0	529	-0.00481768	0	529	-0.0720081	0	529	0.0384955	0	529	-0.1	0	
530	-0.00130862	0	530	-0.0618365	0	530	-0.00481433	0	530	-0.0719571	0	530	0.0385078	0	530	-0.1	0	
531	-0.00130911	0	531	-0.0618608	0	531	-0.00481877	0	531	-0.0720024	0	531	0.0384897	0	531	-0.1	0	
532	-0.00130505	0	532	-0.0618653	0	532	-0.00481988	0	532	-0.0720129	0	532	0.0384852	0	532	-0.1	0	
533	-0.00132976	0	533	-0.0618214	0	533	-0.00481218	0	533	-0.07195	0	533	0.0385583	0	533	-0.1	0	
534	-0.00126129	0	534	-0.061874	0	534	-0.00482682	0	534	-0.0720053	0	534	0.038389	0	534	-0.1	0	
535	-0.00120206	0	535	-0.0619149	0	535	-0.00483864	0	535	-0.0720378	0	535	0.0382433	0	535	-0.1	0	
536	-0.00117119	0	536	-0.061942	0	536	-0.00484674	0	536	-0.0720733	0	536	0.038157	0	536	-0.1	0	
537	-0.00122382	0	537	-0.0619035	0	537	-0.00483769	0	537	-0.0720362	0	537	0.038281	0	537	-0.1	0	
538	-0.00121484	0	538	-0.0619498	0	538	-0.00484451	0	538	-0.0721157	0	538	0.038223	0	538	-0.1	0	
539	-0.00124713	0	539	-0.0619129	0	539	-0.00484223	0	539	-0.0720824	0	539	0.0383016	0	539	-0.1	0	
540	-0.00122839	0	540	-0.0619065	0	540	-0.00484414	0	540	-0.0720666	0	540	0.0382792	0	540	-0.1	0	
541	-0.00123738	0	541	-0.0618935	0	541	-0.00484179	0	541	-0.0720509	0	541	0.0383053	0	541	-0.1	0	
542	-0.00126172	0	542	-0.0618532	0	542	-0.00483384	0	542	-0.0719915	0	542	0.0383873	0	542	-0.1	0	
543	-0.00120418	0	543	-0.0619127	0	543	-0.00485019	0	543	-0.0720557	0	543	0.0382356	0	543	-0.1	0	
544	-0.00119364	0	544	-0.0619039	0	544	-0.00485285	0	544	-0.0720419	0	544	0.0382183	0	544	-0.1	0	
545	-0.00119431	0	545	-0.0619285	0	545	-0.0048564	0	545	-0.0720863	0	545	0.0381968	0	545	-0.1	0	
546	-0.00117624	0	546	-0.0619654	0	546	-0.00486563	0	546	-0.0721474	0	546	0.0381323	0	546	-0.1	0	
547	-0.00121784	0	547	-0.0619257	0	547	-0.00485557	0	547	-0.0721007	0	547	0.0382463	0	547	-0.1	0	
548	-0.00126512	0	548	-0.0618675	0	548	-0.0048417	0	548	-0.0720348	0	548	0.0383895	0	548	-0.1	0	
549	-0.00129187	0	549	-0.0618523	0	549	-0.00484112	0	549	-0.0720215	0	549	0.0384465	0	549	-0.1	0	
550	-0.0012927	0	550	-0.0618567	0	550	-0.00484271	0	550	-0.0720277	0	550	0.0384403	0	550	-0.1	0	
551	-0.0013145	0	551	-0.0618325	0	551	-0.00484102	0	551	-0.0720031	0	551	0.0384949	0	551	-0.1	0	
552	-0.00130654	0	552	-0.0618792	0	552	-0.00484758	0	552	-0.0720803	0	552	0.0384426	0	552	-0.1	0	
553	-0.00128148	0	553	-0.0619074	0	553	-0.00485577	0	553	-0.0721182	0	553	0.0383713	0	553	-0.1	0	
554	-0.00128908	0	554	-0.0618942	0	554	-0.00485148	0	554	-0.072091	0	554	0.0384028	0	554	-0.1	0	
555	-0.00130928	0	555	-0.0618556	0	555	-0.00484263	0	555	-0.0720365	0	555	0.0384671	0	555	-0.1	0	
556	-0.00125385	0	556	-0.0618933	0	556	-0.00485359	0	556	-0.0720619	0	556	0.0383338	0	556	-0.1	0	
557	-0.00122562	0	557	-0.0619157	0	557	-0.0048628	0	557	-0.0720908	0	557	0.0382674	0	557	-0.1	0	
558	-0.00127319	0	558	-0.0618443	0	558	-0.0048488	0	558	-0.0720019	0	558	0.0384115	0	558	-0.1	0	
559	-0.00133127	0	559	-0.0617803	0	559	-0.00483116	0	559	-0.0719228	0	559	0.0385695	0	559	-0.1	0	
560	-0.00133384	0	560	-0.0617805	0	560	-0.00482878	0	560	-0.0719182	0	560	0.0385807	0	560	-0.1	0	
561	-0.00133245	0	561	-0.0618005	0	561	-0.00483111	0	561	-0.0719504	0	561	0.0385613	0	561	-0.1	0	
562	-0.00132411	0	562	-0.0618016	0	562	-0.00483128	0	562	-0.0719522	0	562	0.0385472	0	562	-0.1	0	
563	-0.00136144	0	563	-0.0617638	0	563	-0.0048203	0	563	-0.0719068	0	563	0.0386382	0	563	-0.1	0	
564	-0.00138222	0	564	-0.0617263	0	564	-0.00481002	0	564	-0.0718467	0	564	0.0387159	0	564	-0.1	0	
565	-0.00142459	0	565	-0.0616896	0	565	-0.00479626	0	565	-0.0717986	0	565	0.0388226	0	565	-0.1	0	
566	-0.00141369	0	566	-0.061726	0	566	-0.0047991	0	566	-0.0718515	0	566	0.0387747	0	566	-0.1	0	
567	-0.00138814	0	567	-0.0617555	0	567	-0.00480453	0	567	-0.0718819	0	567	0.0387112	0	567	-0.1	0	
568	-0.00134747	0	568	-0.0618127	0	568	-0.00481834	0	568	-0.0719487	0	568	0.0385857	0	568	-0.1	0	
569	-0.00135112	0	569	-0.0618488	0	569	-0.00482505	0	569	-0.0720266	0	569	0.038556	0	569	-0.1	0	
570	-0.00136105	0	570	-0.0618318	0	570	-0.00482261	0	570	-0.0720009	0	570	0.0385901	0	570	-0.1	0	
571	-0.00129555	0	571	-0.0619074	0	571	-0.00483662	0	571	-0.07209	0	571	0.0384061	0	571	-0.1	0	
572	-0.00123282	0	572	-0.0619375	0	572	-0.00484379	0	572	-0.0720968	0	572	0.0382676	0	572	-0.1	0	
573	-0.0012447	0	573	-0.0618948	0	573	-0.00483865	0	573	-0.0720373	0	573	0.0383322	0	573	-0.1	0	
574	-0.00121898	0	574	-0.0619514	0	574	-0.00485399	0	574	-0.0721346	0	574	0.0382319	0	574	-0.1	0	
575	-0.00121363	0	575	-0.0619343	0	575	-0.00485175	0	575	-0.0720996	0	575	0.0382377	0	575	-0.1	0	
576	-0.00119709	0	576	-0.0619485	0	576	-0.00485505	0	576	-0.0721093	0	576	0.0381987	0	576	-0.1	0	
577	-0.00120962	0	577	-0.0619279	0	577	-0.0048519	0	577	-0.0720898	0	577	0.038241	0	577	-0.1	0	
578	-0.00119201	0	578	-0.0619661	0	578	-0.00485905	0	578	-0.0721516	0	578	0.0381754	0	578	-0.1	0	
579	-0.00119316	0	579	-0.0619267	0	579	-0.00485362	0	579	-0.0720891	0	579	0.0382176	0	579	-0.1	0	
580	-0.00124079	0	580	-0.0618903	0	580	-0.0048455	0	580	-0.0720477	0	580	0.0383278	0	580	-0.1	0	
581	-0.00126817	0	581	-0.0618451	0	581	-0.00483578	0	581	-0.0719855	0	581	0.0384178	0	581	-0.1	0	
582	-0.00124277	0	582	-0.0618544	0	582	-0.00483849	0	582	-0.0719811	0	582	0.0383683	0	582	-0.1	0	
583	-0.00129825	0	583	-0.0618044	0	583	-0.00482853	0	583	-0.0719358	0	583	0.038504	0	583	-0.1	0	
584	-0.00132942	0	584	-0.061795	0	584	-0.00482781	0	584	-0.0719427	0	584	0.0385692	0	584	-0.1	0	
585	-0.00128775	0	585	-0.0618322	0	585	-0.00483711	0	585	-0.0719805	0	585	0.0384565	0	585	-0.1	0	
586	-0.00122734	0	586	-0.0618859	0	586	-0.00484859	0	586	-0.0720331	0	586	0.0382963	0	586	-0.1	0	
587	-0.00126427	0	587	-0.0618732	0	587	-0.00484411	0	587	-0.0720364	0	587	0.0383698	0	587	-0.1	0	
588	-0.00129779	0	588	-0.0618543	0	588	-0.00483721	0	588	-0.0720217	0	588	0.0384512	0	588	-0.1	0	
589	-0.00128019	0	589	-0.0618699	0	589	-0.00484129	0	589	-0.0720395	0	589	0.0384043	0	589	-0.1	0	
590	-0.00131385	0	590	-0.0618225	0	590	-0.00482672	0	590	-0.0719685	0	590	0.0385093	0	590	-0.1	0	
591	-0.00133995	0	591	-0.061816	0	591	-0.00482299	0	591	-0.0719762	0	591	0.038561	0	591	-0.1	0	
592	-0.00137225	0	592	-0.0618003	0	592	-0.00481579	0	592	-0.0719644	0	592	0.0386324	0	592	-0.1	0	
593	-0.00137901	0	593	-0.0617882	0	593	-0.00481243	0	593	-0.0719382	0	593	0.0386521	0	593	-0.1	0	
594	-0.00139838	0	594	-0.0617651	0	594	-0.0048043	0	594	-0.0719076	0	594	0.0387136	0	594	-0.1	0	
595	-0.00142137	0	595	-0.0617683	0	595	-0.00480205	0	595	-0.0719252	0	595	0.0387491	0	595	-0.1	0	
596	-0.0014342	0	596	-0.0617462	0	596	-0.00479732	0	596	-0.071899	0	596	0.0387968	0	596	-0.1	0	
597	-0.00147102	0	597	-0.0617041	0	597	-0.00478502	0	597	-0.0718373	0	597	0.0389001	0	597	-0.1	0	
598	-0.00138077	0	598	-0.0618191	0	598	-0.00481105	0	598	-0.0719814	0	598	0.0386414	0	598	-0.1	0	
599	-0.0013025	0	599	-0.061912	0	599	-0.00483052	0	599	-0.0720913	0	599	0.0384188	0	599	-0.1	0	
600	-0.00131388	0	600	-0.0618865	0	600	-0.00482522	0	600	-0.0720564	0	600	0.0384605	0	600	-0.1	0	
601	-0.00135479	0	601	-0.0618713	0	601	-0.00482152	0	601	-0.0720563	0	601	0.0385469	0	601	-0.1	0	
602	-0.00138945	0	602	-0.0618511	0	602	-0.00481702	0	602	-0.0720513	0	602	0.0386259	0	602	-0.1	0	
603	-0.00140335	0	603	-0.0618218	0	603	-0.00481306	0	603	-0.0720133	0	603	0.038676	0	603	-0.1	0	
604	-0.00142905	0	604	-0.0617928	0	604	-0.00480578	0	604	-0.0719753	0	604	0.038746	0	604	-0.1	0	
605	-0.00139052	0	605	-0.0617962	0	605	-0.00480709	0	605	-0.0719481	0	605	0.0386827	0	605	-0.1	0	
606	-0.00129468	0	606	-0.0619	0	606	-0.0048302	0	606	-0.0720739	0	606	0.0384224	0	606	-0.1	0	
607	-0.00123306	0	607	-0.0619798	0	607	-0.00484942	0	607	-0.0721783	0	607	0.0382282	0	607	-0.1	0	
608	-0.00123125	0	608	-0.0619496	0	608	-0.0048425	0	608	-0.0721222	0	608	0.038261	0	608	-0.1	0	
609	-0.00123018	0	609	-0.0619345	0	609	-0.00484248	0	609	-0.0720964	0	609	0.0382695	0	609	-0.1	0	
610	-0.00123142	0	610	-0.0619267	0	610	-0.00484019	0	610	-0.0720838	0	610	0.0382795	0	610	-0.1	0	
611	-0.00123863	0	611	-0.0619158	0	611	-0.00483807	0	611	-0.0720723	0	611	0.0383005	0	611	-0.1	0	
612	-0.00123261	0	612	-0.061934	0	612	-0.00484159	0	612	-0.0720987	0	612	0.0382745	0	612	-0.1	0	
613	-0.00125067	0	613	-0.0618954	0	613	-0.00483885	0	613	-0.0720466	0	613	0.0383371	0	613	-0.1	0	
614	-0.00126848	0	614	-0.0618742	0	614	-0.00483589	0	614	-0.0720193	0	614	0.0383885	0	614	-0.1	0	
615	-0.001163	0	615	-0.0619656	0	615	-0.00485872	0	615	-0.0721199	0	615	0.0381243	0	615	-0.1	0	
616	-0.00119714	0	616	-0.0619347	0	616	-0.0048478	0	616	-0.0720761	0	616	0.0382152	0	616	-0.1	0	
617	-0.00120751	0	617	-0.0619137	0	617	-0.00484517	0	617	-0.0720448	0	617	0.0382496	0	617	-0.1	0	
618	-0.00120218	0	618	-0.0619216	0	618	-0.00484682	0	618	-0.072054	0	618	0.0382347	0	618	-0.1	0	
619	-0.00122072	0	619	-0.061906	0	619	-0.00484352	0	619	-0.0720456	0	619	0.0382778	0	619	-0.1	0	
620	-0.00123816	0	620	-0.0618874	0	620	-0.00483887	0	620	-0.0720213	0	620	0.0383275	0	620	-0.1	0	
621	-0.00127497	0	621	-0.0618501	0	621	-0.00483312	0	621	-0.0719904	0	621	0.0384232	0	621	-0.1	0	
622	-0.00128471	0	622	-0.0618414	0	622	-0.0048308	0	622	-0.0719753	0	622	0.0384439	0	622	-0.1	0	
623	-0.00131049	0	623	-0.0618212	0	623	-0.0048234	0	623	-0.0719584	0	623	0.0385076	0	623	-0.1	0	
624	-0.00134987	0	624	-0.061811	0	624	-0.0048196	0	624	-0.0719693	0	624	0.0385949	0	624	-0.1	0	
625	-0.00135439	0	625	-0.0618105	0	625	-0.0048179	0	625	-0.0719623	0	625	0.038604	0	625	-0.1	0	
626	-0.00132731	0	626	-0.0618243	0	626	-0.00482247	0	626	-0.0719673	0	626	0.0385508	0	626	-0.1	0	
627	-0.00135087	0	627	-0.0618517	0	627	-0.00482887	0	627	-0.0720434	0	627	0.0385627	0	627	-0.1	0	
628	-0.00138704	0	628	-0.0618087	0	628	-0.00481724	0	628	-0.071985	0	628	0.0386639	0	628	-0.1	0	
629	-0.00142193	0	629	-0.0617531	0	629	-0.00480445	0	629	-0.0719075	0	629	0.0387733	0	629	-0.1	0	
630	-0.00141444	0	630	-0.0617684	0	630	-0.00480439	0	630	-0.071918	0	630	0.0387497	0	630	-0.1	0	
631	-0.00131604	0	631	-0.0618923	0	631	-0.00483178	0	631	-0.0720846	0	631	0.0384618	0	631	-0.1	0	
632	-0.00136196	0	632	-0.0618171	0	632	-0.00481468	0	632	-0.0719782	0	632	0.0386105	0	632	-0.1	0	
633	-0.00135776	0	633	-0.061823	0	633	-0.00481501	0	633	-0.0719821	0	633	0.0385953	0	633	-0.1	0	
634	-0.00135486	0	634	-0.0617997	0	634	-0.00481333	0	634	-0.07194	0	634	0.0386081	0	634	-0.1	0	
635	-0.00133111	0	635	-0.0618268	0	635	-0.00481878	0	635	-0.0719691	0	635	0.0385421	0	635	-0.1	0	
636	-0.00134469	0	636	-0.06185	0	636	-0.00482232	0	636	-0.072022	0	636	0.0385504	0	636	-0.1	0	
637	-0.0013602	0	637	-0.0618352	0	637	-0.00481714	0	637	-0.0720068	0	637	0.0386	0	637	-0.1	0	
638	-0.00133944	0	638	-0.0618273	0	638	-0.00481756	0	638	-0.0719774	0	638	0.0385668	0	638	-0.1	0	
639	-0.00127672	0	639	-0.0619324	0	639	-0.00483373	0	639	-0.0721168	0	639	0.038358	0	639	-0.1	0	
640	-0.00128091	0	640	-0.0619265	0	640	-0.00483087	0	640	-0.0721124	0	640	0.0383769	0	640	-0.1	0	
641	-0.00121157	0	641	-0.0620132	0	641	-0.00485057	0	641	-0.0722181	0	641	0.0381704	0	641	-0.1	0	
642	-0.00118819	0	642	-0.0620416	0	642	-0.00485994	0	642	-0.0722564	0	642	0.0381014	0	642	-0.1	0	
643	-0.00122784	0	643	-0.061977	0	643	-0.00484872	0	643	-0.0721758	0	643	0.0382321	0	643	-0.1	0	
